Experiment = FASERv | seed 2 | Neutrino = -14 | Exp. Target density (nucleons / cm3) = 10^(25.1) | Exp. Target Length = 100 cm | Total Events = 319.6 |        del_theta = 0.06 mrad, theta_max = 25.0 mrad |        del_Elepton = 30.0 % , Elepton_min = 100.00 GeV, Elepton_max = 10000.00 GeV|        del_Ehadron = 30.0 %, Ehadron_min = 100.00 GeV GeV, Ehadron_max = 10000.00 GeV
x_lower         x_upper         x_avg          Q2_lower[GeV^2]      Q2_upper[GeV^2]      Q2_avg[GeV^2]       E_nu_lower[GeV]      E_nu_upper[GeV]      E_nu_avg[GeV]       d^sigma/dxdQ2(x_avg,Q2_avg,Enu_avg) pb / GeV^2         N_events        N_events_errs = Sqrt[N_events]     N_sys_errs          fraction_error_theta      fraction_error_Elepton   fraction_error_Ehadron   MC_Samples 
1.000000e-04    1.373824e-04    nan            4.000000e+00         1.000000e+01         nan                 1.133635e+01         5.698000e+03         nan                 nan                                                    0.000000e+00    nan                                nan                 nan                       nan                      nan                      nan 
1.000000e-04    1.373824e-04    nan            1.000000e+01         1.000000e+02         nan                 1.133635e+01         5.698000e+03         nan                 nan                                                    0.000000e+00    nan                                nan                 nan                       nan                      nan                      nan 
1.000000e-04    1.373824e-04    nan            1.000000e+02         1.000000e+03         nan                 1.133635e+01         5.698000e+03         nan                 nan                                                    0.000000e+00    nan                                nan                 nan                       nan                      nan                      nan 
1.000000e-04    1.373824e-04    nan            1.000000e+03         1.000000e+04         nan                 1.133635e+01         5.698000e+03         nan                 nan                                                    0.000000e+00    nan                                nan                 nan                       nan                      nan                      nan 
1.000000e-04    1.373824e-04    nan            1.000000e+04         1.000000e+05         nan                 1.133635e+01         5.698000e+03         nan                 nan                                                    0.000000e+00    nan                                nan                 nan                       nan                      nan                      nan 
1.373824e-04    1.887392e-04    nan            4.000000e+00         1.000000e+01         nan                 1.133635e+01         5.698000e+03         nan                 nan                                                    0.000000e+00    nan                                nan                 nan                       nan                      nan                      nan 
1.373824e-04    1.887392e-04    nan            1.000000e+01         1.000000e+02         nan                 1.133635e+01         5.698000e+03         nan                 nan                                                    0.000000e+00    nan                                nan                 nan                       nan                      nan                      nan 
1.373824e-04    1.887392e-04    nan            1.000000e+02         1.000000e+03         nan                 1.133635e+01         5.698000e+03         nan                 nan                                                    0.000000e+00    nan                                nan                 nan                       nan                      nan                      nan 
1.373824e-04    1.887392e-04    nan            1.000000e+03         1.000000e+04         nan                 1.133635e+01         5.698000e+03         nan                 nan                                                    0.000000e+00    nan                                nan                 nan                       nan                      nan                      nan 
1.373824e-04    1.887392e-04    nan            1.000000e+04         1.000000e+05         nan                 1.133635e+01         5.698000e+03         nan                 nan                                                    0.000000e+00    nan                                nan                 nan                       nan                      nan                      nan 
1.887392e-04    2.592944e-04    nan            4.000000e+00         1.000000e+01         nan                 1.133635e+01         5.698000e+03         nan                 nan                                                    0.000000e+00    nan                                nan                 nan                       nan                      nan                      nan 
1.887392e-04    2.592944e-04    nan            1.000000e+01         1.000000e+02         nan                 1.133635e+01         5.698000e+03         nan                 nan                                                    0.000000e+00    nan                                nan                 nan                       nan                      nan                      nan 
1.887392e-04    2.592944e-04    nan            1.000000e+02         1.000000e+03         nan                 1.133635e+01         5.698000e+03         nan                 nan                                                    0.000000e+00    nan                                nan                 nan                       nan                      nan                      nan 
1.887392e-04    2.592944e-04    nan            1.000000e+03         1.000000e+04         nan                 1.133635e+01         5.698000e+03         nan                 nan                                                    0.000000e+00    nan                                nan                 nan                       nan                      nan                      nan 
1.887392e-04    2.592944e-04    nan            1.000000e+04         1.000000e+05         nan                 1.133635e+01         5.698000e+03         nan                 nan                                                    0.000000e+00    nan                                nan                 nan                       nan                      nan                      nan 
2.592944e-04    3.562248e-04    nan            4.000000e+00         1.000000e+01         nan                 1.133635e+01         5.698000e+03         nan                 nan                                                    0.000000e+00    nan                                nan                 nan                       nan                      nan                      nan 
2.592944e-04    3.562248e-04    nan            1.000000e+01         1.000000e+02         nan                 1.133635e+01         5.698000e+03         nan                 nan                                                    0.000000e+00    nan                                nan                 nan                       nan                      nan                      nan 
2.592944e-04    3.562248e-04    nan            1.000000e+02         1.000000e+03         nan                 1.133635e+01         5.698000e+03         nan                 nan                                                    0.000000e+00    nan                                nan                 nan                       nan                      nan                      nan 
2.592944e-04    3.562248e-04    nan            1.000000e+03         1.000000e+04         nan                 1.133635e+01         5.698000e+03         nan                 nan                                                    0.000000e+00    nan                                nan                 nan                       nan                      nan                      nan 
2.592944e-04    3.562248e-04    nan            1.000000e+04         1.000000e+05         nan                 1.133635e+01         5.698000e+03         nan                 nan                                                    0.000000e+00    nan                                nan                 nan                       nan                      nan                      nan 
3.562248e-04    4.893901e-04    nan            4.000000e+00         1.000000e+01         nan                 1.133635e+01         5.698000e+03         nan                 nan                                                    0.000000e+00    nan                                nan                 nan                       nan                      nan                      nan 
3.562248e-04    4.893901e-04    nan            1.000000e+01         1.000000e+02         nan                 1.133635e+01         5.698000e+03         nan                 nan                                                    0.000000e+00    nan                                nan                 nan                       nan                      nan                      nan 
3.562248e-04    4.893901e-04    nan            1.000000e+02         1.000000e+03         nan                 1.133635e+01         5.698000e+03         nan                 nan                                                    0.000000e+00    nan                                nan                 nan                       nan                      nan                      nan 
3.562248e-04    4.893901e-04    nan            1.000000e+03         1.000000e+04         nan                 1.133635e+01         5.698000e+03         nan                 nan                                                    0.000000e+00    nan                                nan                 nan                       nan                      nan                      nan 
3.562248e-04    4.893901e-04    nan            1.000000e+04         1.000000e+05         nan                 1.133635e+01         5.698000e+03         nan                 nan                                                    0.000000e+00    nan                                nan                 nan                       nan                      nan                      nan 
4.893901e-04    6.723358e-04    6.579024e-04   4.000000e+00         1.000000e+01         4.846443e+00        1.133635e+01         5.698000e+03         4.285749e+03        8.765994e+00                                           6.761099e-04    2.600211e-02                       0.00067611          0.333333                  0.111111                 0.333333                 6.116000e+04 
4.893901e-04    6.723358e-04    nan            1.000000e+01         1.000000e+02         nan                 1.133635e+01         5.698000e+03         nan                 nan                                                    0.000000e+00    nan                                nan                 nan                       nan                      nan                      nan 
4.893901e-04    6.723358e-04    nan            1.000000e+02         1.000000e+03         nan                 1.133635e+01         5.698000e+03         nan                 nan                                                    0.000000e+00    nan                                nan                 nan                       nan                      nan                      nan 
4.893901e-04    6.723358e-04    nan            1.000000e+03         1.000000e+04         nan                 1.133635e+01         5.698000e+03         nan                 nan                                                    0.000000e+00    nan                                nan                 nan                       nan                      nan                      nan 
4.893901e-04    6.723358e-04    nan            1.000000e+04         1.000000e+05         nan                 1.133635e+01         5.698000e+03         nan                 nan                                                    0.000000e+00    nan                                nan                 nan                       nan                      nan                      nan 
6.723358e-04    9.236709e-04    8.152108e-04   4.000000e+00         1.000000e+01         4.783053e+00        1.133635e+01         5.698000e+03         3.752299e+03        7.263143e+00                                           5.931633e-03    7.701710e-02                       0.000938337         0.101695                  0.19209                  0.288136                 1.888820e+05 
6.723358e-04    9.236709e-04    nan            1.000000e+01         1.000000e+02         nan                 1.133635e+01         5.698000e+03         nan                 nan                                                    0.000000e+00    nan                                nan                 nan                       nan                      nan                      nan 
6.723358e-04    9.236709e-04    nan            1.000000e+02         1.000000e+03         nan                 1.133635e+01         5.698000e+03         nan                 nan                                                    0.000000e+00    nan                                nan                 nan                       nan                      nan                      nan 
6.723358e-04    9.236709e-04    nan            1.000000e+03         1.000000e+04         nan                 1.133635e+01         5.698000e+03         nan                 nan                                                    0.000000e+00    nan                                nan                 nan                       nan                      nan                      nan 
6.723358e-04    9.236709e-04    nan            1.000000e+04         1.000000e+05         nan                 1.133635e+01         5.698000e+03         nan                 nan                                                    0.000000e+00    nan                                nan                 nan                       nan                      nan                      nan 
9.236709e-04    1.268961e-03    1.133993e-03   4.000000e+00         1.000000e+01         5.267991e+00        1.133635e+01         5.698000e+03         3.229578e+03        5.208126e+00                                           2.671801e-02    1.634565e-01                       0.00235446          0.104725                  0.11622                  0.231162                 3.810430e+05 
9.236709e-04    1.268961e-03    1.088849e-03   1.000000e+01         1.000000e+02         1.006790e+01        1.133635e+01         5.698000e+03         5.226446e+03        6.146543e+00                                           9.523843e-05    9.759018e-03                       0.000476192         0.666667                  0.666667                 3.33333                  1.539000e+03 
9.236709e-04    1.268961e-03    nan            1.000000e+02         1.000000e+03         nan                 1.133635e+01         5.698000e+03         nan                 nan                                                    0.000000e+00    nan                                nan                 nan                       nan                      nan                      nan 
9.236709e-04    1.268961e-03    nan            1.000000e+03         1.000000e+04         nan                 1.133635e+01         5.698000e+03         nan                 nan                                                    0.000000e+00    nan                                nan                 nan                       nan                      nan                      nan 
9.236709e-04    1.268961e-03    nan            1.000000e+04         1.000000e+05         nan                 1.133635e+01         5.698000e+03         nan                 nan                                                    0.000000e+00    nan                                nan                 nan                       nan                      nan                      nan 
1.268961e-03    1.743329e-03    1.532895e-03   4.000000e+00         1.000000e+01         5.555860e+00        1.133635e+01         5.698000e+03         2.624487e+03        3.655146e+00                                           8.634872e-02    2.938515e-01                       0.00268346          0.0306513                 0.0242656                0.126011                 5.448920e+05 
1.268961e-03    1.743329e-03    1.591820e-03   1.000000e+01         1.000000e+02         1.135064e+01        1.133635e+01         5.698000e+03         4.433200e+03        4.250327e+00                                           2.581514e-03    5.080860e-02                       0.00186937          0.0344828                 0.103448                 0.563218                 1.179800e+04 
1.268961e-03    1.743329e-03    nan            1.000000e+02         1.000000e+03         nan                 1.133635e+01         5.698000e+03         nan                 nan                                                    0.000000e+00    nan                                nan                 nan                       nan                      nan                      nan 
1.268961e-03    1.743329e-03    nan            1.000000e+03         1.000000e+04         nan                 1.133635e+01         5.698000e+03         nan                 nan                                                    0.000000e+00    nan                                nan                 nan                       nan                      nan                      nan 
1.268961e-03    1.743329e-03    nan            1.000000e+04         1.000000e+05         nan                 1.133635e+01         5.698000e+03         nan                 nan                                                    0.000000e+00    nan                                nan                 nan                       nan                      nan                      nan 
1.743329e-03    2.395027e-03    2.091842e-03   4.000000e+00         1.000000e+01         5.796670e+00        1.133635e+01         5.698000e+03         2.243078e+03        2.696117e+00                                           2.134983e-01    4.620588e-01                       0.0121803           0.0523108                 0.0287794                0.157102                 6.641420e+05 
1.743329e-03    2.395027e-03    2.163688e-03   1.000000e+01         1.000000e+02         1.210922e+01        1.133635e+01         5.698000e+03         3.676218e+03        3.004520e+00                                           1.986889e-02    1.409571e-01                       0.00769789          0.061082                  0.0244328                0.239092                 3.466600e+04 
1.743329e-03    2.395027e-03    nan            1.000000e+02         1.000000e+03         nan                 1.133635e+01         5.698000e+03         nan                 nan                                                    0.000000e+00    nan                                nan                 nan                       nan                      nan                      nan 
1.743329e-03    2.395027e-03    nan            1.000000e+03         1.000000e+04         nan                 1.133635e+01         5.698000e+03         nan                 nan                                                    0.000000e+00    nan                                nan                 nan                       nan                      nan                      nan 
1.743329e-03    2.395027e-03    nan            1.000000e+04         1.000000e+05         nan                 1.133635e+01         5.698000e+03         nan                 nan                                                    0.000000e+00    nan                                nan                 nan                       nan                      nan                      nan 
2.395027e-03    3.290345e-03    2.863256e-03   4.000000e+00         1.000000e+01         6.082277e+00        1.133635e+01         5.698000e+03         1.877927e+03        1.998296e+00                                           4.408714e-01    6.639815e-01                       0.0165424           0.0343322                 0.0157811                0.13246                  7.511680e+05 
2.395027e-03    3.290345e-03    2.920029e-03   1.000000e+01         1.000000e+02         1.331493e+01        1.133635e+01         5.698000e+03         3.155155e+03        2.281684e+00                                           8.797388e-02    2.966039e-01                       0.0215878           0.040326                  0.0557701                0.178035                 7.268600e+04 
2.395027e-03    3.290345e-03    nan            1.000000e+02         1.000000e+03         nan                 1.133635e+01         5.698000e+03         nan                 nan                                                    0.000000e+00    nan                                nan                 nan                       nan                      nan                      nan 
2.395027e-03    3.290345e-03    nan            1.000000e+03         1.000000e+04         nan                 1.133635e+01         5.698000e+03         nan                 nan                                                    0.000000e+00    nan                                nan                 nan                       nan                      nan                      nan 
2.395027e-03    3.290345e-03    nan            1.000000e+04         1.000000e+05         nan                 1.133635e+01         5.698000e+03         nan                 nan                                                    0.000000e+00    nan                                nan                 nan                       nan                      nan                      nan 
3.290345e-03    4.520354e-03    3.932334e-03   4.000000e+00         1.000000e+01         6.288965e+00        1.133635e+01         5.698000e+03         1.586766e+03        1.461394e+00                                           7.971539e-01    8.928347e-01                       0.0426904           0.0319865                 0.00627901               0.127901                 8.150250e+05 
3.290345e-03    4.520354e-03    3.954932e-03   1.000000e+01         1.000000e+02         1.451829e+01        1.133635e+01         5.698000e+03         2.717301e+03        1.650557e+00                                           2.838269e-01    5.327540e-01                       0.0400014           0.00562646                0.0747907                0.0780843                1.282860e+05 
3.290345e-03    4.520354e-03    nan            1.000000e+02         1.000000e+03         nan                 1.133635e+01         5.698000e+03         nan                 nan                                                    0.000000e+00    nan                                nan                 nan                       nan                      nan                      nan 
3.290345e-03    4.520354e-03    nan            1.000000e+03         1.000000e+04         nan                 1.133635e+01         5.698000e+03         nan                 nan                                                    0.000000e+00    nan                                nan                 nan                       nan                      nan                      nan 
3.290345e-03    4.520354e-03    nan            1.000000e+04         1.000000e+05         nan                 1.133635e+01         5.698000e+03         nan                 nan                                                    0.000000e+00    nan                                nan                 nan                       nan                      nan                      nan 
4.520354e-03    6.210169e-03    5.392419e-03   4.000000e+00         1.000000e+01         6.390220e+00        1.133635e+01         5.698000e+03         1.341038e+03        1.055751e+00                                           1.299572e+00    1.139988e+00                       0.0791122           0.0232751                 0.00321419               0.110529                 8.620220e+05 
4.520354e-03    6.210169e-03    5.448168e-03   1.000000e+01         1.000000e+02         1.591902e+01        1.133635e+01         5.698000e+03         2.309738e+03        1.150761e+00                                           7.173103e-01    8.469417e-01                       0.0646215           0.00655385                0.0453935                0.0248724                2.079100e+05 
4.520354e-03    6.210169e-03    nan            1.000000e+02         1.000000e+03         nan                 1.133635e+01         5.698000e+03         nan                 nan                                                    0.000000e+00    nan                                nan                 nan                       nan                      nan                      nan 
4.520354e-03    6.210169e-03    nan            1.000000e+03         1.000000e+04         nan                 1.133635e+01         5.698000e+03         nan                 nan                                                    0.000000e+00    nan                                nan                 nan                       nan                      nan                      nan 
4.520354e-03    6.210169e-03    nan            1.000000e+04         1.000000e+05         nan                 1.133635e+01         5.698000e+03         nan                 nan                                                    0.000000e+00    nan                                nan                 nan                       nan                      nan                      nan 
6.210169e-03    8.531679e-03    7.394479e-03   4.000000e+00         1.000000e+01         6.489555e+00        1.133635e+01         5.698000e+03         1.122879e+03        7.470464e-01                                           1.948752e+00    1.395977e+00                       0.0367348           0.0143884                 0.0210626                0.080242                 8.951270e+05 
6.210169e-03    8.531679e-03    7.456851e-03   1.000000e+01         1.000000e+02         1.799933e+01        1.133635e+01         5.698000e+03         2.032205e+03        7.974373e-01                                           1.545051e+00    1.243001e+00                       0.0961586           0.00124722                0.0588441                0.0106513                3.210550e+05 
6.210169e-03    8.531679e-03    nan            1.000000e+02         1.000000e+03         nan                 1.133635e+01         5.698000e+03         nan                 nan                                                    0.000000e+00    nan                                nan                 nan                       nan                      nan                      nan 
6.210169e-03    8.531679e-03    nan            1.000000e+03         1.000000e+04         nan                 1.133635e+01         5.698000e+03         nan                 nan                                                    0.000000e+00    nan                                nan                 nan                       nan                      nan                      nan 
6.210169e-03    8.531679e-03    nan            1.000000e+04         1.000000e+05         nan                 1.133635e+01         5.698000e+03         nan                 nan                                                    0.000000e+00    nan                                nan                 nan                       nan                      nan                      nan 
8.531679e-03    1.172102e-02    1.011481e-02   4.000000e+00         1.000000e+01         6.580232e+00        1.133635e+01         5.698000e+03         9.626561e+02        5.302799e-01                                           2.737132e+00    1.654428e+00                       0.080148            0.014231                  0.0154539                0.0693409                9.190320e+05 
8.531679e-03    1.172102e-02    1.020107e-02   1.000000e+01         1.000000e+02         2.035937e+01        1.133635e+01         5.698000e+03         1.796605e+03        5.451578e-01                                           2.959859e+00    1.720424e+00                       0.127329            8.91708e-05               0.0478847                0.00831837               4.712520e+05 
8.531679e-03    1.172102e-02    nan            1.000000e+02         1.000000e+03         nan                 1.133635e+01         5.698000e+03         nan                 nan                                                    0.000000e+00    nan                                nan                 nan                       nan                      nan                      nan 
8.531679e-03    1.172102e-02    nan            1.000000e+03         1.000000e+04         nan                 1.133635e+01         5.698000e+03         nan                 nan                                                    0.000000e+00    nan                                nan                 nan                       nan                      nan                      nan 
8.531679e-03    1.172102e-02    nan            1.000000e+04         1.000000e+05         nan                 1.133635e+01         5.698000e+03         nan                 nan                                                    0.000000e+00    nan                                nan                 nan                       nan                      nan                      nan 
1.172102e-02    1.610262e-02    1.387944e-02   4.000000e+00         1.000000e+01         6.655143e+00        1.133635e+01         5.698000e+03         8.479334e+02        3.949108e-01                                           3.589730e+00    1.894658e+00                       0.153063            0.0164696                 0.00121249               0.0646054                9.367200e+05 
1.172102e-02    1.610262e-02    1.398510e-02   1.000000e+01         1.000000e+02         2.360944e+01        1.133635e+01         5.698000e+03         1.613407e+03        3.873593e-01                                           5.207956e+00    2.282095e+00                       0.098895            0.000547074               0.0382232                0.0168801                6.114030e+05 
1.172102e-02    1.610262e-02    1.485552e-02   1.000000e+02         1.000000e+03         1.111113e+02        1.133635e+01         5.698000e+03         4.581353e+03        3.255040e-01                                           9.533986e-03    9.764213e-02                       0.0165342           0.0045045                 0.108108                 1.44595                  8.141000e+03 
1.172102e-02    1.610262e-02    nan            1.000000e+03         1.000000e+04         nan                 1.133635e+01         5.698000e+03         nan                 nan                                                    0.000000e+00    nan                                nan                 nan                       nan                      nan                      nan 
1.172102e-02    1.610262e-02    nan            1.000000e+04         1.000000e+05         nan                 1.133635e+01         5.698000e+03         nan                 nan                                                    0.000000e+00    nan                                nan                 nan                       nan                      nan                      nan 
1.610262e-02    2.212216e-02    1.901407e-02   4.000000e+00         1.000000e+01         6.737755e+00        1.133635e+01         5.698000e+03         7.500812e+02        2.916270e-01                                           4.498485e+00    2.120963e+00                       0.362213            0.00769653                0.00158024               0.0909255                9.481690e+05 
1.610262e-02    2.212216e-02    1.916281e-02   1.000000e+01         1.000000e+02         2.681847e+01        1.133635e+01         5.698000e+03         1.446640e+03        2.769835e-01                                           8.504485e+00    2.916245e+00                       0.00182844          0.000206222               0.0277215                0.0243298                7.126280e+05 
1.610262e-02    2.212216e-02    1.976736e-02   1.000000e+02         1.000000e+03         1.190391e+02        1.133635e+01         5.698000e+03         3.864582e+03        2.318023e-01                                           8.990732e-02    2.998455e-01                       0.0432594           0.00251256                0.0268007                0.475712                 2.820600e+04 
1.610262e-02    2.212216e-02    nan            1.000000e+03         1.000000e+04         nan                 1.133635e+01         5.698000e+03         nan                 nan                                                    0.000000e+00    nan                                nan                 nan                       nan                      nan                      nan 
1.610262e-02    2.212216e-02    nan            1.000000e+04         1.000000e+05         nan                 1.133635e+01         5.698000e+03         nan                 nan                                                    0.000000e+00    nan                                nan                 nan                       nan                      nan                      nan 
2.212216e-02    3.039195e-02    2.588608e-02   4.000000e+00         1.000000e+01         7.266992e+00        1.133635e+01         5.698000e+03         6.995553e+02        2.138036e-01                                           4.401337e+00    2.097936e+00                       0.61909             0.00404035                0.00716054               0.161991                 8.101380e+05 
2.212216e-02    3.039195e-02    2.630211e-02   1.000000e+01         1.000000e+02         2.998938e+01        1.133635e+01         5.698000e+03         1.285169e+03        1.923451e-01                                           1.300175e+01    3.605794e+00                       0.278015            0.000174309               0.0070438                0.0361649                7.854990e+05 
2.212216e-02    3.039195e-02    2.685310e-02   1.000000e+02         1.000000e+03         1.281087e+02        1.133635e+01         5.698000e+03         3.262453e+03        1.555752e-01                                           4.012564e-01    6.334481e-01                       0.0820254           0.00210546                0.0303378                0.227007                 6.111000e+04 
2.212216e-02    3.039195e-02    nan            1.000000e+03         1.000000e+04         nan                 1.133635e+01         5.698000e+03         nan                 nan                                                    0.000000e+00    nan                                nan                 nan                       nan                      nan                      nan 
2.212216e-02    3.039195e-02    nan            1.000000e+04         1.000000e+05         nan                 1.133635e+01         5.698000e+03         nan                 nan                                                    0.000000e+00    nan                                nan                 nan                       nan                      nan                      nan 
3.039195e-02    4.175319e-02    3.529250e-02   4.000000e+00         1.000000e+01         8.248549e+00        1.133635e+01         5.698000e+03         6.585947e+02        1.527507e-01                                           3.054362e+00    1.747673e+00                       0.713294            0.00184928                0.036061                 0.258693                 5.183680e+05 
3.039195e-02    4.175319e-02    3.612322e-02   1.000000e+01         1.000000e+02         3.291644e+01        1.133635e+01         5.698000e+03         1.145955e+03        1.311595e-01                                           1.809145e+01    4.253405e+00                       0.620207            0.000674423               0.0024397                0.0352609                8.398660e+05 
3.039195e-02    4.175319e-02    3.671384e-02   1.000000e+02         1.000000e+03         1.376290e+02        1.133635e+01         5.698000e+03         2.749064e+03        9.968687e-02                                           1.245672e+00    1.116097e+00                       0.1036              0.00129065                0.0334309                0.120282                 1.116440e+05 
3.039195e-02    4.175319e-02    nan            1.000000e+03         1.000000e+04         nan                 1.133635e+01         5.698000e+03         nan                 nan                                                    0.000000e+00    nan                                nan                 nan                       nan                      nan                      nan 
3.039195e-02    4.175319e-02    nan            1.000000e+04         1.000000e+05         nan                 1.133635e+01         5.698000e+03         nan                 nan                                                    0.000000e+00    nan                                nan                 nan                       nan                      nan                      nan 
4.175319e-02    5.736153e-02    4.547087e-02   4.000000e+00         1.000000e+01         9.262109e+00        1.133635e+01         5.698000e+03         6.309785e+02        1.133918e-01                                           8.335544e-01    9.129920e-01                       0.338652            0.00538199                0.0182025                0.410475                 1.292190e+05 
4.175319e-02    5.736153e-02    4.944870e-02   1.000000e+01         1.000000e+02         3.515151e+01        1.133635e+01         5.698000e+03         1.031389e+03        8.950605e-02                                           2.338055e+01    4.835344e+00                       1.63535             0.000259392               0.00384687               0.06105                  8.749730e+05 
4.175319e-02    5.736153e-02    5.005155e-02   1.000000e+02         1.000000e+03         1.503786e+02        1.133635e+01         5.698000e+03         2.410823e+03        6.347758e-02                                           2.774303e+00    1.665624e+00                       0.0242012           0.00166749                0.0344248                0.0454633                1.822170e+05 
4.175319e-02    5.736153e-02    nan            1.000000e+03         1.000000e+04         nan                 1.133635e+01         5.698000e+03         nan                 nan                                                    0.000000e+00    nan                                nan                 nan                       nan                      nan                      nan 
4.175319e-02    5.736153e-02    nan            1.000000e+04         1.000000e+05         nan                 1.133635e+01         5.698000e+03         nan                 nan                                                    0.000000e+00    nan                                nan                 nan                       nan                      nan                      nan 
5.736153e-02    7.880463e-02    nan            4.000000e+00         1.000000e+01         nan                 1.133635e+01         5.698000e+03         nan                 nan                                                    0.000000e+00    nan                                nan                 nan                       nan                      nan                      nan 
5.736153e-02    7.880463e-02    6.749688e-02   1.000000e+01         1.000000e+02         3.957219e+01        1.133635e+01         5.698000e+03         9.778985e+02        6.052790e-02                                           2.575339e+01    5.074780e+00                       2.6062              0.000367164               0.0178175                0.0784627                8.700260e+05 
5.736153e-02    7.880463e-02    6.844411e-02   1.000000e+02         1.000000e+03         1.654922e+02        1.133635e+01         5.698000e+03         2.148504e+03        3.925915e-02                                           5.178786e+00    2.275695e+00                       0.152929            0.00127677                0.040879                 0.0203536                2.786310e+05 
5.736153e-02    7.880463e-02    nan            1.000000e+03         1.000000e+04         nan                 1.133635e+01         5.698000e+03         nan                 nan                                                    0.000000e+00    nan                                nan                 nan                       nan                      nan                      nan 
5.736153e-02    7.880463e-02    nan            1.000000e+04         1.000000e+05         nan                 1.133635e+01         5.698000e+03         nan                 nan                                                    0.000000e+00    nan                                nan                 nan                       nan                      nan                      nan 
7.880463e-02    1.082637e-01    nan            4.000000e+00         1.000000e+01         nan                 1.133635e+01         5.698000e+03         nan                 nan                                                    0.000000e+00    nan                                nan                 nan                       nan                      nan                      nan 
7.880463e-02    1.082637e-01    9.252376e-02   1.000000e+01         1.000000e+02         4.551973e+01        1.133635e+01         5.698000e+03         9.533431e+02        4.295430e-02                                           2.543520e+01    5.043332e+00                       3.51363             0.000479115               0.0475044                0.091911                 8.348640e+05 
7.880463e-02    1.082637e-01    9.354858e-02   1.000000e+02         1.000000e+03         1.828086e+02        1.133635e+01         5.698000e+03         1.959913e+03        2.682919e-02                                           8.372067e+00    2.893453e+00                       0.559264            0.00124875                0.0630458                0.00181137               4.059220e+05 
7.880463e-02    1.082637e-01    nan            1.000000e+03         1.000000e+04         nan                 1.133635e+01         5.698000e+03         nan                 nan                                                    0.000000e+00    nan                                nan                 nan                       nan                      nan                      nan 
7.880463e-02    1.082637e-01    nan            1.000000e+04         1.000000e+05         nan                 1.133635e+01         5.698000e+03         nan                 nan                                                    0.000000e+00    nan                                nan                 nan                       nan                      nan                      nan 
1.082637e-01    1.487352e-01    nan            4.000000e+00         1.000000e+01         nan                 1.133635e+01         5.698000e+03         nan                 nan                                                    0.000000e+00    nan                                nan                 nan                       nan                      nan                      nan 
1.082637e-01    1.487352e-01    1.268958e-01   1.000000e+01         1.000000e+02         5.196027e+01        1.133635e+01         5.698000e+03         9.315366e+02        2.943432e-02                                           2.376364e+01    4.874797e+00                       4.58989             0.000964964               0.0956289                0.109525                 7.752350e+05 
1.082637e-01    1.487352e-01    1.283122e-01   1.000000e+02         1.000000e+03         2.020810e+02        1.133635e+01         5.698000e+03         1.806452e+03        1.784964e-02                                           1.203416e+01    3.469029e+00                       1.34656             0.000982629               0.0884116                0.0201783                5.402150e+05 
1.082637e-01    1.487352e-01    1.357651e-01   1.000000e+03         1.000000e+04         1.098254e+03        1.133635e+01         5.698000e+03         5.024222e+03        5.983373e-03                                           3.614783e-03    6.012307e-02                       0.00574113          0.0294118                 0.294118                 1.63725                  3.562000e+03 
1.082637e-01    1.487352e-01    nan            1.000000e+04         1.000000e+05         nan                 1.133635e+01         5.698000e+03         nan                 nan                                                    0.000000e+00    nan                                nan                 nan                       nan                      nan                      nan 
1.487352e-01    2.043360e-01    nan            4.000000e+00         1.000000e+01         nan                 1.133635e+01         5.698000e+03         nan                 nan                                                    0.000000e+00    nan                                nan                 nan                       nan                      nan                      nan 
1.487352e-01    2.043360e-01    1.741693e-01   1.000000e+01         1.000000e+02         5.959810e+01        1.133635e+01         5.698000e+03         9.206634e+02        1.930712e-02                                           1.987903e+01    4.458591e+00                       4.94846             0.000396043               0.142391                 0.13256                  6.876550e+05 
1.487352e-01    2.043360e-01    1.763094e-01   1.000000e+02         1.000000e+03         2.208858e+02        1.133635e+01         5.698000e+03         1.686449e+03        1.164140e-02                                           1.588935e+01    3.986145e+00                       2.50455             0.000563533               0.122614                 0.0415482                6.359660e+05 
1.487352e-01    2.043360e-01    1.825206e-01   1.000000e+03         1.000000e+04         1.134203e+03        1.133635e+01         5.698000e+03         4.305705e+03        3.523145e-03                                           3.484832e-02    1.866770e-01                       0.0226973           0.0120614                 0.0975877                0.820175                 1.599300e+04 
1.487352e-01    2.043360e-01    nan            1.000000e+04         1.000000e+05         nan                 1.133635e+01         5.698000e+03         nan                 nan                                                    0.000000e+00    nan                                nan                 nan                       nan                      nan                      nan 
2.043360e-01    2.807216e-01    nan            4.000000e+00         1.000000e+01         nan                 1.133635e+01         5.698000e+03         nan                 nan                                                    0.000000e+00    nan                                nan                 nan                       nan                      nan                      nan 
2.043360e-01    2.807216e-01    2.381520e-01   1.000000e+01         1.000000e+02         6.845282e+01        1.133635e+01         5.698000e+03         9.194744e+02        1.185334e-02                                           1.406480e+01    3.750307e+00                       4.33033             0.000500423               0.177785                 0.163853                 5.598730e+05 
2.043360e-01    2.807216e-01    2.417458e-01   1.000000e+02         1.000000e+03         2.404537e+02        1.133635e+01         5.698000e+03         1.583080e+03        7.169472e-03                                           1.866786e+01    4.320632e+00                       3.54633             0.00059387                0.145171                 0.052419                 7.005110e+05 
2.043360e-01    2.807216e-01    2.472770e-01   1.000000e+03         1.000000e+04         1.196804e+03        1.133635e+01         5.698000e+03         3.820675e+03        1.971893e-03                                           1.256629e-01    3.544896e-01                       0.0364257           0.00642792                0.0284665                0.336394                 3.685300e+04 
2.043360e-01    2.807216e-01    nan            1.000000e+04         1.000000e+05         nan                 1.133635e+01         5.698000e+03         nan                 nan                                                    0.000000e+00    nan                                nan                 nan                       nan                      nan                      nan 
2.807216e-01    3.856620e-01    nan            4.000000e+00         1.000000e+01         nan                 1.133635e+01         5.698000e+03         nan                 nan                                                    0.000000e+00    nan                                nan                 nan                       nan                      nan                      nan 
2.807216e-01    3.856620e-01    3.230029e-01   1.000000e+01         1.000000e+02         7.844404e+01        1.133635e+01         5.698000e+03         9.181277e+02        6.380980e-03                                           7.453017e+00    2.730021e+00                       2.61857             4.41787e-05               0.19529                  0.203134                 3.856230e+05 
2.807216e-01    3.856620e-01    3.299322e-01   1.000000e+02         1.000000e+03         2.586631e+02        1.133635e+01         5.698000e+03         1.496934e+03        3.875561e-03                                           1.883469e+01    4.339895e+00                       3.78882             0.00116751                0.146779                 0.0775018                7.449220e+05 
2.807216e-01    3.856620e-01    3.361848e-01   1.000000e+03         1.000000e+04         1.260949e+03        1.133635e+01         5.698000e+03         3.466996e+03        1.075297e-03                                           2.781875e-01    5.274348e-01                       0.0361964           0.00638091                0.00374532               0.146761                 6.678600e+04 
2.807216e-01    3.856620e-01    nan            1.000000e+04         1.000000e+05         nan                 1.133635e+01         5.698000e+03         nan                 nan                                                    0.000000e+00    nan                                nan                 nan                       nan                      nan                      nan 
3.856620e-01    5.298317e-01    nan            4.000000e+00         1.000000e+01         nan                 1.133635e+01         5.698000e+03         nan                 nan                                                    0.000000e+00    nan                                nan                 nan                       nan                      nan                      nan 
3.856620e-01    5.298317e-01    4.248932e-01   1.000000e+01         1.000000e+02         8.941744e+01        1.133635e+01         5.698000e+03         9.311422e+02        3.478494e-03                                           1.869736e+00    1.367383e+00                       0.706525            0.00205303                0.146958                 0.249746                 1.445800e+05 
3.856620e-01    5.298317e-01    4.451399e-01   1.000000e+02         1.000000e+03         2.788898e+02        1.133635e+01         5.698000e+03         1.431933e+03        1.852391e-03                                           1.388863e+01    3.726745e+00                       1.40593             8.07291e-05               0.0262397                0.0957905                7.759640e+05 
3.856620e-01    5.298317e-01    4.521916e-01   1.000000e+03         1.000000e+04         1.324750e+03        1.133635e+01         5.698000e+03         3.157217e+03        5.461978e-04                                           3.982505e-01    6.310709e-01                       0.038588            0.0060796                 0.0962287                0.109148                 1.045930e+05 
3.856620e-01    5.298317e-01    nan            1.000000e+04         1.000000e+05         nan                 1.133635e+01         5.698000e+03         nan                 nan                                                    0.000000e+00    nan                                nan                 nan                       nan                      nan                      nan 
5.298317e-01    7.278954e-01    nan            4.000000e+00         1.000000e+01         nan                 1.133635e+01         5.698000e+03         nan                 nan                                                    0.000000e+00    nan                                nan                 nan                       nan                      nan                      nan 
5.298317e-01    7.278954e-01    5.310107e-01   1.000000e+01         1.000000e+02         9.988726e+01        1.133635e+01         5.698000e+03         1.006989e+03        1.403534e-03                                           1.756519e-04    1.325337e-02                       1.95169e-05         0.111111                  0.222222                 0.222222                 6.200000e+01 
5.298317e-01    7.278954e-01    5.958229e-01   1.000000e+02         1.000000e+03         3.084333e+02        1.133635e+01         5.698000e+03         1.410606e+03        4.591803e-04                                           4.778999e+00    2.186092e+00                       3.14101             8.6074e-05                0.748899                 0.135606                 7.779690e+05 
5.298317e-01    7.278954e-01    6.051646e-01   1.000000e+03         1.000000e+04         1.393931e+03        1.133635e+01         5.698000e+03         2.894556e+03        1.458403e-04                                           2.490510e-01    4.990501e-01                       0.227854            0.00355297                1.12855                  0.190407                 1.494630e+05 
5.298317e-01    7.278954e-01    nan            1.000000e+04         1.000000e+05         nan                 1.133635e+01         5.698000e+03         nan                 nan                                                    0.000000e+00    nan                                nan                 nan                       nan                      nan                      nan 
7.278954e-01    1.000000e+00    nan            4.000000e+00         1.000000e+01         nan                 1.133635e+01         5.698000e+03         nan                 nan                                                    0.000000e+00    nan                                nan                 nan                       nan                      nan                      nan 
7.278954e-01    1.000000e+00    nan            1.000000e+01         1.000000e+02         nan                 1.133635e+01         5.698000e+03         nan                 nan                                                    0.000000e+00    nan                                nan                 nan                       nan                      nan                      nan 
7.278954e-01    1.000000e+00    7.773723e-01   1.000000e+02         1.000000e+03         3.626321e+02        1.133635e+01         5.698000e+03         1.437052e+03        4.147103e-05                                           3.462083e-01    5.883946e-01                       3.16057             0.0034199                 8.77568                  2.71893                  7.289760e+05 
7.278954e-01    1.000000e+00    7.832313e-01   1.000000e+03         1.000000e+04         1.473405e+03        1.133635e+01         5.698000e+03         2.748377e+03        1.443838e-05                                           3.143178e-02    1.772901e-01                       0.337403            0.0055325                 12.6459                  0.589212                 2.012650e+05 
7.278954e-01    1.000000e+00    nan            1.000000e+04         1.000000e+05         nan                 1.133635e+01         5.698000e+03         nan                 nan                                                    0.000000e+00    nan                                nan                 nan                       nan                      nan                      nan 
