           1
      539667
 FASER$\nu$2 $\nu_{\mu}$                                                         
Plot1@Experiment:FASER#nu2 #nu_{#mu}@ExtraLabel:#nu p (CC) @XTitle: x @YTitle: d^{2}#sigma/dxdQ^{2} @Title:Q^{2} > 4 @Ymin:0.01@Xlog@Ylog
Plot2@Experiment:FASER#nu2 #nu_{#mu}@ExtraLabel:#nu p (CC) @XTitle: x @YTitle: d^{2}#sigma/dxdQ^{2} @Title:Q^{2} > 10 @Ymin:0.01@Xlog@Ylog
Plot3@Experiment:FASER#nu2 #nu_{#mu}@ExtraLabel:#nu p (CC) @XTitle: x @YTitle: d^{2}#sigma/dxdQ^{2} @Title:Q^{2} > 100 @Ymin:0.01@Xlog@Ylog
Plot4@Experiment:FASER#nu2 #nu_{#mu}@ExtraLabel:#nu p (CC) @XTitle: x @YTitle: d^{2}#sigma/dxdQ^{2} @Title:Q^{2} > 1000 @Ymin:0.01@Xlog@Ylog
 x           Q2          dummy          data      +- uncor     +- tot     th orig         th mod   therr+         therr-     pull    iset       iplot
 0.15023E-02 0.66059E+01 0.00000E+00 0.23659E+03 0.64212E+01 0.12066E+03 0.71734E+00 0.99946E+06 0.91351E+00 0.45322E+00 -.15561E+06       539667   2/0.15023E-02
 0.20562E-02 0.67118E+01 0.00000E+00 0.22490E+02 0.11597E+01 0.84205E+01 0.57316E+00 0.73284E+06 0.62964E+00 0.31256E+00 -.63192E+06       539667   2/0.20562E-02
 0.28330E-02 0.69221E+01 0.00000E+00 0.11762E+02 0.52921E+00 0.31913E+01 0.45691E+00 0.53862E+06 0.43030E+00 0.21024E+00 -.10178E+07       539667   2/0.28330E-02
 0.28688E-02 0.15881E+02 0.00000E+00 0.16749E+02 0.14321E+01 0.85985E+01 0.50587E+00 0.53883E+06 0.42711E+00 0.21183E+00 -.37625E+06       539667   3/0.28688E-02
 0.38675E-02 0.69694E+01 0.00000E+00 0.75649E+01 0.25706E+00 0.17053E+01 0.35671E+00 0.39726E+06 0.29542E+00 0.13938E+00 -.15453E+07       539667   2/0.38675E-02
 0.39102E-02 0.19235E+02 0.00000E+00 0.11910E+02 0.52088E+00 0.31955E+01 0.40185E+00 0.39715E+06 0.29129E+00 0.14125E+00 -.76244E+06       539667   3/0.39102E-02
 0.53322E-02 0.69235E+01 0.00000E+00 0.33792E+01 0.12268E+00 0.54896E+00 0.26457E+00 0.28872E+06 0.19960E+00 0.89446E-01 -.23534E+07       539667   2/0.53322E-02
 0.53761E-02 0.23722E+02 0.00000E+00 0.48108E+01 0.19103E+00 0.98427E+00 0.31201E+00 0.29071E+06 0.19636E+00 0.92003E-01 -.15218E+07       539667   3/0.53761E-02
 0.72838E-02 0.68645E+01 0.00000E+00 0.21640E+01 0.81007E-01 0.41213E+00 0.19848E+00 0.21448E+06 0.13767E+00 0.59305E-01 -.26476E+07       539667   2/0.72838E-02
 0.73570E-02 0.29858E+02 0.00000E+00 0.27546E+01 0.84854E-01 0.38501E+00 0.24713E+00 0.22002E+06 0.13842E+00 0.63149E-01 -.25929E+07       539667   3/0.73570E-02
 0.10041E-01 0.70167E+01 0.00000E+00 0.18723E+01 0.56498E-01 0.49230E+00 0.14493E+00 0.15834E+06 0.93836E-01 0.39724E-01 -.28026E+07       539667   2/0.10041E-01
 0.10094E-01 0.38414E+02 0.00000E+00 0.23107E+01 0.45726E-01 0.30470E+00 0.18300E+00 0.16103E+06 0.92921E-01 0.41226E-01 -.35216E+07       539667   3/0.10094E-01
 0.13731E-01 0.70598E+01 0.00000E+00 0.15012E+01 0.40972E-01 0.42191E+00 0.10402E+00 0.11792E+06 0.64483E-01 0.27919E-01 -.28781E+07       539667   2/0.13731E-01
 0.13830E-01 0.44869E+02 0.00000E+00 0.17378E+01 0.27544E-01 0.19832E+00 0.13314E+00 0.11799E+06 0.63011E-01 0.27970E-01 -.42836E+07       539667   3/0.13830E-01
 0.18934E-01 0.70920E+01 0.00000E+00 0.12299E+01 0.35110E-01 0.46503E+00 0.71953E-01 0.86362E+05 0.43808E-01 0.20141E-01 -.24597E+07       539667   2/0.18934E-01
 0.18975E-01 0.48422E+02 0.00000E+00 0.13396E+01 0.18278E-01 0.14496E+00 0.95165E-01 0.86140E+05 0.42921E-01 0.19645E-01 -.47126E+07       539667   3/0.18975E-01
 0.19472E-01 0.13199E+03 0.00000E+00 0.13227E+01 0.15379E+00 0.66212E+00 0.80577E-01 0.78642E+05 0.38872E-01 0.18009E-01 -.51134E+06       539667   4/0.19472E-01
 0.25942E-01 0.72059E+01 0.00000E+00 0.11835E+01 0.24628E-01 0.48500E+00 0.49273E-01 0.62656E+05 0.29943E-01 0.15142E-01 -.25440E+07       539667   2/0.25942E-01
 0.25981E-01 0.51293E+02 0.00000E+00 0.12790E+01 0.11554E-01 0.13426E+00 0.66097E-01 0.62040E+05 0.29187E-01 0.14238E-01 -.53696E+07       539667   3/0.25981E-01
 0.26391E-01 0.15344E+03 0.00000E+00 0.12599E+01 0.49524E-01 0.28965E+00 0.56277E-01 0.56461E+05 0.26506E-01 0.13165E-01 -.11401E+07       539667   4/0.26391E-01
 0.35571E-01 0.73742E+01 0.00000E+00 0.11196E+01 0.23330E-01 0.66347E+00 0.33182E-01 0.44034E+05 0.20320E-01 0.11624E-01 -.18874E+07       539667   2/0.35571E-01
 0.35662E-01 0.52287E+02 0.00000E+00 0.11821E+01 0.82173E-02 0.16721E+00 0.44129E-01 0.43058E+05 0.19538E-01 0.10656E-01 -.52398E+07       539667   3/0.35662E-01
 0.36187E-01 0.18413E+03 0.00000E+00 0.11647E+01 0.21369E-01 0.18293E+00 0.37453E-01 0.38323E+05 0.17430E-01 0.97159E-02 -.17933E+07       539667   4/0.36187E-01
 0.48973E-01 0.53874E+02 0.00000E+00 0.10703E+01 0.59796E-02 0.99957E-01 0.28476E-01 0.28153E+05 0.12620E-01 0.79444E-02 -.47080E+07       539667   3/0.48973E-01
 0.49578E-01 0.22664E+03 0.00000E+00 0.10642E+01 0.11757E-01 0.12326E+00 0.23923E-01 0.23805E+05 0.10849E-01 0.70981E-02 -.20247E+07       539667   4/0.49578E-01
 0.67154E-01 0.55263E+02 0.00000E+00 0.10584E+01 0.40467E-02 0.10518E+00 0.17622E-01 0.16594E+05 0.76462E-02 0.56238E-02 -.41005E+07       539667   3/0.67154E-01
 0.68032E-01 0.28763E+03 0.00000E+00 0.10519E+01 0.57361E-02 0.83052E-01 0.14473E-01 0.12856E+05 0.61997E-02 0.48265E-02 -.22410E+07       539667   4/0.68032E-01
 0.92125E-01 0.57003E+02 0.00000E+00 0.10406E+01 0.29193E-02 0.16410E+00 0.10301E-01 0.79136E+04 0.41857E-02 0.35816E-02 -.27104E+07       539667   3/0.92125E-01
 0.93304E-01 0.36595E+03 0.00000E+00 0.10349E+01 0.30860E-02 0.89872E-01 0.82034E-02 0.59399E+04 0.32994E-02 0.28652E-02 -.19245E+07       539667   4/0.93304E-01
 0.12672E+00 0.60593E+02 0.00000E+00 0.10148E+01 0.24058E-02 0.14361E+00 0.55976E-02 0.38907E+04 0.23004E-02 0.19479E-02 -.16168E+07       539667   3/0.12672E+00
 0.12764E+00 0.44484E+03 0.00000E+00 0.10118E+01 0.21525E-02 0.77574E-01 0.43609E-02 0.29355E+04 0.17735E-02 0.14677E-02 -.13633E+07       539667   4/0.12764E+00
 0.17402E+00 0.61610E+02 0.00000E+00 0.10108E+01 0.16974E-02 0.17562E+00 0.28352E-02 0.19788E+04 0.12141E-02 0.90133E-03 -.11652E+07       539667   3/0.17402E+00
 0.17479E+00 0.48760E+03 0.00000E+00 0.10089E+01 0.12676E-02 0.10128E+00 0.21825E-02 0.14449E+04 0.89998E-03 0.65110E-03 -.11391E+07       539667   4/0.17479E+00
 0.17993E+00 0.12705E+04 0.00000E+00 0.10066E+01 0.14548E-01 0.39081E+00 0.14959E-02 0.95339E+03 0.62677E-03 0.45371E-03 -.65466E+05       539667 999/0.17993E+00
 0.23842E+00 0.64612E+02 0.00000E+00 0.10077E+01 0.12287E-02 0.23637E+00 0.13264E-02 0.76880E+03 0.53931E-03 0.37307E-03 -.62487E+06       539667   3/0.23842E+00
 0.23982E+00 0.51402E+03 0.00000E+00 0.10062E+01 0.69189E-03 0.54710E-01 0.99418E-03 0.54075E+03 0.38177E-03 0.25820E-03 -.78010E+06       539667   4/0.23982E+00
 0.24460E+00 0.14620E+04 0.00000E+00 0.10043E+01 0.40012E-02 0.17303E+00 0.65751E-03 0.33808E+03 0.25312E-03 0.17152E-03 -.84243E+05       539667 999/0.24460E+00
 0.32667E+00 0.65297E+02 0.00000E+00 0.10032E+01 0.95662E-03 0.20998E+00 0.54682E-03 0.23116E+03 0.19811E-03 0.12829E-03 -.24060E+06       539667   3/0.32667E+00
 0.32869E+00 0.53350E+03 0.00000E+00 0.10024E+01 0.48379E-03 0.92619E-01 0.39301E-03 0.16210E+03 0.13291E-03 0.83187E-04 -.33300E+06       539667   4/0.32869E+00
 0.33395E+00 0.17507E+04 0.00000E+00 0.10014E+01 0.17761E-02 0.13653E+00 0.23946E-03 0.89178E+02 0.79291E-04 0.49865E-04 -.49647E+05       539667 999/0.33395E+00
 0.44557E+00 0.66631E+02 0.00000E+00 0.10013E+01 0.71720E-03 0.41859E+00 0.18508E-03 0.53450E+02 0.51199E-04 0.29406E-04 -.73129E+05       539667   3/0.44557E+00
 0.45165E+00 0.53937E+03 0.00000E+00 0.10009E+01 0.31068E-03 0.10906E+00 0.12077E-03 0.36816E+02 0.30756E-04 0.16900E-04 -.11528E+06       539667   4/0.45165E+00
 0.45668E+00 0.21360E+04 0.00000E+00 0.10005E+01 0.72462E-03 0.11721E+00 0.65235E-04 0.17659E+02 0.15650E-04 0.86181E-05 -.22990E+05       539667 999/0.45668E+00
 0.61806E+00 0.54990E+03 0.00000E+00 0.10007E+01 0.12516E-03 0.91313E-01 0.22626E-04 0.34775E+01 0.33764E-05 0.22310E-05 -.19790E+05       539667   4/0.61806E+00
 0.62383E+00 0.26487E+04 0.00000E+00 0.10003E+01 0.19078E-03 0.79538E-01 0.10151E-04 0.78257E+00 0.14174E-05 0.10014E-05 0.11414E+04       539667 999/0.62383E+00
 0.84750E+00 0.55822E+03 0.00000E+00 0.10003E+01 0.50928E-04 0.97938E-01 0.24153E-05 -.54171E+01 0.10286E-05 0.13838E-05 0.12601E+06       539667   4/0.84750E+00
 0.85144E+00 0.32512E+04 0.00000E+00 0.10001E+01 0.55816E-04 0.84380E-01 0.94548E-06 -.22637E+01 0.46220E-06 0.59018E-06 0.58475E+05       539667 999/0.85144E+00
