Experiment = SND | seed 2 | Neutrino = 14 | Exp. Target density (nucleons / cm3) = 10^(25.1) | Exp. Target Length = 35 cm | Total Events = 521.3 |        del_theta = 0.06 mrad, theta_max = 150.0 mrad |        del_Elepton = 30.0 % , Elepton_min = 20.00 GeV, Elepton_max = 10000.00 GeV|        del_Ehadron = 30.0 %, Ehadron_min = 20.00 GeV GeV, Ehadron_max = 10000.00 GeV
x_lower         x_upper         x_avg          Q2_lower[GeV^2]      Q2_upper[GeV^2]      Q2_avg[GeV^2]       E_nu_lower[GeV]      E_nu_upper[GeV]      E_nu_avg[GeV]       d^sigma/dxdQ2(x_avg,Q2_avg,Enu_avg) pb / GeV^2         N_events        N_events_errs = Sqrt[N_events]     N_sys_errs          fraction_error_theta      fraction_error_Elepton   fraction_error_Ehadron   MC_Samples 
6.723358e-04    9.236709e-04    7.748478e-04   4.000000e+00         1.000000e+01         4.998201e+00        1.133635e+01         5.698000e+03         4.200439e+03        1.635642e+01                                           1.799296e-03    4.241810e-02                       0.000854665         0.175                     0.6                      0.15                     2.000360e+05 
9.236709e-04    1.268961e-03    1.112980e-03   4.000000e+00         1.000000e+01         5.131557e+00        1.133635e+01         5.698000e+03         3.474148e+03        1.149777e+01                                           7.563117e-03    8.696619e-02                       0.00164609          0.141176                  0.252941                 0.3                      3.950600e+05 
1.268961e-03    1.743329e-03    1.546010e-03   4.000000e+00         1.000000e+01         5.625815e+00        1.133635e+01         5.698000e+03         2.652081e+03        7.743571e+00                                           2.183627e-02    1.477710e-01                       0.00196526          0.0525                    0.075                    0.235                    5.592940e+05 
1.268961e-03    1.743329e-03    1.659811e-03   1.000000e+01         1.000000e+02         1.324814e+01        1.133635e+01         5.698000e+03         4.312507e+03        8.574373e+00                                           9.491798e-04    3.080876e-02                       0.00123393          0.1                       0.6                      0.4                      1.288300e+04 
1.743329e-03    2.395027e-03    2.088471e-03   4.000000e+00         1.000000e+01         5.780142e+00        1.133635e+01         5.698000e+03         2.159091e+03        5.641771e+00                                           5.230070e-02    2.286935e-01                       0.00390818          0.0659341                 0.105495                 0.215385                 6.790640e+05 
1.743329e-03    2.395027e-03    2.241139e-03   1.000000e+01         1.000000e+02         1.315775e+01        1.133635e+01         5.698000e+03         3.804853e+03        6.391307e+00                                           6.168505e-03    7.853983e-02                       0.00532034          0.2125                    0.575                    0.6                      3.661300e+04 
2.395027e-03    3.290345e-03    2.884480e-03   4.000000e+00         1.000000e+01         5.908760e+00        1.133635e+01         5.698000e+03         1.667014e+03        4.036973e+00                                           1.145778e-01    3.384935e-01                       0.00716111          0.0375                    0.0635                   0.136                    7.651070e+05 
2.395027e-03    3.290345e-03    2.955313e-03   1.000000e+01         1.000000e+02         1.376979e+01        1.133635e+01         5.698000e+03         3.018614e+03        4.671797e+00                                           2.513072e-02    1.585267e-01                       0.00402091          0.054                     0.146                    0.106                    7.558400e+04 
3.290345e-03    4.520354e-03    3.933847e-03   4.000000e+00         1.000000e+01         6.009193e+00        1.133635e+01         5.698000e+03         1.368385e+03        2.965270e+00                                           2.343564e-01    4.841037e-01                       0.010422            0.0381176                 0.0762353                0.164235                 8.290030e+05 
3.290345e-03    4.520354e-03    3.959663e-03   1.000000e+01         1.000000e+02         1.441367e+01        1.133635e+01         5.698000e+03         2.685651e+03        3.580551e+00                                           7.362642e-02    2.713419e-01                       0.011044            0.0280303                 0.119697                 0.0651515                1.329090e+05 
4.520354e-03    6.210169e-03    5.410083e-03   4.000000e+00         1.000000e+01         6.076622e+00        1.133635e+01         5.698000e+03         1.052803e+03        2.074406e+00                                           4.426909e-01    6.653502e-01                       0.0201478           0.0127686                 0.10708                  0.126296                 8.749580e+05 
4.520354e-03    6.210169e-03    5.486205e-03   1.000000e+01         1.000000e+02         1.673263e+01        1.133635e+01         5.698000e+03         2.348201e+03        2.506831e+00                                           1.876598e-01    4.331972e-01                       0.0408145           0.019802                  0.133003                 0.0462046                2.155080e+05 
6.210169e-03    8.531679e-03    7.402537e-03   4.000000e+00         1.000000e+01         6.330324e+00        1.133635e+01         5.698000e+03         9.006957e+02        1.510315e+00                                           7.668065e-01    8.756749e-01                       0.0637854           0.0156907                 0.124024                 0.0961712                9.090810e+05 
6.210169e-03    8.531679e-03    7.526435e-03   1.000000e+01         1.000000e+02         1.796113e+01        1.133635e+01         5.698000e+03         1.931275e+03        1.747582e+00                                           4.323046e-01    6.574988e-01                       0.0649036           0.00630027                0.0939678                0.0364611                3.322080e+05 
8.531679e-03    1.172102e-02    1.013109e-02   4.000000e+00         1.000000e+01         6.357585e+00        1.133635e+01         5.698000e+03         7.350972e+02        1.071736e+00                                           1.255143e+00    1.120332e+00                       0.0496404           0.0125676                 0.0941441                0.0975676                9.334370e+05 
8.531679e-03    1.172102e-02    1.025048e-02   1.000000e+01         1.000000e+02         1.988547e+01        1.133635e+01         5.698000e+03         1.603362e+03        1.205302e+00                                           9.206987e-01    9.595305e-01                       0.112903            0.00810811                0.122942                 0.0152734                4.863160e+05 
1.172102e-02    1.610262e-02    1.394621e-02   4.000000e+00         1.000000e+01         6.450757e+00        1.133635e+01         5.698000e+03         5.889930e+02        7.847973e-01                                           1.917359e+00    1.384687e+00                       0.0711423           0.00756155                0.097714                 0.0861665                9.512750e+05 
1.172102e-02    1.610262e-02    1.399946e-02   1.000000e+01         1.000000e+02         2.204692e+01        1.133635e+01         5.698000e+03         1.390592e+03        8.798384e-01                                           1.794550e+00    1.339608e+00                       0.244806            0.00529865                0.121195                 0.00809249               6.242380e+05 
1.172102e-02    1.610262e-02    1.502049e-02   1.000000e+02         1.000000e+03         1.155005e+02        1.133635e+01         5.698000e+03         4.649961e+03        8.235554e-01                                           4.739849e-03    6.884656e-02                       0.00521383          0.114286                  0.314286                 1.12857                  8.924000e+03 
1.610262e-02    2.212216e-02    1.909618e-02   4.000000e+00         1.000000e+01         6.576264e+00        1.133635e+01         5.698000e+03         4.937271e+02        5.845848e-01                                           2.756166e+00    1.660170e+00                       0.106223            0.00848497                0.0925169                0.0808015                9.641160e+05 
1.610262e-02    2.212216e-02    1.920205e-02   1.000000e+01         1.000000e+02         2.396432e+01        1.133635e+01         5.698000e+03         1.167359e+03        6.368101e-01                                           3.331200e+00    1.825158e+00                       0.39434             0.00347403                0.129286                 0.014643                 7.262430e+05 
1.610262e-02    2.212216e-02    1.994996e-02   1.000000e+02         1.000000e+03         1.211038e+02        1.133635e+01         5.698000e+03         3.959164e+03        6.163244e-01                                           3.467792e-02    1.862201e-01                       0.0211164           0.0357143                 0.108929                 0.464286                 2.950600e+04 
2.212216e-02    3.039195e-02    2.625370e-02   4.000000e+00         1.000000e+01         6.622494e+00        1.133635e+01         5.698000e+03         4.259093e+02        4.290538e-01                                           3.772000e+00    1.942164e+00                       0.166557            0.00657518                0.0800784                0.0701101                9.733330e+05 
2.212216e-02    3.039195e-02    2.643590e-02   1.000000e+01         1.000000e+02         2.619790e+01        1.133635e+01         5.698000e+03         9.737968e+02        4.517802e-01                                           5.816359e+00    2.411713e+00                       0.496887            0.00221983                0.113436                 0.0258361                8.001310e+05 
2.212216e-02    3.039195e-02    2.669272e-02   1.000000e+02         1.000000e+03         1.289968e+02        1.133635e+01         5.698000e+03         3.194896e+03        4.418009e-01                                           1.561576e-01    3.951678e-01                       0.0258218           0.0157143                 0.0478571                0.116786                 6.415700e+04 
3.039195e-02    4.175319e-02    3.605369e-02   4.000000e+00         1.000000e+01         6.699909e+00        1.133635e+01         5.698000e+03         3.567560e+02        3.082231e-01                                           4.897095e+00    2.212938e+00                       0.0957674           0.00357759                0.0487059                0.0546302                9.801850e+05 
3.039195e-02    4.175319e-02    3.625631e-02   1.000000e+01         1.000000e+02         2.860305e+01        1.133635e+01         5.698000e+03         8.187840e+02        3.179678e-01                                           9.481264e+00    3.079166e+00                       0.709381            0.00136337                0.101251                 0.0240308                8.541700e+05 
3.039195e-02    4.175319e-02    3.669518e-02   1.000000e+02         1.000000e+03         1.418309e+02        1.133635e+01         5.698000e+03         2.774467e+03        3.070806e-01                                           4.782117e-01    6.915285e-01                       0.0979705           0.00907895                0.0989474                0.0676316                1.161210e+05 
4.175319e-02    5.736153e-02    4.941922e-02   4.000000e+00         1.000000e+01         6.709766e+00        1.133635e+01         5.698000e+03         3.058151e+02        2.199385e-01                                           6.145833e+00    2.479079e+00                       0.0265444           0.00590152                0.0323373                0.0455552                9.850750e+05 
4.175319e-02    5.736153e-02    4.973745e-02   1.000000e+01         1.000000e+02         3.138744e+01        1.133635e+01         5.698000e+03         6.991220e+02        2.212628e-01                                           1.483601e+01    3.851754e+00                       0.695275            0.000826164               0.0792246                0.0351006                8.935090e+05 
4.175319e-02    5.736153e-02    5.034452e-02   1.000000e+02         1.000000e+03         1.566152e+02        1.133635e+01         5.698000e+03         2.333784e+03        2.086081e-01                                           1.186244e+00    1.089148e+00                       0.171501            0.00366786                0.0619969                0.0843097                1.930390e+05 
5.736153e-02    7.880463e-02    6.777324e-02   4.000000e+00         1.000000e+01         6.738389e+00        1.133635e+01         5.698000e+03         2.687371e+02        1.558310e-01                                           7.171523e+00    2.677970e+00                       0.359573            0.00463464                0.0157346                0.0490653                9.888090e+05 
5.736153e-02    7.880463e-02    6.813365e-02   1.000000e+01         1.000000e+02         3.419378e+01        1.133635e+01         5.698000e+03         5.933178e+02        1.519038e-01                                           2.180367e+01    4.669441e+00                       0.680038            0.00136606                0.069295                 0.02556                  9.223070e+05 
5.736153e-02    7.880463e-02    6.898894e-02   1.000000e+02         1.000000e+03         1.712567e+02        1.133635e+01         5.698000e+03         1.940777e+03        1.401263e-01                                           2.729189e+00    1.652026e+00                       0.251563            0.00247898                0.0476396                0.0538909                2.996750e+05 
7.880463e-02    1.082637e-01    9.292160e-02   4.000000e+00         1.000000e+01         6.851837e+00        1.133635e+01         5.698000e+03         2.442924e+02        1.149495e-01                                           8.347004e+00    2.889118e+00                       0.888823            0.00461109                0.0663465                0.0624029                9.911270e+05 
7.880463e-02    1.082637e-01    9.331113e-02   1.000000e+01         1.000000e+02         3.659692e+01        1.133635e+01         5.698000e+03         5.062246e+02        1.100029e-01                                           3.034266e+01    5.508417e+00                       0.363401            0.00135464                0.0226135                0.0267653                9.422920e+05 
7.880463e-02    1.082637e-01    9.428916e-02   1.000000e+02         1.000000e+03         1.860303e+02        1.133635e+01         5.698000e+03         1.611642e+03        9.846730e-02                                           5.776821e+00    2.403502e+00                       0.200224            0.00129949                0.0194112                0.0167817                4.461360e+05 
1.082637e-01    1.487352e-01    1.264595e-01   4.000000e+00         1.000000e+01         7.263758e+00        1.133635e+01         5.698000e+03         2.220868e+02        8.298567e-02                                           7.906640e+00    2.811875e+00                       1.69225             0.00144886                0.125212                 0.139707                 8.577430e+05 
1.082637e-01    1.487352e-01    1.282483e-01   1.000000e+01         1.000000e+02         3.888663e+01        1.133635e+01         5.698000e+03         4.328017e+02        7.691836e-02                                           4.023349e+01    6.342987e+00                       3.23356             0.000548543               0.0452506                0.0375108                9.579400e+05 
1.082637e-01    1.487352e-01    1.293516e-01   1.000000e+02         1.000000e+03         2.046849e+02        1.133635e+01         5.698000e+03         1.344706e+03        6.733906e-02                                           1.111333e+01    3.333666e+00                       0.41167             0.000995494               0.0323431                0.00253589               5.939040e+05 
1.082637e-01    1.487352e-01    1.330382e-01   1.000000e+03         1.000000e+04         1.099955e+03        1.133635e+01         5.698000e+03         4.791321e+03        4.841918e-02                                           1.252051e-02    1.118951e-01                       0.0114473           0.0142857                 0.104762                 1.09524                  5.809000e+03 
1.487352e-01    2.043360e-01    1.723444e-01   4.000000e+00         1.000000e+01         8.191479e+00        1.133635e+01         5.698000e+03         2.127037e+02        5.739169e-02                                           5.220205e+00    2.284777e+00                       1.6712              0.0013355                 0.159729                 0.22418                  5.591730e+05 
1.487352e-01    2.043360e-01    1.758810e-01   1.000000e+01         1.000000e+02         4.128224e+01        1.133635e+01         5.698000e+03         3.746700e+02        5.155569e-02                                           4.937441e+01    7.026693e+00                       7.18548             0.000347473               0.113558                 0.0409227                9.690060e+05 
1.487352e-01    2.043360e-01    1.776403e-01   1.000000e+02         1.000000e+03         2.224205e+02        1.133635e+01         5.698000e+03         1.119381e+03        4.395185e-02                                           1.916570e+01    4.377865e+00                       2.23583             0.000696304               0.0976879                0.0223353                7.037810e+05 
1.487352e-01    2.043360e-01    1.840316e-01   1.000000e+03         1.000000e+04         1.200364e+03        1.133635e+01         5.698000e+03         4.110018e+03        3.034035e-02                                           1.013336e-01    3.183293e-01                       0.0405948           0.0115152                 0.0818182                0.626061                 2.313000e+04 
2.043360e-01    2.807216e-01    2.242468e-01   4.000000e+00         1.000000e+01         9.202030e+00        1.133635e+01         5.698000e+03         1.890496e+02        3.881320e-02                                           1.487554e+00    1.219653e+00                       0.702287            0.00502646                0.21353                  0.362547                 1.576160e+05 
2.043360e-01    2.807216e-01    2.409447e-01   1.000000e+01         1.000000e+02         4.310632e+01        1.133635e+01         5.698000e+03         3.247878e+02        3.197842e-02                                           5.423762e+01    7.364619e+00                       11.9656             0.00052189                0.183565                 0.051117                 9.765210e+05 
2.043360e-01    2.807216e-01    2.427606e-01   1.000000e+02         1.000000e+03         2.410128e+02        1.133635e+01         5.698000e+03         9.338787e+02        2.655599e-02                                           2.897733e+01    5.383059e+00                       5.49323             0.000376847               0.158193                 0.0391018                7.836490e+05 
2.043360e-01    2.807216e-01    2.497339e-01   1.000000e+03         1.000000e+04         1.265920e+03        1.133635e+01         5.698000e+03         3.288676e+03        1.792247e-02                                           4.214887e-01    6.492216e-01                       0.0365373           0.00636095                0.103846                 0.250444                 5.406200e+04 
2.807216e-01    3.856620e-01    3.281943e-01   1.000000e+01         1.000000e+02         4.619245e+01        1.133635e+01         5.698000e+03         2.919948e+02        1.707087e-02                                           4.718050e+01    6.868806e+00                       12.7188             0.000435236               0.236038                 0.0575757                9.551060e+05 
2.807216e-01    3.856620e-01    3.312723e-01   1.000000e+02         1.000000e+03         2.594375e+02        1.133635e+01         5.698000e+03         7.914633e+02        1.365800e-02                                           3.445602e+01    5.869925e+00                       7.73044             0.000540638               0.185503                 0.0514297                8.414040e+05 
2.807216e-01    3.856620e-01    3.372702e-01   1.000000e+03         1.000000e+04         1.359266e+03        1.133635e+01         5.698000e+03         2.813478e+03        8.890223e-03                                           9.697480e-01    9.847578e-01                       0.113853            0.00251196                0.170215                 0.0611842                1.008010e+05 
3.856620e-01    5.298317e-01    4.431067e-01   1.000000e+01         1.000000e+02         4.983085e+01        1.133635e+01         5.698000e+03         2.724040e+02        7.870392e-03                                           2.915215e+01    5.399273e+00                       6.02038             0.000862399               0.19628                  0.0335109                9.066350e+05 
3.856620e-01    5.298317e-01    4.463303e-01   1.000000e+02         1.000000e+03         2.835905e+02        1.133635e+01         5.698000e+03         6.897187e+02        5.832172e-03                                           2.891014e+01    5.376815e+00                       4.94634             0.000426848               0.123902                 0.0699914                8.819360e+05 
3.856620e-01    5.298317e-01    4.496418e-01   1.000000e+03         1.000000e+04         1.459684e+03        1.133635e+01         5.698000e+03         2.414278e+03        3.534051e-03                                           1.271948e+00    1.127807e+00                       0.0841257           0.00474684                0.0774864                0.0244575                1.697140e+05 
5.298317e-01    7.278954e-01    5.971872e-01   1.000000e+01         1.000000e+02         5.413091e+01        1.133635e+01         5.698000e+03         2.584602e+02        1.982422e-03                                           9.408276e+00    3.067291e+00                       3.21717             0.00147653                0.278141                 0.22982                  8.382100e+05 
5.298317e-01    7.278954e-01    6.000488e-01   1.000000e+02         1.000000e+03         2.985852e+02        1.133635e+01         5.698000e+03         5.987609e+02        1.326223e-03                                           1.170234e+01    3.420869e+00                       4.40362             0.000409244               0.418941                 0.0372171                9.108050e+05 
5.298317e-01    7.278954e-01    6.029402e-01   1.000000e+03         1.000000e+04         1.551729e+03        1.133635e+01         5.698000e+03         2.046019e+03        7.315612e-04                                           7.581155e-01    8.706983e-01                       0.414752            0.00316045                0.611588                 0.0814425                2.653470e+05 
7.278954e-01    1.000000e+00    7.788196e-01   1.000000e+01         1.000000e+02         5.810590e+01        1.133635e+01         5.698000e+03         2.615903e+02        2.046567e-04                                           7.529706e-01    8.677388e-01                       4.14174             0.00330769                4.38254                  2.63446                  6.196810e+05 
7.278954e-01    1.000000e+00    7.778302e-01   1.000000e+02         1.000000e+03         3.090107e+02        1.133635e+01         5.698000e+03         5.407956e+02        1.152501e-04                                           1.093233e+00    1.045578e+00                       6.81946             0.00285418                5.85086                  1.42211                  9.035190e+05 
7.278954e-01    1.000000e+00    7.791906e-01   1.000000e+03         1.000000e+04         1.682724e+03        1.133635e+01         5.698000e+03         1.748248e+03        5.290482e-05                                           8.908997e-02    2.984794e-01                       0.677294            0.011811                  8.18346                  0.182677                 3.954010e+05 
