           1
       94459
 FASER$\nu$2 $\nu_{\mu}$                                                         
Plot1@Experiment:FASER#nu2 #nu_{#mu}@ExtraLabel:#nu p (CC) @XTitle: x @YTitle: d^{2}#sigma/dxdQ^{2} @Title:Q^{2} > 4 @Ymin:0.01@Xlog@Ylog
Plot2@Experiment:FASER#nu2 #nu_{#mu}@ExtraLabel:#nu p (CC) @XTitle: x @YTitle: d^{2}#sigma/dxdQ^{2} @Title:Q^{2} > 10 @Ymin:0.01@Xlog@Ylog
Plot3@Experiment:FASER#nu2 #nu_{#mu}@ExtraLabel:#nu p (CC) @XTitle: x @YTitle: d^{2}#sigma/dxdQ^{2} @Title:Q^{2} > 100 @Ymin:0.01@Xlog@Ylog
Plot4@Experiment:FASER#nu2 #nu_{#mu}@ExtraLabel:#nu p (CC) @XTitle: x @YTitle: d^{2}#sigma/dxdQ^{2} @Title:Q^{2} > 1000 @Ymin:0.01@Xlog@Ylog
 x           Q2          dummy          data      +- uncor     +- tot     th orig         th mod   therr+         therr-     pull    iset       iplot
 0.15023E-02 0.66059E+01 0.00000E+00 0.16479E+07 0.85216E+03 0.54339E+06 0.48380E+01 -.12534E+03 0.56590E+00 0.56590E+00 0.19340E+04        94459   2/0.15023E-02
 0.20562E-02 0.67118E+01 0.00000E+00 0.53720E+04 0.26894E+02 0.14619E+04 0.36154E+01 -.30338E+02 0.36367E+00 0.36367E+00 0.20088E+03        94459   2/0.20562E-02
 0.28330E-02 0.69221E+01 0.00000E+00 0.11305E+04 0.74376E+01 0.22927E+03 0.26872E+01 0.29537E+02 0.23161E+00 0.23161E+00 0.14803E+03        94459   2/0.28330E-02
 0.28688E-02 0.15881E+02 0.00000E+00 0.11407E+04 0.16773E+02 0.39060E+03 0.26192E+01 0.41181E+02 0.25212E+00 0.25212E+00 0.65553E+02        94459   3/0.28688E-02
 0.38675E-02 0.69694E+01 0.00000E+00 0.37803E+03 0.24987E+01 0.72954E+02 0.19840E+01 0.53048E+02 0.15013E+00 0.15013E+00 0.13006E+03        94459   2/0.38675E-02
 0.39102E-02 0.19235E+02 0.00000E+00 0.45866E+03 0.43825E+01 0.89584E+02 0.19218E+01 0.59960E+02 0.16498E+00 0.16498E+00 0.90975E+02        94459   3/0.39102E-02
 0.53322E-02 0.69235E+01 0.00000E+00 0.44385E+02 0.58806E+00 0.53969E+01 0.14069E+01 0.52558E+02 0.98084E-01 0.98084E-01 -.13898E+02        94459   2/0.53322E-02
 0.53761E-02 0.23722E+02 0.00000E+00 0.53362E+02 0.81651E+00 0.87776E+01 0.13845E+01 0.55977E+02 0.10706E+00 0.10706E+00 -.32025E+01        94459   3/0.53761E-02
 0.72838E-02 0.68645E+01 0.00000E+00 0.13370E+02 0.26397E+00 0.21225E+01 0.10117E+01 0.38667E+02 0.65709E-01 0.65709E-01 -.95835E+02        94459   2/0.72838E-02
 0.73570E-02 0.29858E+02 0.00000E+00 0.14475E+02 0.24013E+00 0.16903E+01 0.10085E+01 0.37463E+02 0.72801E-01 0.72801E-01 -.95730E+02        94459   3/0.73570E-02
 0.10041E-01 0.70167E+01 0.00000E+00 0.87410E+01 0.18083E+00 0.21928E+01 0.71090E+00 0.24200E+02 0.42594E-01 0.42594E-01 -.85490E+02        94459   2/0.10041E-01
 0.10094E-01 0.38414E+02 0.00000E+00 0.93373E+01 0.11653E+00 0.11390E+01 0.70807E+00 0.22769E+02 0.45662E-01 0.45662E-01 -.11527E+03        94459   3/0.10094E-01
 0.13731E-01 0.70598E+01 0.00000E+00 0.44923E+01 0.12032E+00 0.12482E+01 0.49864E+00 0.16763E+02 0.26616E-01 0.26616E-01 -.10198E+03        94459   2/0.13731E-01
 0.13830E-01 0.44869E+02 0.00000E+00 0.47087E+01 0.58902E-01 0.48757E+00 0.49765E+00 0.14658E+02 0.27619E-01 0.27619E-01 -.16890E+03        94459   3/0.13830E-01
 0.18934E-01 0.70920E+01 0.00000E+00 0.24235E+01 0.97154E-01 0.87026E+00 0.34279E+00 0.13632E+02 0.15743E-01 0.15743E-01 -.11537E+03        94459   2/0.18934E-01
 0.18975E-01 0.48422E+02 0.00000E+00 0.25200E+01 0.34923E-01 0.26157E+00 0.35060E+00 0.12113E+02 0.16028E-01 0.16028E-01 -.27469E+03        94459   3/0.18975E-01
 0.19472E-01 0.13199E+03 0.00000E+00 0.22446E+01 0.22488E+00 0.73083E+00 0.28856E+00 0.12766E+02 0.14904E-01 0.14904E-01 -.46786E+02        94459   4/0.19472E-01
 0.25942E-01 0.72059E+01 0.00000E+00 0.21059E+01 0.73805E-01 0.86082E+00 0.23664E+00 0.56343E+01 0.94510E-02 0.94510E-02 -.47807E+02        94459   2/0.25942E-01
 0.25981E-01 0.51293E+02 0.00000E+00 0.22304E+01 0.22654E-01 0.22772E+00 0.24505E+00 0.99886E+01 0.91173E-02 0.91173E-02 -.34246E+03        94459   3/0.25981E-01
 0.26391E-01 0.15344E+03 0.00000E+00 0.19883E+01 0.70319E-01 0.34483E+00 0.20124E+00 0.10801E+02 0.85629E-02 0.85629E-02 -.12533E+03        94459   4/0.26391E-01
 0.35571E-01 0.73742E+01 0.00000E+00 0.17156E+01 0.71657E-01 0.10131E+01 0.16238E+00 -.69593E+00 0.58860E-02 0.58860E-02 0.33653E+02        94459   2/0.35571E-01
 0.35662E-01 0.52287E+02 0.00000E+00 0.17997E+01 0.18856E-01 0.25381E+00 0.16830E+00 0.48810E+01 0.52685E-02 0.52685E-02 -.16342E+03        94459   3/0.35662E-01
 0.36187E-01 0.18413E+03 0.00000E+00 0.16286E+01 0.28937E-01 0.21845E+00 0.13634E+00 0.59460E+01 0.48193E-02 0.48193E-02 -.14920E+03        94459   4/0.36187E-01
 0.48973E-01 0.53874E+02 0.00000E+00 0.13590E+01 0.93136E-02 0.12142E+00 0.11391E+00 0.16788E+01 0.31765E-02 0.31765E-02 -.34339E+02        94459   3/0.48973E-01
 0.49578E-01 0.22664E+03 0.00000E+00 0.12895E+01 0.13693E-01 0.12388E+00 0.90723E-01 0.30682E+01 0.27609E-02 0.27609E-02 -.12990E+03        94459   4/0.49578E-01
 0.67154E-01 0.55263E+02 0.00000E+00 0.13021E+01 0.68583E-02 0.13511E+00 0.75786E-01 0.99625E+00 0.19793E-02 0.19793E-02 0.44600E+02        94459   3/0.67154E-01
 0.68032E-01 0.28763E+03 0.00000E+00 0.12364E+01 0.65991E-02 0.83782E-01 0.58971E-01 0.23147E+01 0.16179E-02 0.16179E-02 -.16340E+03        94459   4/0.68032E-01
 0.92125E-01 0.57003E+02 0.00000E+00 0.12177E+01 0.64319E-02 0.20257E+00 0.49267E-01 0.22258E+01 0.11972E-02 0.11972E-02 -.15673E+03        94459   3/0.92125E-01
 0.93304E-01 0.36595E+03 0.00000E+00 0.11659E+01 0.38707E-02 0.95693E-01 0.37473E-01 0.26126E+01 0.98515E-03 0.98515E-03 -.37376E+03        94459   4/0.93304E-01
 0.12672E+00 0.60593E+02 0.00000E+00 0.11022E+01 0.37229E-02 0.14897E+00 0.30962E-01 0.22903E+01 0.82136E-03 0.82136E-03 -.31913E+03        94459   3/0.12672E+00
 0.12764E+00 0.44484E+03 0.00000E+00 0.10761E+01 0.23941E-02 0.77656E-01 0.23208E-01 0.20948E+01 0.67898E-03 0.67898E-03 -.42546E+03        94459   4/0.12764E+00
 0.17402E+00 0.61610E+02 0.00000E+00 0.10792E+01 0.28757E-02 0.19438E+00 0.18587E-01 0.18668E+01 0.68165E-03 0.68165E-03 -.27390E+03        94459   3/0.17402E+00
 0.17479E+00 0.48760E+03 0.00000E+00 0.10602E+01 0.15682E-02 0.10406E+00 0.13781E-01 0.14013E+01 0.52473E-03 0.52473E-03 -.21753E+03        94459   4/0.17479E+00
 0.17993E+00 0.12705E+04 0.00000E+00 0.10452E+01 0.14481E-01 0.18418E+00 0.96468E-02 0.10091E+01 0.39281E-03 0.39281E-03 0.24876E+01        94459 999/0.17993E+00
 0.23842E+00 0.64612E+02 0.00000E+00 0.10569E+01 0.21243E-02 0.25017E+00 0.10223E-01 0.84948E+00 0.52245E-03 0.52245E-03 0.97652E+02        94459   3/0.23842E+00
 0.23982E+00 0.51402E+03 0.00000E+00 0.10431E+01 0.76983E-03 0.53184E-01 0.73833E-02 0.49981E+00 0.36535E-03 0.36535E-03 0.70576E+03        94459   4/0.23982E+00
 0.24460E+00 0.14620E+04 0.00000E+00 0.10304E+01 0.41908E-02 0.97546E-01 0.49355E-02 0.28010E+00 0.24744E-03 0.24744E-03 0.17905E+03        94459 999/0.24460E+00
 0.32667E+00 0.65297E+02 0.00000E+00 0.10267E+01 0.11728E-02 0.19525E+00 0.48271E-02 0.21152E+00 0.30710E-03 0.30710E-03 0.69508E+03        94459   3/0.32667E+00
 0.32869E+00 0.53350E+03 0.00000E+00 0.10192E+01 0.53120E-03 0.85987E-01 0.33170E-02 0.80521E-01 0.19811E-03 0.19811E-03 0.17671E+04        94459   4/0.32869E+00
 0.33395E+00 0.17507E+04 0.00000E+00 0.10119E+01 0.17685E-02 0.77869E-01 0.20106E-02 -.66495E-02 0.11836E-03 0.11836E-03 0.57590E+03        94459 999/0.33395E+00
 0.44557E+00 0.66631E+02 0.00000E+00 0.10135E+01 0.83443E-03 0.43447E+00 0.16955E-02 -.25566E+00 0.16399E-03 0.16399E-03 0.15210E+04        94459   3/0.44557E+00
 0.45165E+00 0.53937E+03 0.00000E+00 0.10093E+01 0.29147E-03 0.10918E+00 0.10446E-02 -.15209E+00 0.10400E-03 0.10400E-03 0.39848E+04        94459   4/0.45165E+00
 0.45668E+00 0.21360E+04 0.00000E+00 0.10053E+01 0.63112E-03 0.81300E-01 0.54416E-03 -.10375E+00 0.55192E-04 0.55192E-04 0.17573E+04        94459 999/0.45668E+00
 0.61806E+00 0.54990E+03 0.00000E+00 0.10065E+01 0.10522E-03 0.91002E-01 0.16640E-03 0.26009E+00 0.69402E-04 0.69402E-04 0.70940E+04        94459   4/0.61806E+00
 0.62383E+00 0.26487E+04 0.00000E+00 0.10035E+01 0.15013E-03 0.56474E-01 0.68815E-04 0.16826E+00 0.28725E-04 0.28725E-04 0.55630E+04        94459 999/0.62383E+00
 0.84750E+00 0.55822E+03 0.00000E+00 0.10026E+01 0.34009E-04 0.94001E-01 0.11200E-04 0.75880E+00 0.56555E-04 0.56555E-04 0.71688E+04        94459   4/0.84750E+00
 0.85144E+00 0.32512E+04 0.00000E+00 0.10013E+01 0.33789E-04 0.64850E-01 0.37676E-05 0.35321E+00 0.26764E-04 0.26764E-04 0.19180E+05        94459 999/0.85144E+00
