           1
     2669174
 FASER$\nu$2 $\bar{\nu}_{\mu}$                                                   
Plot1@Experiment:FASER#nu2 #bar{#nu}_{#mu}@ExtraLabel:#nu p (CC) @XTitle: x @YTitle: d^{2}#sigma/dxdQ^{2} @Title:Q^{2} > 4 @Ymin:0.01@Xlog@Ylog
Plot2@Experiment:FASER#nu2 #bar{#nu}_{#mu}@ExtraLabel:#nu p (CC) @XTitle: x @YTitle: d^{2}#sigma/dxdQ^{2} @Title:Q^{2} > 10 @Ymin:0.01@Xlog@Ylog
Plot3@Experiment:FASER#nu2 #bar{#nu}_{#mu}@ExtraLabel:#nu p (CC) @XTitle: x @YTitle: d^{2}#sigma/dxdQ^{2} @Title:Q^{2} > 100 @Ymin:0.01@Xlog@Ylog
Plot4@Experiment:FASER#nu2 #bar{#nu}_{#mu}@ExtraLabel:#nu p (CC) @XTitle: x @YTitle: d^{2}#sigma/dxdQ^{2} @Title:Q^{2} > 1000 @Ymin:0.01@Xlog@Ylog
 x           Q2          dummy          data      +- uncor     +- tot     th orig         th mod   therr+         therr-     pull    iset       iplot
 0.20700E-02 0.70000E+01 0.00000E+00 0.36075E+01 0.11927E+01 0.11976E+01 0.35854E+01 0.29322E+01 0.36432E+00 0.36432E+00 0.56621E+00      2669174   2/0.20700E-02
 0.28450E-02 0.70000E+01 0.00000E+00 0.29404E+01 0.56799E+00 0.59607E+00 0.26988E+01 0.23047E+01 0.23633E+00 0.23633E+00 0.11192E+01      2669174   2/0.28450E-02
 0.39050E-02 0.70000E+01 0.00000E+00 0.24746E+01 0.28759E+00 0.32140E+00 0.20013E+01 0.17431E+01 0.15376E+00 0.15376E+00 0.25434E+01      2669174   2/0.39050E-02
 0.39050E-02 0.55000E+02 0.00000E+00 0.24894E+01 0.61979E+00 0.72929E+00 0.18015E+01 0.18316E+01 0.16905E+00 0.16905E+00 0.10614E+01      2669174   3/0.39050E-02
 0.53650E-02 0.70000E+01 0.00000E+00 0.16080E+01 0.15695E+00 0.16527E+00 0.14605E+01 0.13148E+01 0.10067E+00 0.10067E+00 0.18683E+01      2669174   2/0.53650E-02
 0.53650E-02 0.55000E+02 0.00000E+00 0.15911E+01 0.25352E+00 0.27873E+00 0.13267E+01 0.14182E+01 0.11769E+00 0.11769E+00 0.68202E+00      2669174   3/0.53650E-02
 0.73700E-02 0.70000E+01 0.00000E+00 0.10772E+01 0.89798E-01 0.92578E-01 0.10540E+01 0.10000E+01 0.65964E-01 0.65964E-01 0.85974E+00      2669174   2/0.73700E-02
 0.73700E-02 0.55000E+02 0.00000E+00 0.10392E+01 0.10809E+00 0.11478E+00 0.93459E+00 0.10698E+01 0.75602E-01 0.75602E-01 -.28296E+00      2669174   3/0.73700E-02
 0.10125E-01 0.70000E+01 0.00000E+00 0.90636E+00 0.52560E-01 0.58128E-01 0.75446E+00 0.76959E+00 0.42584E-01 0.42584E-01 0.26022E+01      2669174   2/0.10125E-01
 0.10125E-01 0.55000E+02 0.00000E+00 0.86218E+00 0.51350E-01 0.59790E-01 0.65288E+00 0.80357E+00 0.48171E-01 0.48171E-01 0.11416E+01      2669174   3/0.10125E-01
 0.13910E-01 0.70000E+01 0.00000E+00 0.62402E+00 0.33742E-01 0.38685E-01 0.53602E+00 0.57771E+00 0.26695E-01 0.26695E-01 0.13726E+01      2669174   2/0.13910E-01
 0.13910E-01 0.55000E+02 0.00000E+00 0.58912E+00 0.27805E-01 0.32788E-01 0.46604E+00 0.60243E+00 0.29971E-01 0.29971E-01 -.47901E+00      2669174   3/0.13910E-01
 0.19110E-01 0.70000E+01 0.00000E+00 0.36652E+00 0.22807E-01 0.24499E-01 0.37985E+00 0.41648E+00 0.16229E-01 0.16229E-01 -.21903E+01      2669174   2/0.19110E-01
 0.19110E-01 0.55000E+02 0.00000E+00 0.33869E+00 0.15303E-01 0.15989E-01 0.33651E+00 0.43812E+00 0.18029E-01 0.18029E-01 -.64974E+01      2669174   3/0.19110E-01
 0.26255E-01 0.70000E+01 0.00000E+00 0.31089E+00 0.15324E-01 0.19227E-01 0.26873E+00 0.27760E+00 0.97928E-02 0.97928E-02 0.21723E+01      2669174   2/0.26255E-01
 0.26255E-01 0.55000E+02 0.00000E+00 0.29943E+00 0.89356E-02 0.10775E-01 0.24252E+00 0.30448E+00 0.10494E-01 0.10494E-01 -.56530E+00      2669174   3/0.26255E-01
 0.26255E-01 0.55000E+03 0.00000E+00 0.22315E+00 0.55538E-01 0.66353E-01 0.15645E+00 0.22654E+00 0.10497E-01 0.10497E-01 -.61080E-01      2669174   4/0.26255E-01
 0.36070E-01 0.70000E+01 0.00000E+00 0.22610E+00 0.91474E-02 0.10978E-01 0.18957E+00 0.18490E+00 0.58586E-02 0.58586E-02 0.45037E+01      2669174   2/0.36070E-01
 0.36070E-01 0.55000E+02 0.00000E+00 0.22100E+00 0.54803E-02 0.69984E-02 0.17384E+00 0.20477E+00 0.59917E-02 0.59917E-02 0.29623E+01      2669174   3/0.36070E-01
 0.36070E-01 0.55000E+03 0.00000E+00 0.15251E+00 0.17257E-01 0.21153E-01 0.10240E+00 0.13591E+00 0.58820E-02 0.58820E-02 0.96174E+00      2669174   4/0.36070E-01
 0.49555E-01 0.70000E+01 0.00000E+00 0.12045E+00 0.79444E-02 0.90132E-02 0.13394E+00 0.12562E+00 0.35532E-02 0.35532E-02 -.65059E+00      2669174   2/0.49555E-01
 0.49555E-01 0.55000E+02 0.00000E+00 0.11151E+00 0.30866E-02 0.30866E-02 0.12357E+00 0.13683E+00 0.34443E-02 0.34443E-02 -.82054E+01      2669174   3/0.49555E-01
 0.49555E-01 0.55000E+03 0.00000E+00 0.67499E-01 0.59641E-02 0.60899E-02 0.65192E-01 0.79462E-01 0.32246E-02 0.32246E-02 -.20058E+01      2669174   4/0.49555E-01
 0.68080E-01 0.70000E+01 0.00000E+00 0.10290E+00 0.65197E-02 0.91096E-02 0.95005E-01 0.91622E-01 0.22516E-02 0.22516E-02 0.17292E+01      2669174   2/0.68080E-01
 0.68080E-01 0.55000E+02 0.00000E+00 0.98696E-01 0.20141E-02 0.23403E-02 0.87541E-01 0.92214E-01 0.20497E-02 0.20497E-02 0.32184E+01      2669174   3/0.68080E-01
 0.68080E-01 0.55000E+03 0.00000E+00 0.56273E-01 0.24958E-02 0.30292E-02 0.40511E-01 0.46894E-01 0.17799E-02 0.17799E-02 0.37579E+01      2669174   4/0.68080E-01
 0.93530E-01 0.70000E+01 0.00000E+00 0.77322E-01 0.66435E-02 0.10324E-01 0.67554E-01 0.64710E-01 0.15072E-02 0.15072E-02 0.18983E+01      2669174   2/0.93530E-01
 0.93530E-01 0.55000E+02 0.00000E+00 0.74696E-01 0.13316E-02 0.16831E-02 0.61655E-01 0.62445E-01 0.12918E-02 0.12918E-02 0.92006E+01      2669174   3/0.93530E-01
 0.93530E-01 0.55000E+03 0.00000E+00 0.38887E-01 0.10664E-02 0.13529E-02 0.24574E-01 0.28182E-01 0.10174E-02 0.10174E-02 0.10038E+02      2669174   4/0.93530E-01
 0.12850E+00 0.70000E+01 0.00000E+00 0.41248E-01 0.52114E-02 0.62093E-02 0.47959E-01 0.49314E-01 0.97272E-03 0.97272E-03 -.15478E+01      2669174   2/0.12850E+00
 0.12850E+00 0.55000E+02 0.00000E+00 0.36341E-01 0.88980E-03 0.90762E-03 0.43006E-01 0.43739E-01 0.77961E-03 0.77961E-03 -.83141E+01      2669174   3/0.12850E+00
 0.12850E+00 0.55000E+03 0.00000E+00 0.14764E-01 0.49306E-03 0.47809E-03 0.16069E-01 0.17947E-01 0.55549E-03 0.55549E-03 -.64548E+01      2669174   4/0.12850E+00
 0.17654E+00 0.70000E+01 0.00000E+00 0.32441E-01 0.58026E-02 0.78843E-02 0.33402E-01 0.37871E-01 0.63941E-03 0.63941E-03 -.93574E+00      2669174   2/0.17654E+00
 0.17654E+00 0.55000E+02 0.00000E+00 0.29000E-01 0.57938E-03 0.65453E-03 0.29158E-01 0.29938E-01 0.48717E-03 0.48717E-03 -.16187E+01      2669174   3/0.17654E+00
 0.17654E+00 0.55000E+03 0.00000E+00 0.12820E-01 0.30451E-03 0.33968E-03 0.11241E-01 0.12165E-01 0.29118E-03 0.29118E-03 0.21513E+01      2669174   4/0.17654E+00
 0.24253E+00 0.70000E+01 0.00000E+00 0.24110E-01 0.49228E-02 0.75208E-02 0.22145E-01 0.25392E-01 0.41990E-03 0.41990E-03 -.26043E+00      2669174   2/0.24253E+00
 0.24253E+00 0.55000E+02 0.00000E+00 0.21503E-01 0.40372E-03 0.54534E-03 0.18538E-01 0.18949E-01 0.31496E-03 0.31496E-03 0.63270E+01      2669174   3/0.24253E+00
 0.24253E+00 0.55000E+03 0.00000E+00 0.10387E-01 0.17390E-03 0.21068E-03 0.76515E-02 0.81136E-02 0.14764E-03 0.14764E-03 0.13074E+02      2669174   4/0.24253E+00
 0.24253E+00 0.55000E+04 0.00000E+00 0.36881E-02 0.74972E-03 0.11930E-02 0.14577E-02 0.19256E-02 0.89699E-04 0.89699E-04 0.23508E+01      2669174 999/0.24253E+00
 0.33319E+00 0.70000E+01 0.00000E+00 0.12422E-01 0.19434E-02 0.25361E-02 0.13254E-01 0.14359E-01 0.23578E-03 0.23578E-03 -.99673E+00      2669174   2/0.33319E+00
 0.33319E+00 0.55000E+02 0.00000E+00 0.10325E-01 0.26757E-03 0.33292E-03 0.10392E-01 0.11117E-01 0.18170E-03 0.18170E-03 -.29587E+01      2669174   3/0.33319E+00
 0.33319E+00 0.55000E+03 0.00000E+00 0.49386E-02 0.96467E-04 0.10199E-03 0.45806E-02 0.52008E-02 0.10548E-03 0.10548E-03 -.27185E+01      2669174   4/0.33319E+00
 0.33319E+00 0.55000E+04 0.00000E+00 0.12257E-02 0.19098E-03 0.26004E-03 0.66247E-03 0.10940E-02 0.57168E-04 0.57168E-04 0.68994E+00      2669174 999/0.33319E+00
 0.45775E+00 0.70000E+01 0.00000E+00 0.71351E-02 0.16930E-02 0.26200E-02 0.64525E-02 0.66865E-02 0.14898E-03 0.14898E-03 0.26500E+00      2669174   2/0.45775E+00
 0.45775E+00 0.55000E+02 0.00000E+00 0.52918E-02 0.16325E-03 0.24387E-03 0.45245E-02 0.51960E-02 0.13522E-03 0.13522E-03 0.58648E+00      2669174   3/0.45775E+00
 0.45775E+00 0.55000E+03 0.00000E+00 0.25113E-02 0.49067E-04 0.55763E-04 0.20608E-02 0.28409E-02 0.79253E-04 0.79253E-04 -.67175E+01      2669174   4/0.45775E+00
 0.45775E+00 0.55000E+04 0.00000E+00 0.43722E-03 0.51238E-04 0.67848E-04 0.24979E-03 0.69749E-03 0.36392E-04 0.36392E-04 -.50797E+01      2669174 999/0.45775E+00
 0.62887E+00 0.70000E+01 0.00000E+00 0.49545E-02 0.32681E-03 0.99857E-03 0.20107E-02 0.27533E-02 0.75950E-04 0.75950E-04 0.67355E+01      2669174   2/0.62887E+00
 0.62887E+00 0.55000E+02 0.00000E+00 0.37541E-02 0.53073E-04 0.20077E-03 0.11071E-02 0.23700E-02 0.65573E-04 0.65573E-04 0.26078E+02      2669174   3/0.62887E+00
 0.62887E+00 0.55000E+03 0.00000E+00 0.19724E-02 0.17613E-04 0.41947E-04 0.48123E-03 0.15496E-02 0.50317E-04 0.50317E-04 0.24009E+02      2669174   4/0.62887E+00
 0.62887E+00 0.55000E+04 0.00000E+00 0.33106E-03 0.10794E-04 0.28464E-04 0.48079E-04 0.45033E-03 0.23425E-04 0.23425E-04 -.11050E+02      2669174 999/0.62887E+00
 0.86395E+00 0.70000E+01 0.00000E+00 0.20179E-02 0.10844E-03 0.12552E-02 0.22327E-03 0.17155E-02 0.70337E-04 0.70337E-04 0.27884E+01      2669174   2/0.86395E+00
 0.86395E+00 0.55000E+02 0.00000E+00 0.15233E-02 0.64494E-05 0.72493E-04 0.54497E-04 0.15934E-02 0.75571E-04 0.75571E-04 -.10855E+02      2669174   3/0.86395E+00
 0.86395E+00 0.55000E+03 0.00000E+00 0.86238E-03 0.25810E-05 0.20644E-04 0.18673E-04 0.80818E-03 0.45307E-04 0.45307E-04 0.21000E+02      2669174   4/0.86395E+00
 0.86395E+00 0.55000E+04 0.00000E+00 0.14666E-03 0.10788E-05 0.10495E-04 0.15704E-05 0.16605E-03 0.15121E-04 0.15121E-04 -.17980E+02      2669174 999/0.86395E+00
