Experiment = FLArE100 | seed 2 | Neutrino = -14 | Exp. Target density (nucleons / cm3) = 10^(23.9) | Exp. Target Length = 3000 cm | Total Events = 29660.8 |        del_theta = 15.00 mrad, theta_max = 25.0 mrad |        del_Elepton = 30.0 % , Elepton_min = 2.00 GeV, Elepton_max = 10000.00 GeV|        del_Ehadron = 30.0 %, Ehadron_min = 2.00 GeV GeV, Ehadron_max = 10000.00 GeV
x_lower         x_upper         x_avg          Q2_lower[GeV^2]      Q2_upper[GeV^2]      Q2_avg[GeV^2]       E_nu_lower[GeV]      E_nu_upper[GeV]      E_nu_avg[GeV]       d^sigma/dxdQ2(x_avg,Q2_avg,Enu_avg) pb / GeV^2         N_events        N_events_errs = Sqrt[N_events]     N_sys_errs          fraction_error_theta      fraction_error_Elepton   fraction_error_Ehadron   MC_Samples 
3.290345e-03    4.520354e-03    3.946837e-03   4.000000e+00         1.000000e+01         6.139865e+00        1.133635e+01         5.698000e+03         1.334238e+03        9.510537e-01                                           1.132051e+02    1.063979e+01                       1.05956             0.0149951                 0.0714483                0.148217                 8.308400e+05 
4.520354e-03    6.210169e-03    5.405913e-03   4.000000e+00         1.000000e+01         6.285613e+00        1.133635e+01         5.698000e+03         1.090401e+03        6.507279e-01                                           2.010685e+02    1.417986e+01                       34.1988             0.170853                  0.0400519                0.14056                  8.759310e+05 
6.210169e-03    8.531679e-03    7.402717e-03   4.000000e+00         1.000000e+01         6.422511e+00        1.133635e+01         5.698000e+03         8.922922e+02        4.343279e-01                                           3.189057e+02    1.785793e+01                       84.9844             0.263229                  0.061278                 0.106701                 9.082810e+05 
6.210169e-03    8.531679e-03    7.475976e-03   1.000000e+01         1.000000e+02         1.712917e+01        1.133635e+01         5.698000e+03         1.788895e+03        5.965616e-01                                           1.991640e+02    1.411255e+01                       63.578              0.350879                  0.0741448                0.0227976                3.320140e+05 
8.531679e-03    1.172102e-02    1.011335e-02   4.000000e+00         1.000000e+01         6.533115e+00        1.133635e+01         5.698000e+03         7.492498e+02        2.846872e-01                                           4.528421e+02    2.128009e+01                       171.065             0.374475                  0.0281514                0.0924799                9.314790e+05 
8.531679e-03    1.172102e-02    1.020908e-02   1.000000e+01         1.000000e+02         1.898396e+01        1.133635e+01         5.698000e+03         1.518501e+03        3.871107e-01                                           4.011850e+02    2.002960e+01                       165.373             0.424868                  0.0542574                0.00567658               4.834840e+05 
1.172102e-02    1.610262e-02    1.385561e-02   4.000000e+00         1.000000e+01         6.631391e+00        1.133635e+01         5.698000e+03         6.390524e+02        1.948013e-01                                           5.871960e+02    2.423213e+01                       276.192             0.46715                   0.0175072                0.0840704                9.481040e+05 
1.172102e-02    1.610262e-02    1.397880e-02   1.000000e+01         1.000000e+02         2.163388e+01        1.133635e+01         5.698000e+03         1.336024e+03        2.624659e-01                                           7.172730e+02    2.678195e+01                       340.013             0.47472                   0.0324427                0.0196955                6.216990e+05 
1.610262e-02    2.212216e-02    1.898567e-02   4.000000e+00         1.000000e+01         6.731485e+00        1.133635e+01         5.698000e+03         5.503119e+02        1.293515e-01                                           7.004763e+02    2.646651e+01                       374.272             0.53353                   0.0514615                0.0607107                9.594320e+05 
1.610262e-02    2.212216e-02    1.913786e-02   1.000000e+01         1.000000e+02         2.451182e+01        1.133635e+01         5.698000e+03         1.184366e+03        1.762380e-01                                           1.165995e+03    3.414666e+01                       615.476             0.518749                  0.00388383               0.0302207                7.200150e+05 
2.212216e-02    3.039195e-02    2.606674e-02   4.000000e+00         1.000000e+01         6.796201e+00        1.133635e+01         5.698000e+03         4.952436e+02        8.206237e-02                                           7.579580e+02    2.753104e+01                       451.687             0.597354                  0.106123                 0.0553119                9.668040e+05 
2.212216e-02    3.039195e-02    2.626653e-02   1.000000e+01         1.000000e+02         2.769068e+01        1.133635e+01         5.698000e+03         1.047410e+03        1.130924e-01                                           1.701311e+03    4.124695e+01                       971.707             0.555917                  0.0394492                0.0440043                7.907030e+05 
3.039195e-02    4.175319e-02    3.582463e-02   4.000000e+00         1.000000e+01         6.858362e+00        1.133635e+01         5.698000e+03         4.405636e+02        4.888931e-02                                           7.469033e+02    2.732953e+01                       477.288             0.644141                  0.151574                 0.0348203                9.719270e+05 
3.039195e-02    4.175319e-02    3.605192e-02   1.000000e+01         1.000000e+02         3.109655e+01        1.133635e+01         5.698000e+03         9.452742e+02        6.967802e-02                                           2.201185e+03    4.691679e+01                       1307.76             0.571004                  0.0617113                0.044216                 8.419030e+05 
3.039195e-02    4.175319e-02    3.674557e-02   1.000000e+02         1.000000e+03         1.359625e+02        1.133635e+01         5.698000e+03         2.655164e+03        7.168394e-02                                           1.029975e+02    1.014877e+01                       46.524              0.501746                  0.0661305                0.137684                 1.117540e+05 
4.175319e-02    5.736153e-02    4.904626e-02   4.000000e+00         1.000000e+01         6.881358e+00        1.133635e+01         5.698000e+03         4.073365e+02        2.751781e-02                                           6.757680e+02    2.599554e+01                       453.018             0.674995                  0.173399                 0.00269499               9.756430e+05 
4.175319e-02    5.736153e-02    4.933964e-02   1.000000e+01         1.000000e+02         3.419164e+01        1.133635e+01         5.698000e+03         8.530190e+02        4.056927e-02                                           2.557616e+03    5.057288e+01                       1543.76             0.574522                  0.0768739                0.038189                 8.757780e+05 
4.175319e-02    5.736153e-02    5.006802e-02   1.000000e+02         1.000000e+03         1.477726e+02        1.133635e+01         5.698000e+03         2.276113e+03        4.075011e-02                                           2.282672e+02    1.510852e+01                       105.311             0.482313                  0.0596132                0.0646667                1.822260e+05 
5.736153e-02    7.880463e-02    6.708504e-02   4.000000e+00         1.000000e+01         6.892819e+00        1.133635e+01         5.698000e+03         3.774353e+02        1.505238e-02                                           5.726100e+02    2.392927e+01                       402.81              0.711124                  0.228558                 0.0101138                9.779000e+05 
5.736153e-02    7.880463e-02    6.738154e-02   1.000000e+01         1.000000e+02         3.724529e+01        1.133635e+01         5.698000e+03         7.826203e+02        2.272091e-02                                           2.638679e+03    5.136808e+01                       1594.02             0.571855                  0.0955069                0.0338724                9.003530e+05 
5.736153e-02    7.880463e-02    6.838697e-02   1.000000e+02         1.000000e+03         1.606920e+02        1.133635e+01         5.698000e+03         1.974361e+03        2.160927e-02                                           4.007240e+02    2.001809e+01                       185.259             0.450026                  0.068262                 0.0215779                2.780550e+05 
7.880463e-02    1.082637e-01    9.187389e-02   4.000000e+00         1.000000e+01         6.947282e+00        1.133635e+01         5.698000e+03         3.667598e+02        8.638983e-03                                           4.536990e+02    2.130021e+01                       332.472             0.742679                  0.274287                 0.0282809                9.799240e+05 
7.880463e-02    1.082637e-01    9.216232e-02   1.000000e+01         1.000000e+02         3.972511e+01        1.133635e+01         5.698000e+03         7.230362e+02        1.336418e-02                                           2.491490e+03    4.991483e+01                       1483.53             0.560843                  0.115716                 0.0302567                9.159790e+05 
7.880463e-02    1.082637e-01    9.314358e-02   1.000000e+02         1.000000e+03         1.776927e+02        1.133635e+01         5.698000e+03         1.753721e+03        1.242527e-02                                           5.942020e+02    2.437626e+01                       263.331             0.404373                  0.0864562                0.0210621                4.061900e+05 
1.082637e-01    1.487352e-01    1.258598e-01   4.000000e+00         1.000000e+01         6.958036e+00        1.133635e+01         5.698000e+03         3.518223e+02        4.451908e-03                                           3.275911e+02    1.809948e+01                       245.872             0.768402                  0.313292                 0.0526775                9.808950e+05 
1.082637e-01    1.487352e-01    1.263643e-01   1.000000e+01         1.000000e+02         4.150241e+01        1.133635e+01         5.698000e+03         6.756943e+02        7.098347e-03                                           2.087316e+03    4.568715e+01                       1204.62             0.539983                  0.138497                 0.0293218                9.270420e+05 
1.082637e-01    1.487352e-01    1.274792e-01   1.000000e+02         1.000000e+03         1.973611e+02        1.133635e+01         5.698000e+03         1.584328e+03        6.434835e-03                                           7.274757e+02    2.697176e+01                       282.713             0.325438                  0.0894605                0.0579881                5.408780e+05 
1.487352e-01    2.043360e-01    1.731156e-01   4.000000e+00         1.000000e+01         7.023301e+00        1.133635e+01         5.698000e+03         3.444308e+02        1.981073e-03                                           2.085210e+02    1.444026e+01                       157.96              0.785264                  0.345368                 0.102183                 9.815300e+05 
1.487352e-01    2.043360e-01    1.736624e-01   1.000000e+01         1.000000e+02         4.314754e+01        1.133635e+01         5.698000e+03         6.432170e+02        3.349509e-03                                           1.525825e+03    3.906181e+01                       790.181             0.486565                  0.119763                 0.00268621               9.344810e+05 
1.487352e-01    2.043360e-01    1.749613e-01   1.000000e+02         1.000000e+03         2.185800e+02        1.133635e+01         5.698000e+03         1.468431e+03        2.934070e-03                                           7.114406e+02    2.667284e+01                       190.481             0.183237                  0.0697639                0.0813626                6.355650e+05 
2.043360e-01    2.807216e-01    2.368247e-01   4.000000e+00         1.000000e+01         7.091125e+00        1.133635e+01         5.698000e+03         3.341429e+02        7.032445e-04                                           1.060348e+02    1.029732e+01                       77.0208             0.777589                  0.302243                 0.281551                 9.819650e+05 
2.043360e-01    2.807216e-01    2.380025e-01   1.000000e+01         1.000000e+02         4.433701e+01        1.133635e+01         5.698000e+03         6.183185e+02        1.327800e-03                                           9.236590e+02    3.039176e+01                       351.615             0.359075                  0.0331059                0.0911253                9.395970e+05 
2.043360e-01    2.807216e-01    2.392889e-01   1.000000e+02         1.000000e+03         2.429913e+02        1.133635e+01         5.698000e+03         1.388730e+03        1.111704e-03                                           5.432593e+02    2.330792e+01                       19.1928             0.1577                    0.0543911                0.0531353                7.017860e+05 
2.807216e-01    3.856620e-01    3.232478e-01   1.000000e+01         1.000000e+02         4.554934e+01        1.133635e+01         5.698000e+03         6.062160e+02        4.032669e-04                                           4.413697e+02    2.100880e+01                       32.3529             0.0736726                 0.151014                 0.248861                 9.428280e+05 
2.807216e-01    3.856620e-01    3.245882e-01   1.000000e+02         1.000000e+03         2.587307e+02        1.133635e+01         5.698000e+03         1.316370e+03        3.157146e-04                                           3.084143e+02    1.756173e+01                       235.334             0.946745                  0.325344                 0.00956766               7.454110e+05 
3.856620e-01    5.298317e-01    4.352663e-01   1.000000e+01         1.000000e+02         4.475457e+01        1.133635e+01         5.698000e+03         5.950069e+02        1.387809e-04                                           1.684979e+02    1.298067e+01                       117.68              0.597691                  0.511941                 0.575733                 9.454090e+05 
