1.129463e+01 4.124781e+06
1.421909e+01 3.671400e+06
1.790078e+01 3.201000e+06
2.253574e+01 7.044816e+06
2.837082e+01 1.197539e+08
3.571675e+01 9.137403e+06
4.496472e+01 1.179289e+08
5.660723e+01 1.762341e+08
7.126428e+01 3.399406e+08
8.971641e+01 3.780613e+08
1.129463e+02 5.423728e+08
1.421909e+02 5.319888e+08
1.790078e+02 7.362874e+08
2.253574e+02 6.049542e+08
2.837082e+02 7.153238e+08
3.571675e+02 7.525397e+08
4.496472e+02 6.904176e+08
5.660723e+02 5.379355e+08
7.126428e+02 6.026114e+08
8.971641e+02 5.499350e+08
1.129463e+03 6.009605e+08
1.421909e+03 3.898777e+08
1.790078e+03 2.609777e+08
2.253574e+03 1.575254e+08
2.837082e+03 7.580258e+07
3.571675e+03 3.496898e+07
4.496472e+03 8.699718e+06
5.660723e+03 1.081839e+06
7.126428e+03 1.276520e+05
8.971641e+03 8.244000e+02
