1.129463e+01 3.580245e+08
1.421909e+01 6.166560e+08
1.790078e+01 5.967075e+08
2.253574e+01 8.355788e+08
2.837082e+01 1.829633e+09
3.571675e+01 3.013209e+09
4.496472e+01 2.931002e+09
5.660723e+01 3.880957e+09
7.126428e+01 8.003331e+09
8.971641e+01 1.026661e+10
1.129463e+02 1.240911e+10
1.421909e+02 1.622378e+10
1.790078e+02 2.270696e+10
2.253574e+02 2.392388e+10
2.837082e+02 2.907078e+10
3.571675e+02 3.034014e+10
4.496472e+02 2.483799e+10
5.660723e+02 2.277699e+10
7.126428e+02 2.061923e+10
8.971641e+02 1.630969e+10
1.129463e+03 9.180135e+09
1.421909e+03 7.339975e+09
1.790078e+03 5.338277e+09
2.253574e+03 3.239564e+09
2.837082e+03 1.271171e+09
3.571675e+03 6.544494e+08
4.496472e+03 1.804326e+08
5.660723e+03 3.171460e+07
7.126428e+03 1.842797e+06
8.971641e+03 7.085388e+04
