1.129463e+01 1.470521e+00
1.421909e+01 2.303652e+00
1.790078e+01 3.309762e+00
2.253574e+01 5.160476e+00
2.837082e+01 7.131298e+00
3.571675e+01 1.005106e+01
4.496472e+01 1.484877e+01
5.660723e+01 1.865386e+01
7.126428e+01 2.724271e+01
8.971641e+01 3.504401e+01
1.129463e+02 4.213037e+01
1.421909e+02 5.563203e+01
1.790078e+02 7.412493e+01
2.253574e+02 8.506791e+01
2.837082e+02 9.695021e+01
3.571675e+02 1.132791e+02
4.496472e+02 1.247118e+02
5.660723e+02 1.370510e+02
7.126428e+02 1.365722e+02
8.971641e+02 1.071038e+02
1.129463e+03 1.079062e+02
1.421909e+03 8.194928e+01
1.790078e+03 7.579250e+01
2.253574e+03 4.895077e+01
2.837082e+03 2.416247e+01
3.571675e+03 1.476002e+01
4.496472e+03 2.174508e+00
5.660723e+03 6.051747e-01
7.126428e+03 4.992739e-02
8.971641e+03 8.727787e-03
