1.110000000000000092e-03 7.012045999999999557e-01 6.400000000000000355e+00 6.314015894790824035e+00 1.886466987385656768e+00
1.520000000000000084e-03 5.830317999999999889e-01 6.700000000000000178e+00 6.875636609267444577e+00 9.206027888507533063e-01
1.559999999999999972e-03 8.429022999999999932e-01 1.219999999999999929e+01 4.508131762455310998e+00 8.061206492199206597e-01
2.079999999999999818e-03 4.673765999999999754e-01 6.799999999999999822e+00 3.767856890477440768e+00 5.347369877409602346e-01
2.109999999999999896e-03 7.720662999999999832e-01 1.419999999999999929e+01 3.264337832382278037e+00 4.108439142502804953e-01
2.850000000000000103e-03 3.691073999999999744e-01 6.900000000000000355e+00 2.374911794872214710e+00 2.817140127177310549e-01
2.890000000000000208e-03 7.095586999999999867e-01 1.700000000000000000e+01 2.443265174374028348e+00 1.978151644219917626e-01
3.910000000000000281e-03 2.830220999999999987e-01 6.900000000000000355e+00 2.199090481534807573e+00 1.512742604161229909e-01
3.959999999999999978e-03 6.584575000000000289e-01 2.080000000000000071e+01 1.862224710169769093e+00 1.017079884525857875e-01
5.369999999999999774e-03 2.143144999999999911e-01 6.900000000000000355e+00 1.382181997930461925e+00 9.508711811653136614e-02
5.429999999999999931e-03 6.182530999999999999e-01 2.600000000000000000e+01 1.425394885258588262e+00 6.432409461946705931e-02
7.380000000000000275e-03 1.629202999999999901e-01 7.000000000000000000e+00 1.043880037397828087e+00 5.839543762715977693e-02
7.450000000000000025e-03 5.882154000000000549e-01 3.320000000000000284e+01 9.980995791408288076e-01 3.840001633840466055e-02
1.013000000000000012e-02 1.214476000000000028e-01 7.000000000000000000e+00 7.091229744576854621e-01 3.331789708531063265e-02
1.021000000000000033e-02 5.560998000000000330e-01 4.210000000000000142e+01 7.223266691934072670e-01 2.173143472670709814e-02
1.111000000000000008e-02 9.433046999999999960e-01 1.062000000000000028e+02 7.255110168178934282e-01 7.111286541014998075e-02
1.392000000000000008e-02 8.985226999999999797e-02 7.000000000000000000e+00 5.195907075782355555e-01 2.130183705050230081e-02
1.397999999999999937e-02 4.831621999999999861e-01 4.770000000000000284e+01 5.218583288546418952e-01 1.354089839828237843e-02
1.447000000000000022e-02 8.648071000000000508e-01 1.182000000000000028e+02 4.410429427201942310e-01 2.973585079850440613e-02
1.912000000000000158e-02 6.621402999999999317e-02 7.000000000000000000e+00 3.648790825129362148e-01 1.451415861674198483e-02
1.916999999999999954e-02 3.942751999999999923e-01 5.039999999999999858e+01 3.663196170394998896e-01 8.699159720675257029e-03
1.957000000000000059e-02 7.879486999999999464e-01 1.364000000000000057e+02 3.109835543891106280e-01 1.294319357708711288e-02
2.625999999999999862e-02 4.866307000000000271e-02 7.000000000000000000e+00 2.528010685760520015e-01 8.575769625352381437e-03
2.631000000000000005e-02 3.117304000000000186e-01 5.200000000000000000e+01 2.651711963047598819e-01 4.768475917629194302e-03
2.671000000000000110e-02 7.225234000000000378e-01 1.619000000000000057e+02 2.185168814241693069e-01 5.682824637372190131e-03
3.608000000000000096e-02 3.564942000000000111e-02 7.000000000000000000e+00 1.727899605421589491e-01 5.514836584136090583e-03
3.611999999999999933e-02 2.407347999999999988e-01 5.289999999999999858e+01 1.863553465899596973e-01 2.831154532842975260e-03
3.656999999999999834e-02 6.694512999999999714e-01 1.970000000000000000e+02 1.487662108108236403e-01 2.905918437595246453e-03
4.955999999999999989e-02 2.607668999999999959e-02 7.000000000000000000e+00 1.147620098824386758e-01 3.960120657715699745e-03
4.961000000000000132e-02 1.834376000000000062e-01 5.360000000000000142e+01 1.262648546371324676e-01 1.881379198310522381e-03
5.016000000000000320e-02 6.274302000000000490e-01 2.453000000000000114e+02 9.863377092174931138e-02 1.727285197079680328e-03
6.808000000000000163e-02 1.904954999999999843e-02 7.000000000000000000e+00 8.081070132285310403e-02 2.457316107957728882e-03
6.812999999999999612e-02 1.379817000000000127e-01 5.400000000000000000e+01 8.873785038375148204e-02 1.060293809841364020e-03
6.883000000000000229e-02 5.952969000000000177e-01 3.121000000000000227e+02 6.744657947946733345e-02 8.975089253586133976e-04
9.353999999999999815e-02 1.390382000000000076e-02 7.000000000000000000e+00 5.522348560204758811e-02 1.600178195491615578e-03
9.357999999999999652e-02 1.029344999999999982e-01 5.429999999999999716e+01 5.905744763344032006e-02 6.282320955962935206e-04
9.443000000000000005e-02 5.676989000000000063e-01 4.005000000000000000e+02 4.431206334442554240e-02 5.032634277664476937e-04
1.045600000000000002e-01 9.633591999999999711e-01 1.038500000000000000e+03 3.010210495632770211e-02 2.098243654149888407e-03
1.285100000000000131e-01 1.013972999999999958e-02 7.000000000000000000e+00 4.009971973942594997e-02 1.174703519018966942e-03
1.285399999999999876e-01 7.628087999999999536e-02 5.450000000000000000e+01 3.925000804306581770e-02 4.265440188758242985e-04
1.292200000000000015e-01 5.046916999999999653e-01 4.671000000000000227e+02 2.969163977431616211e-02 3.220606924399104128e-04
1.347700000000000009e-01 8.854760999999999882e-01 1.146900000000000091e+03 2.118336869302171743e-02 8.471669086600898792e-04
1.765400000000000025e-01 7.390818000000000387e-03 7.000000000000000000e+00 2.716812792587438782e-02 7.502991403753797844e-04
1.765700000000000047e-01 5.620945000000000108e-02 5.460000000000000142e+01 2.505476783520799167e-02 2.482762107486088509e-04
1.771399999999999919e-01 4.166894999999999905e-01 4.991999999999999886e+02 1.889330325631501800e-02 1.693051344811530128e-04
1.812000000000000000e-01 8.059075999999999462e-01 1.311799999999999955e+03 1.341623482961019562e-02 2.823085448365886545e-04
2.425400000000000056e-01 5.383958000000000320e-03 7.000000000000000000e+00 1.644725376462418190e-02 4.600269497875113245e-04
2.425700000000000078e-01 4.130807000000000229e-02 5.470000000000000284e+01 1.506345240141735396e-02 1.381969168163116606e-04
2.430900000000000005e-01 3.314261000000000013e-01 5.167999999999999545e+02 1.106078085802751285e-02 8.371544722756240459e-05
2.469899999999999873e-01 7.376922999999999675e-01 1.546299999999999955e+03 7.459031121140529547e-03 1.039232818764297504e-04
3.331899999999999862e-01 3.920945000000000333e-03 7.000000000000000000e+00 9.183417688040557830e-03 3.052768356859732169e-04
3.332300000000000262e-01 3.029313000000000144e-02 5.479999999999999716e+01 7.813689502362360442e-03 8.340652903921837874e-05
3.336999999999999966e-01 2.573264000000000107e-01 5.273999999999999773e+02 5.502921211318247650e-03 4.481235015849919167e-05
3.381000000000000116e-01 6.815641999999999534e-01 1.871200000000000045e+03 3.341978314356965594e-03 4.417004244766990323e-05
4.577600000000000002e-01 2.855369999999999870e-03 7.000000000000000000e+00 4.222920784321427048e-03 1.552359423303657164e-04
4.577999999999999847e-01 2.218689000000000078e-02 5.489999999999999858e+01 3.144451755138080468e-03 3.675155599077580638e-05
4.582399999999999807e-01 1.965111999999999970e-01 5.342000000000000455e+02 2.029087254982455454e-03 1.666279099475018923e-05
4.634699999999999931e-01 6.371360999999999830e-01 2.318400000000000091e+03 1.073796920261691195e-03 1.220578824938776505e-05
6.288500000000000201e-01 2.078260000000000177e-03 7.000000000000000000e+00 1.260152178771853934e-03 4.479085532984773693e-05
6.288899999999999491e-01 1.620113999999999929e-02 5.489999999999999858e+01 6.761667598320545520e-04 8.025606982620593931e-06
6.293499999999999650e-01 1.482605999999999924e-01 5.390000000000000000e+02 3.878477244897488214e-04 2.852297949022917180e-06
6.358700000000000463e-01 6.022817999999999783e-01 2.931599999999999909e+03 1.568329010775966850e-04 1.522136558348983773e-06
8.639599999999999502e-01 1.512930000000000004e-03 7.000000000000000000e+00 1.176678639378244480e-04 6.182596065671972750e-06
8.639400000000000412e-01 1.182033000000000042e-02 5.489999999999999858e+01 2.996455042062988455e-05 4.932452816532258077e-07
8.644500000000000517e-01 1.107983000000000023e-01 5.422999999999999545e+02 1.188220492043919631e-05 1.126376118580798559e-07
8.727099999999999858e-01 5.756002000000000063e-01 3.772599999999999909e+03 3.051786302149459193e-06 3.769063297722474183e-08
