# x y Q2 xsec_nu xsec_nub
2.296973e-04 8.319106e-01 5.390570e+00 7.021757e+01 6.891618e+01
4.350038e-04 6.003570e-01 6.257304e+00 4.147825e+01 4.071855e+01
5.573876e-04 5.994670e-01 5.457032e+00 2.944890e+01 2.878877e+01
6.342269e-04 8.589418e-01 1.469592e+01 2.929049e+01 2.846915e+01
8.038459e-04 4.648083e-01 6.082763e+00 2.228931e+01 2.183788e+01
8.175060e-04 6.548047e-01 1.464817e+01 2.486239e+01 2.423301e+01
1.118103e-03 5.347795e-01 6.621603e+00 1.467192e+01 1.423617e+01
1.084519e-03 6.711066e-01 1.863614e+01 1.858991e+01 1.802798e+01
1.514041e-03 4.521583e-01 6.508176e+00 1.090395e+01 1.057350e+01
1.551358e-03 6.602704e-01 2.044298e+01 1.237404e+01 1.190849e+01
2.059690e-03 4.084834e-01 6.634648e+00 7.885941e+00 7.621379e+00
2.073308e-03 6.367597e-01 2.365043e+01 9.101455e+00 8.704389e+00
2.820484e-03 3.587420e-01 6.646990e+00 5.653228e+00 5.446610e+00
2.860357e-03 6.091867e-01 2.484499e+01 6.447267e+00 6.118762e+00
3.239685e-03 6.236696e-01 1.137688e+02 6.759069e+00 6.418680e+00
3.905209e-03 3.200733e-01 6.829272e+00 3.988569e+00 3.825620e+00
3.936836e-03 5.558664e-01 2.819720e+01 4.611608e+00 4.343460e+00
3.950295e-03 7.973779e-01 1.245642e+02 4.714460e+00 4.370565e+00
5.340516e-03 2.914830e-01 6.568206e+00 2.775717e+00 2.645343e+00
5.368669e-03 5.438357e-01 3.009082e+01 3.190114e+00 2.961841e+00
5.494747e-03 7.390017e-01 1.375742e+02 3.215324e+00 2.931751e+00
7.381882e-03 2.304327e-01 7.060473e+00 2.025272e+00 1.931372e+00
7.442576e-03 4.959400e-01 3.410340e+01 2.235154e+00 2.049536e+00
7.514802e-03 7.005567e-01 1.551289e+02 2.212736e+00 1.974984e+00
1.009188e-02 1.955276e-01 6.770810e+00 1.422880e+00 1.352046e+00
1.009983e-02 4.424882e-01 3.510175e+01 1.593046e+00 1.443855e+00
1.041316e-02 6.776020e-01 1.616074e+02 1.477455e+00 1.277699e+00
1.377389e-02 1.768657e-01 6.915338e+00 1.006257e+00 9.497065e-01
1.387359e-02 3.856445e-01 3.707888e+01 1.122292e+00 1.005168e+00
1.392700e-02 6.497064e-01 1.863557e+02 1.038059e+00 8.681327e-01
1.898911e-02 1.596468e-01 6.843353e+00 7.001747e-01 6.553243e-01
1.910191e-02 3.549513e-01 3.926949e+01 7.733179e-01 6.782558e-01
1.919110e-02 6.218266e-01 2.100341e+02 7.001688e-01 5.586555e-01
2.022097e-02 9.155595e-01 1.307579e+03 4.687375e-01 3.437645e-01
2.592652e-02 1.184523e-01 6.807030e+00 5.026787e-01 4.718474e-01
2.621463e-02 3.306751e-01 4.134353e+01 5.321072e-01 4.546564e-01
2.646244e-02 5.851377e-01 2.258423e+02 4.739419e-01 3.583087e-01
2.613509e-02 8.437002e-01 1.188838e+03 3.530296e-01 2.433226e-01
3.570768e-02 1.037879e-01 6.935006e+00 3.510693e-01 3.267912e-01
3.607817e-02 2.965851e-01 4.411836e+01 3.657264e-01 3.051146e-01
3.640683e-02 5.621780e-01 2.469865e+02 3.184170e-01 2.241786e-01
3.709729e-02 7.341476e-01 1.225752e+03 2.307332e-01 1.463872e-01
4.935439e-02 7.553576e-02 6.940564e+00 2.453182e-01 2.285094e-01
4.934971e-02 2.639332e-01 4.545277e+01 2.517456e-01 2.051222e-01
4.974816e-02 5.255201e-01 2.707018e+02 2.165469e-01 1.420368e-01
5.043175e-02 7.598156e-01 1.346898e+03 1.496806e-01 8.168184e-02
6.746805e-02 5.699726e-02 6.808251e+00 1.720579e-01 1.597638e-01
6.764503e-02 2.213885e-01 4.636546e+01 1.731066e-01 1.394008e-01
6.807621e-02 5.020395e-01 2.992766e+02 1.456908e-01 8.734197e-02
6.860156e-02 7.296052e-01 1.444652e+03 9.940165e-02 4.692271e-02
9.252282e-02 4.458399e-02 6.913884e+00 1.201557e-01 1.109144e-01
9.277981e-02 1.985743e-01 4.755441e+01 1.172707e-01 9.208596e-02
9.352222e-02 4.652950e-01 3.182615e+02 9.768129e-02 5.402346e-02
9.401552e-02 6.892457e-01 1.551371e+03 6.505972e-02 2.625016e-02
1.274629e-01 3.677172e-02 7.034108e+00 8.292894e-02 7.610930e-02
1.277212e-01 1.589774e-01 4.764343e+01 7.893108e-02 6.223286e-02
1.282353e-01 4.338891e-01 3.480745e+02 6.445274e-02 3.293332e-02
1.296842e-01 6.636266e-01 1.690150e+03 4.112404e-02 1.373581e-02
1.761388e-01 3.319683e-02 6.990820e+00 5.542453e-02 5.083526e-02
1.750066e-01 1.374062e-01 4.900699e+01 5.153890e-02 4.042296e-02
1.760239e-01 4.016807e-01 3.664027e+02 4.108805e-02 1.975453e-02
1.773809e-01 6.284395e-01 1.816728e+03 2.535826e-02 7.207940e-03
2.403778e-01 2.088980e-02 6.934923e+00 3.537563e-02 3.338838e-02
2.403204e-01 1.074207e-01 4.908102e+01 3.134002e-02 2.522180e-02
2.410872e-01 3.632708e-01 3.851844e+02 2.424167e-02 1.146582e-02
2.426045e-01 5.931017e-01 1.947828e+03 1.430849e-02 3.587979e-03
2.582165e-01 9.248980e-01 1.186688e+04 2.397285e-03 1.981593e-04
3.277447e-01 1.496620e-02 6.959418e+00 2.029097e-02 1.969822e-02
3.278708e-01 9.147948e-02 5.023413e+01 1.678007e-02 1.381662e-02
3.286532e-01 3.211040e-01 3.988108e+02 1.242927e-02 6.147775e-03
3.313943e-01 5.750432e-01 2.081141e+03 6.851475e-03 1.565387e-03
3.490118e-01 7.984972e-01 1.189436e+04 1.136215e-03 1.000278e-04
4.465699e-01 1.095805e-02 6.933906e+00 9.624531e-03 9.470959e-03
4.446970e-01 6.775823e-02 4.953782e+01 7.242970e-03 6.244438e-03
4.449232e-01 2.816240e-01 4.059220e+02 4.968029e-03 2.681122e-03
4.459131e-01 5.403016e-01 2.215258e+03 2.557759e-03 6.465410e-04
4.566228e-01 7.491374e-01 1.319343e+04 3.827670e-04 4.227902e-05
5.856204e-01 1.097182e-02 7.210914e+00 3.392097e-03 3.407884e-03
6.011375e-01 5.792940e-02 4.877365e+01 1.905798e-03 1.639898e-03
5.977930e-01 2.498705e-01 4.147154e+02 1.172683e-03 6.823826e-04
5.997056e-01 5.048239e-01 2.347238e+03 5.322519e-04 1.585969e-04
6.282452e-01 7.310155e-01 1.359901e+04 5.719836e-05 8.267598e-06
7.813411e-01 4.308596e-02 5.100998e+01 1.878853e-04 1.702989e-04
7.855824e-01 2.240871e-01 4.134667e+02 7.974393e-05 5.323069e-05
7.881388e-01 4.781353e-01 2.713833e+03 2.710357e-05 1.074821e-05
7.474648e-01 6.187110e-01 1.238265e+04 1.070641e-05 2.761230e-06
