Experiment = FLArE10 | seed 2 | Neutrino = -14 | Exp. Target density (nucleons / cm3) = 10^(23.9) | Exp. Target Length = 700 cm | Total Events = 19545.9 |        del_theta = 15.00 mrad, theta_max = 25.0 mrad |        del_Elepton = 30.0 % , Elepton_min = 2.00 GeV, Elepton_max = 10000.00 GeV|        del_Ehadron = 30.0 %, Ehadron_min = 0.01 GeV GeV, Ehadron_max = 10000.00 GeV
x_lower         x_upper         x_avg          Q2_lower[GeV^2]      Q2_upper[GeV^2]      Q2_avg[GeV^2]       E_nu_lower[GeV]      E_nu_upper[GeV]      E_nu_avg[GeV]       d^sigma/dxdQ2(x_avg,Q2_avg,Enu_avg) pb / GeV^2         N_events        N_events_errs = Sqrt[N_events]     N_sys_errs          fraction_error_theta      fraction_error_Elepton   fraction_error_Ehadron   MC_Samples 
1.000000e-04    1.373824e-04    nan            4.000000e+00         1.000000e+01         nan                 1.133635e+01         5.698000e+03         nan                 nan                                                    0.000000e+00    nan                                nan                 nan                       nan                      nan                      nan 
1.000000e-04    1.373824e-04    nan            1.000000e+01         1.000000e+02         nan                 1.133635e+01         5.698000e+03         nan                 nan                                                    0.000000e+00    nan                                nan                 nan                       nan                      nan                      nan 
1.000000e-04    1.373824e-04    nan            1.000000e+02         1.000000e+03         nan                 1.133635e+01         5.698000e+03         nan                 nan                                                    0.000000e+00    nan                                nan                 nan                       nan                      nan                      nan 
1.000000e-04    1.373824e-04    nan            1.000000e+03         1.000000e+04         nan                 1.133635e+01         5.698000e+03         nan                 nan                                                    0.000000e+00    nan                                nan                 nan                       nan                      nan                      nan 
1.000000e-04    1.373824e-04    nan            1.000000e+04         1.000000e+05         nan                 1.133635e+01         5.698000e+03         nan                 nan                                                    0.000000e+00    nan                                nan                 nan                       nan                      nan                      nan 
1.373824e-04    1.887392e-04    nan            4.000000e+00         1.000000e+01         nan                 1.133635e+01         5.698000e+03         nan                 nan                                                    0.000000e+00    nan                                nan                 nan                       nan                      nan                      nan 
1.373824e-04    1.887392e-04    nan            1.000000e+01         1.000000e+02         nan                 1.133635e+01         5.698000e+03         nan                 nan                                                    0.000000e+00    nan                                nan                 nan                       nan                      nan                      nan 
1.373824e-04    1.887392e-04    nan            1.000000e+02         1.000000e+03         nan                 1.133635e+01         5.698000e+03         nan                 nan                                                    0.000000e+00    nan                                nan                 nan                       nan                      nan                      nan 
1.373824e-04    1.887392e-04    nan            1.000000e+03         1.000000e+04         nan                 1.133635e+01         5.698000e+03         nan                 nan                                                    0.000000e+00    nan                                nan                 nan                       nan                      nan                      nan 
1.373824e-04    1.887392e-04    nan            1.000000e+04         1.000000e+05         nan                 1.133635e+01         5.698000e+03         nan                 nan                                                    0.000000e+00    nan                                nan                 nan                       nan                      nan                      nan 
1.887392e-04    2.592944e-04    nan            4.000000e+00         1.000000e+01         nan                 1.133635e+01         5.698000e+03         nan                 nan                                                    0.000000e+00    nan                                nan                 nan                       nan                      nan                      nan 
1.887392e-04    2.592944e-04    nan            1.000000e+01         1.000000e+02         nan                 1.133635e+01         5.698000e+03         nan                 nan                                                    0.000000e+00    nan                                nan                 nan                       nan                      nan                      nan 
1.887392e-04    2.592944e-04    nan            1.000000e+02         1.000000e+03         nan                 1.133635e+01         5.698000e+03         nan                 nan                                                    0.000000e+00    nan                                nan                 nan                       nan                      nan                      nan 
1.887392e-04    2.592944e-04    nan            1.000000e+03         1.000000e+04         nan                 1.133635e+01         5.698000e+03         nan                 nan                                                    0.000000e+00    nan                                nan                 nan                       nan                      nan                      nan 
1.887392e-04    2.592944e-04    nan            1.000000e+04         1.000000e+05         nan                 1.133635e+01         5.698000e+03         nan                 nan                                                    0.000000e+00    nan                                nan                 nan                       nan                      nan                      nan 
2.592944e-04    3.562248e-04    nan            4.000000e+00         1.000000e+01         nan                 1.133635e+01         5.698000e+03         nan                 nan                                                    0.000000e+00    nan                                nan                 nan                       nan                      nan                      nan 
2.592944e-04    3.562248e-04    nan            1.000000e+01         1.000000e+02         nan                 1.133635e+01         5.698000e+03         nan                 nan                                                    0.000000e+00    nan                                nan                 nan                       nan                      nan                      nan 
2.592944e-04    3.562248e-04    nan            1.000000e+02         1.000000e+03         nan                 1.133635e+01         5.698000e+03         nan                 nan                                                    0.000000e+00    nan                                nan                 nan                       nan                      nan                      nan 
2.592944e-04    3.562248e-04    nan            1.000000e+03         1.000000e+04         nan                 1.133635e+01         5.698000e+03         nan                 nan                                                    0.000000e+00    nan                                nan                 nan                       nan                      nan                      nan 
2.592944e-04    3.562248e-04    nan            1.000000e+04         1.000000e+05         nan                 1.133635e+01         5.698000e+03         nan                 nan                                                    0.000000e+00    nan                                nan                 nan                       nan                      nan                      nan 
3.562248e-04    4.893901e-04    nan            4.000000e+00         1.000000e+01         nan                 1.133635e+01         5.698000e+03         nan                 nan                                                    0.000000e+00    nan                                nan                 nan                       nan                      nan                      nan 
3.562248e-04    4.893901e-04    nan            1.000000e+01         1.000000e+02         nan                 1.133635e+01         5.698000e+03         nan                 nan                                                    0.000000e+00    nan                                nan                 nan                       nan                      nan                      nan 
3.562248e-04    4.893901e-04    nan            1.000000e+02         1.000000e+03         nan                 1.133635e+01         5.698000e+03         nan                 nan                                                    0.000000e+00    nan                                nan                 nan                       nan                      nan                      nan 
3.562248e-04    4.893901e-04    nan            1.000000e+03         1.000000e+04         nan                 1.133635e+01         5.698000e+03         nan                 nan                                                    0.000000e+00    nan                                nan                 nan                       nan                      nan                      nan 
3.562248e-04    4.893901e-04    nan            1.000000e+04         1.000000e+05         nan                 1.133635e+01         5.698000e+03         nan                 nan                                                    0.000000e+00    nan                                nan                 nan                       nan                      nan                      nan 
4.893901e-04    6.723358e-04    6.617051e-04   4.000000e+00         1.000000e+01         4.546018e+00        1.133635e+01         5.698000e+03         3.808884e+03        8.329056e+00                                           1.892275e-02    1.375600e-01                       0.0630758           0.666667                  0.666667                 0.0                      6.740600e+04 
4.893901e-04    6.723358e-04    nan            1.000000e+01         1.000000e+02         nan                 1.133635e+01         5.698000e+03         nan                 nan                                                    0.000000e+00    nan                                nan                 nan                       nan                      nan                      nan 
4.893901e-04    6.723358e-04    nan            1.000000e+02         1.000000e+03         nan                 1.133635e+01         5.698000e+03         nan                 nan                                                    0.000000e+00    nan                                nan                 nan                       nan                      nan                      nan 
4.893901e-04    6.723358e-04    nan            1.000000e+03         1.000000e+04         nan                 1.133635e+01         5.698000e+03         nan                 nan                                                    0.000000e+00    nan                                nan                 nan                       nan                      nan                      nan 
4.893901e-04    6.723358e-04    nan            1.000000e+04         1.000000e+05         nan                 1.133635e+01         5.698000e+03         nan                 nan                                                    0.000000e+00    nan                                nan                 nan                       nan                      nan                      nan 
6.723358e-04    9.236709e-04    8.046324e-04   4.000000e+00         1.000000e+01         4.831400e+00        1.133635e+01         5.698000e+03         3.940386e+03        7.502482e+00                                           1.460705e-01    3.821917e-01                       0.343536            0.944444                  0.0185185                0.314815                 2.016810e+05 
6.723358e-04    9.236709e-04    nan            1.000000e+01         1.000000e+02         nan                 1.133635e+01         5.698000e+03         nan                 nan                                                    0.000000e+00    nan                                nan                 nan                       nan                      nan                      nan 
6.723358e-04    9.236709e-04    nan            1.000000e+02         1.000000e+03         nan                 1.133635e+01         5.698000e+03         nan                 nan                                                    0.000000e+00    nan                                nan                 nan                       nan                      nan                      nan 
6.723358e-04    9.236709e-04    nan            1.000000e+03         1.000000e+04         nan                 1.133635e+01         5.698000e+03         nan                 nan                                                    0.000000e+00    nan                                nan                 nan                       nan                      nan                      nan 
6.723358e-04    9.236709e-04    nan            1.000000e+04         1.000000e+05         nan                 1.133635e+01         5.698000e+03         nan                 nan                                                    0.000000e+00    nan                                nan                 nan                       nan                      nan                      nan 
9.236709e-04    1.268961e-03    1.131088e-03   4.000000e+00         1.000000e+01         5.219073e+00        1.133635e+01         5.698000e+03         3.195914e+03        5.196594e+00                                           6.720562e-01    8.197903e-01                       0.962262            0.810606                  0.102273                 0.287879                 3.967980e+05 
9.236709e-04    1.268961e-03    nan            1.000000e+01         1.000000e+02         nan                 1.133635e+01         5.698000e+03         nan                 nan                                                    0.000000e+00    nan                                nan                 nan                       nan                      nan                      nan 
9.236709e-04    1.268961e-03    nan            1.000000e+02         1.000000e+03         nan                 1.133635e+01         5.698000e+03         nan                 nan                                                    0.000000e+00    nan                                nan                 nan                       nan                      nan                      nan 
9.236709e-04    1.268961e-03    nan            1.000000e+03         1.000000e+04         nan                 1.133635e+01         5.698000e+03         nan                 nan                                                    0.000000e+00    nan                                nan                 nan                       nan                      nan                      nan 
9.236709e-04    1.268961e-03    nan            1.000000e+04         1.000000e+05         nan                 1.133635e+01         5.698000e+03         nan                 nan                                                    0.000000e+00    nan                                nan                 nan                       nan                      nan                      nan 
1.268961e-03    1.743329e-03    1.539150e-03   4.000000e+00         1.000000e+01         5.481134e+00        1.133635e+01         5.698000e+03         2.442725e+03        3.518977e+00                                           2.305148e+00    1.518272e+00                       2.52795             0.827757                  0.0830235                0.172243                 5.621780e+05 
1.268961e-03    1.743329e-03    1.573256e-03   1.000000e+01         1.000000e+02         1.123314e+01        1.133635e+01         5.698000e+03         4.518800e+03        4.327340e+00                                           6.959094e-02    2.638009e-01                       0.0953654           0.222222                  0.0740741                0.555556                 1.301400e+04 
1.268961e-03    1.743329e-03    nan            1.000000e+02         1.000000e+03         nan                 1.133635e+01         5.698000e+03         nan                 nan                                                    0.000000e+00    nan                                nan                 nan                       nan                      nan                      nan 
1.268961e-03    1.743329e-03    nan            1.000000e+03         1.000000e+04         nan                 1.133635e+01         5.698000e+03         nan                 nan                                                    0.000000e+00    nan                                nan                 nan                       nan                      nan                      nan 
1.268961e-03    1.743329e-03    nan            1.000000e+04         1.000000e+05         nan                 1.133635e+01         5.698000e+03         nan                 nan                                                    0.000000e+00    nan                                nan                 nan                       nan                      nan                      nan 
1.743329e-03    2.395027e-03    2.096814e-03   4.000000e+00         1.000000e+01         5.608940e+00        1.133635e+01         5.698000e+03         2.001921e+03        2.530236e+00                                           6.283777e+00    2.506746e+00                       4.17826             0.557584                  0.0512821                0.170795                 6.811890e+05 
1.743329e-03    2.395027e-03    2.184225e-03   1.000000e+01         1.000000e+02         1.244817e+01        1.133635e+01         5.698000e+03         3.687737e+03        2.992446e+00                                           4.845219e-01    6.960761e-01                       0.349064            0.102151                  0.102151                 0.231183                 3.648400e+04 
1.743329e-03    2.395027e-03    nan            1.000000e+02         1.000000e+03         nan                 1.133635e+01         5.698000e+03         nan                 nan                                                    0.000000e+00    nan                                nan                 nan                       nan                      nan                      nan 
1.743329e-03    2.395027e-03    nan            1.000000e+03         1.000000e+04         nan                 1.133635e+01         5.698000e+03         nan                 nan                                                    0.000000e+00    nan                                nan                 nan                       nan                      nan                      nan 
1.743329e-03    2.395027e-03    nan            1.000000e+04         1.000000e+05         nan                 1.133635e+01         5.698000e+03         nan                 nan                                                    0.000000e+00    nan                                nan                 nan                       nan                      nan                      nan 
2.395027e-03    3.290345e-03    2.869635e-03   4.000000e+00         1.000000e+01         5.934729e+00        1.133635e+01         5.698000e+03         1.644039e+03        1.859448e+00                                           1.453091e+01    3.811943e+00                       5.41209             0.320353                  0.0557058                0.162791                 7.676010e+05 
2.395027e-03    3.290345e-03    2.946959e-03   1.000000e+01         1.000000e+02         1.311645e+01        1.133635e+01         5.698000e+03         3.005378e+03        2.211023e+00                                           2.198128e+00    1.482608e+00                       0.931268            0.0343511                 0.160305                 0.237913                 7.569900e+04 
2.395027e-03    3.290345e-03    nan            1.000000e+02         1.000000e+03         nan                 1.133635e+01         5.698000e+03         nan                 nan                                                    0.000000e+00    nan                                nan                 nan                       nan                      nan                      nan 
2.395027e-03    3.290345e-03    nan            1.000000e+03         1.000000e+04         nan                 1.133635e+01         5.698000e+03         nan                 nan                                                    0.000000e+00    nan                                nan                 nan                       nan                      nan                      nan 
2.395027e-03    3.290345e-03    nan            1.000000e+04         1.000000e+05         nan                 1.133635e+01         5.698000e+03         nan                 nan                                                    0.000000e+00    nan                                nan                 nan                       nan                      nan                      nan 
3.290345e-03    4.520354e-03    3.943026e-03   4.000000e+00         1.000000e+01         6.096135e+00        1.133635e+01         5.698000e+03         1.363164e+03        1.351576e+00                                           2.952579e+01    5.433764e+00                       6.6203              0.190969                  0.0642319                0.139002                 8.308020e+05 
3.290345e-03    4.520354e-03    3.972767e-03   1.000000e+01         1.000000e+02         1.428936e+01        1.133635e+01         5.698000e+03         2.568947e+03        1.604994e+00                                           7.455967e+00    2.730562e+00                       0.773395            0.0620155                 0.128461                 0.134367                 1.340580e+05 
3.290345e-03    4.520354e-03    nan            1.000000e+02         1.000000e+03         nan                 1.133635e+01         5.698000e+03         nan                 nan                                                    0.000000e+00    nan                                nan                 nan                       nan                      nan                      nan 
3.290345e-03    4.520354e-03    nan            1.000000e+03         1.000000e+04         nan                 1.133635e+01         5.698000e+03         nan                 nan                                                    0.000000e+00    nan                                nan                 nan                       nan                      nan                      nan 
3.290345e-03    4.520354e-03    nan            1.000000e+04         1.000000e+05         nan                 1.133635e+01         5.698000e+03         nan                 nan                                                    0.000000e+00    nan                                nan                 nan                       nan                      nan                      nan 
4.520354e-03    6.210169e-03    5.400903e-03   4.000000e+00         1.000000e+01         6.250716e+00        1.133635e+01         5.698000e+03         1.131033e+03        9.702548e-01                                           5.248298e+01    7.244514e+00                       3.39645             0.034548                  0.0485862                0.131272                 8.753130e+05 
4.520354e-03    6.210169e-03    5.462217e-03   1.000000e+01         1.000000e+02         1.550426e+01        1.133635e+01         5.698000e+03         2.123865e+03        1.102725e+00                                           2.080101e+01    4.560812e+00                       1.65698             0.16601                   0.074147                 0.0620735                2.162640e+05 
4.520354e-03    6.210169e-03    nan            1.000000e+02         1.000000e+03         nan                 1.133635e+01         5.698000e+03         nan                 nan                                                    0.000000e+00    nan                                nan                 nan                       nan                      nan                      nan 
4.520354e-03    6.210169e-03    nan            1.000000e+03         1.000000e+04         nan                 1.133635e+01         5.698000e+03         nan                 nan                                                    0.000000e+00    nan                                nan                 nan                       nan                      nan                      nan 
4.520354e-03    6.210169e-03    nan            1.000000e+04         1.000000e+05         nan                 1.133635e+01         5.698000e+03         nan                 nan                                                    0.000000e+00    nan                                nan                 nan                       nan                      nan                      nan 
6.210169e-03    8.531679e-03    7.407910e-03   4.000000e+00         1.000000e+01         6.384382e+00        1.133635e+01         5.698000e+03         9.349647e+02        6.873652e-01                                           8.424679e+01    9.178605e+00                       2.34109             0.0315661                 0.0822769                0.104751                 9.085690e+05 
6.210169e-03    8.531679e-03    7.477478e-03   1.000000e+01         1.000000e+02         1.700404e+01        1.133635e+01         5.698000e+03         1.811276e+03        7.628766e-01                                           4.860177e+01    6.971497e+00                       8.43752             0.20942                   0.104624                 0.0310359                3.308630e+05 
6.210169e-03    8.531679e-03    nan            1.000000e+02         1.000000e+03         nan                 1.133635e+01         5.698000e+03         nan                 nan                                                    0.000000e+00    nan                                nan                 nan                       nan                      nan                      nan 
6.210169e-03    8.531679e-03    nan            1.000000e+03         1.000000e+04         nan                 1.133635e+01         5.698000e+03         nan                 nan                                                    0.000000e+00    nan                                nan                 nan                       nan                      nan                      nan 
6.210169e-03    8.531679e-03    nan            1.000000e+04         1.000000e+05         nan                 1.133635e+01         5.698000e+03         nan                 nan                                                    0.000000e+00    nan                                nan                 nan                       nan                      nan                      nan 
8.531679e-03    1.172102e-02    1.012327e-02   4.000000e+00         1.000000e+01         6.466649e+00        1.133635e+01         5.698000e+03         7.948599e+02        4.880777e-01                                           1.242226e+02    1.114552e+01                       17.0189             0.147167                  0.0623133                0.0845313                9.320260e+05 
8.531679e-03    1.172102e-02    1.021861e-02   1.000000e+01         1.000000e+02         1.880974e+01        1.133635e+01         5.698000e+03         1.545109e+03        5.175039e-01                                           1.001947e+02    1.000973e+01                       25.6724             0.287708                  0.0816131                0.00131062               4.833980e+05 
8.531679e-03    1.172102e-02    1.123175e-02   1.000000e+02         1.000000e+03         1.107862e+02        1.133635e+01         5.698000e+03         5.338548e+03        4.757183e-01                                           6.563576e-03    8.101590e-02                       0.00875143          1.0                       0.666667                 1.0                      7.290000e+02 
8.531679e-03    1.172102e-02    nan            1.000000e+03         1.000000e+04         nan                 1.133635e+01         5.698000e+03         nan                 nan                                                    0.000000e+00    nan                                nan                 nan                       nan                      nan                      nan 
8.531679e-03    1.172102e-02    nan            1.000000e+04         1.000000e+05         nan                 1.133635e+01         5.698000e+03         nan                 nan                                                    0.000000e+00    nan                                nan                 nan                       nan                      nan                      nan 
1.172102e-02    1.610262e-02    1.388862e-02   4.000000e+00         1.000000e+01         6.540854e+00        1.133635e+01         5.698000e+03         6.873009e+02        3.660904e-01                                           1.715729e+02    1.309859e+01                       41.6171             0.249341                  0.0299963                0.0864925                9.475630e+05 
1.172102e-02    1.610262e-02    1.399056e-02   1.000000e+01         1.000000e+02         2.135880e+01        1.133635e+01         5.698000e+03         1.369883e+03        3.681470e-01                                           1.823733e+02    1.350456e+01                       59.2313             0.343567                  0.0827458                0.00710992               6.211430e+05 
1.172102e-02    1.610262e-02    1.492998e-02   1.000000e+02         1.000000e+03         1.128865e+02        1.133635e+01         5.698000e+03         4.608359e+03        3.237552e-01                                           2.516241e-01    5.016214e-01                       0.207479            0.0701754                 0.684211                 2.03509                  8.724000e+03 
1.172102e-02    1.610262e-02    nan            1.000000e+03         1.000000e+04         nan                 1.133635e+01         5.698000e+03         nan                 nan                                                    0.000000e+00    nan                                nan                 nan                       nan                      nan                      nan 
1.172102e-02    1.610262e-02    nan            1.000000e+04         1.000000e+05         nan                 1.133635e+01         5.698000e+03         nan                 nan                                                    0.000000e+00    nan                                nan                 nan                       nan                      nan                      nan 
1.610262e-02    2.212216e-02    1.904186e-02   4.000000e+00         1.000000e+01         6.632113e+00        1.133635e+01         5.698000e+03         5.984020e+02        2.707132e-01                                           2.217233e+02    1.489038e+01                       69.4354             0.324637                  0.0275817                0.0596512                9.593330e+05 
1.610262e-02    2.212216e-02    1.917185e-02   1.000000e+01         1.000000e+02         2.404552e+01        1.133635e+01         5.698000e+03         1.221975e+03        2.632356e-01                                           3.093234e+02    1.758759e+01                       120.971             0.391816                  0.0506028                0.0172337                7.197020e+05 
1.610262e-02    2.212216e-02    1.975530e-02   1.000000e+02         1.000000e+03         1.197972e+02        1.133635e+01         5.698000e+03         3.882296e+03        2.318286e-01                                           2.000843e+00    1.414512e+00                       0.358128            0.451362                  0.102464                 0.440986                 2.888600e+04 
1.610262e-02    2.212216e-02    nan            1.000000e+03         1.000000e+04         nan                 1.133635e+01         5.698000e+03         nan                 nan                                                    0.000000e+00    nan                                nan                 nan                       nan                      nan                      nan 
1.610262e-02    2.212216e-02    nan            1.000000e+04         1.000000e+05         nan                 1.133635e+01         5.698000e+03         nan                 nan                                                    0.000000e+00    nan                                nan                 nan                       nan                      nan                      nan 
2.212216e-02    3.039195e-02    2.614892e-02   4.000000e+00         1.000000e+01         6.671027e+00        1.133635e+01         5.698000e+03         5.451041e+02        1.990205e-01                                           2.721412e+02    1.649670e+01                       106.573             0.400631                  0.00839254               0.0646933                9.669030e+05 
2.212216e-02    3.039195e-02    2.630818e-02   1.000000e+01         1.000000e+02         2.691785e+01        1.133635e+01         5.698000e+03         1.084859e+03        1.833703e-01                                           4.830605e+02    2.197864e+01                       215.124             0.439678                  0.0239917                0.0292699                7.912530e+05 
2.212216e-02    3.039195e-02    2.691126e-02   1.000000e+02         1.000000e+03         1.275112e+02        1.133635e+01         5.698000e+03         3.215973e+03        1.543239e-01                                           8.874363e+00    2.978987e+00                       3.15295             0.495362                  0.0364873                0.262214                 6.252200e+04 
2.212216e-02    3.039195e-02    nan            1.000000e+03         1.000000e+04         nan                 1.133635e+01         5.698000e+03         nan                 nan                                                    0.000000e+00    nan                                nan                 nan                       nan                      nan                      nan 
2.212216e-02    3.039195e-02    nan            1.000000e+04         1.000000e+05         nan                 1.133635e+01         5.698000e+03         nan                 nan                                                    0.000000e+00    nan                                nan                 nan                       nan                      nan                      nan 
3.039195e-02    4.175319e-02    3.596034e-02   4.000000e+00         1.000000e+01         6.705126e+00        1.133635e+01         5.698000e+03         4.868049e+02        1.422452e-01                                           3.133624e+02    1.770205e+01                       143.112             0.465292                  0.0319226                0.0427272                9.722930e+05 
3.039195e-02    4.175319e-02    3.612124e-02   1.000000e+01         1.000000e+02         2.991541e+01        1.133635e+01         5.698000e+03         9.853318e+02        1.260865e-01                                           6.856027e+02    2.618402e+01                       330.619             0.469353                  0.00786683               0.0294732                8.412020e+05 
3.039195e-02    4.175319e-02    3.680106e-02   1.000000e+02         1.000000e+03         1.362004e+02        1.133635e+01         5.698000e+03         2.702521e+03        9.908308e-02                                           2.796988e+01    5.288656e+00                       11.0453             0.480466                  0.0315356                0.155669                 1.124450e+05 
3.039195e-02    4.175319e-02    nan            1.000000e+03         1.000000e+04         nan                 1.133635e+01         5.698000e+03         nan                 nan                                                    0.000000e+00    nan                                nan                 nan                       nan                      nan                      nan 
3.039195e-02    4.175319e-02    nan            1.000000e+04         1.000000e+05         nan                 1.133635e+01         5.698000e+03         nan                 nan                                                    0.000000e+00    nan                                nan                 nan                       nan                      nan                      nan 
4.175319e-02    5.736153e-02    4.931844e-02   4.000000e+00         1.000000e+01         6.717452e+00        1.133635e+01         5.698000e+03         4.543704e+02        1.008211e-01                                           3.489312e+02    1.867970e+01                       181.335             0.524116                  0.0599248                0.0326897                9.758260e+05 
4.175319e-02    5.736153e-02    4.950799e-02   1.000000e+01         1.000000e+02         3.232551e+01        1.133635e+01         5.698000e+03         8.934400e+02        8.600676e-02                                           9.011178e+02    3.001862e+01                       457.471             0.489069                  0.00208345               0.0267859                8.764120e+05 
4.175319e-02    5.736153e-02    5.017436e-02   1.000000e+02         1.000000e+03         1.470953e+02        1.133635e+01         5.698000e+03         2.320627e+03        6.259474e-02                                           6.725955e+01    8.201192e+00                       29.1157             0.463717                  0.026904                 0.0881898                1.826930e+05 
4.175319e-02    5.736153e-02    nan            1.000000e+03         1.000000e+04         nan                 1.133635e+01         5.698000e+03         nan                 nan                                                    0.000000e+00    nan                                nan                 nan                       nan                      nan                      nan 
4.175319e-02    5.736153e-02    nan            1.000000e+04         1.000000e+05         nan                 1.133635e+01         5.698000e+03         nan                 nan                                                    0.000000e+00    nan                                nan                 nan                       nan                      nan                      nan 
5.736153e-02    7.880463e-02    6.758056e-02   4.000000e+00         1.000000e+01         6.730438e+00        1.133635e+01         5.698000e+03         4.234781e+02        7.090276e-02                                           3.805684e+02    1.950816e+01                       221.384             0.584208                  0.100846                 0.0264715                9.782940e+05 
5.736153e-02    7.880463e-02    6.778894e-02   1.000000e+01         1.000000e+02         3.458198e+01        1.133635e+01         5.698000e+03         8.238291e+02        5.850714e-02                                           1.114857e+03    3.338948e+01                       598.153             0.513627                  0.0194558                0.0264688                8.999420e+05 
5.736153e-02    7.880463e-02    6.862820e-02   1.000000e+02         1.000000e+03         1.585780e+02        1.133635e+01         5.698000e+03         2.029605e+03        3.883022e-02                                           1.357405e+02    1.165077e+01                       62.3907             0.465494                  0.0541906                0.0480377                2.781710e+05 
5.736153e-02    7.880463e-02    nan            1.000000e+03         1.000000e+04         nan                 1.133635e+01         5.698000e+03         nan                 nan                                                    0.000000e+00    nan                                nan                 nan                       nan                      nan                      nan 
5.736153e-02    7.880463e-02    nan            1.000000e+04         1.000000e+05         nan                 1.133635e+01         5.698000e+03         nan                 nan                                                    0.000000e+00    nan                                nan                 nan                       nan                      nan                      nan 
7.880463e-02    1.082637e-01    9.274173e-02   4.000000e+00         1.000000e+01         6.758562e+00        1.133635e+01         5.698000e+03         4.073475e+02        5.220042e-02                                           3.973818e+02    1.993444e+01                       255.615             0.642644                  0.149489                 0.0288578                9.797160e+05 
7.880463e-02    1.082637e-01    9.293341e-02   1.000000e+01         1.000000e+02         3.640282e+01        1.133635e+01         5.698000e+03         7.650613e+02        4.235054e-02                                           1.305012e+03    3.612495e+01                       743.968             0.541555                  0.0509591                0.0283003                9.162900e+05 
7.880463e-02    1.082637e-01    9.372546e-02   1.000000e+02         1.000000e+03         1.735769e+02        1.133635e+01         5.698000e+03         1.817208e+03        2.624092e-02                                           2.316644e+02    1.522052e+01                       111.294             0.465338                  0.0680146                0.0135743                4.059740e+05 
7.880463e-02    1.082637e-01    nan            1.000000e+03         1.000000e+04         nan                 1.133635e+01         5.698000e+03         nan                 nan                                                    0.000000e+00    nan                                nan                 nan                       nan                      nan                      nan 
7.880463e-02    1.082637e-01    nan            1.000000e+04         1.000000e+05         nan                 1.133635e+01         5.698000e+03         nan                 nan                                                    0.000000e+00    nan                                nan                 nan                       nan                      nan                      nan 
1.082637e-01    1.487352e-01    1.273308e-01   4.000000e+00         1.000000e+01         6.762983e+00        1.133635e+01         5.698000e+03         3.889395e+02        3.735597e-02                                           4.107380e+02    2.026667e+01                       286.205             0.692983                  0.20214                  0.0152532                9.809800e+05 
1.082637e-01    1.487352e-01    1.276017e-01   1.000000e+01         1.000000e+02         3.782189e+01        1.133635e+01         5.698000e+03         7.177004e+02        2.994996e-02                                           1.459205e+03    3.819954e+01                       885.771             0.577201                  0.101166                 0.0343461                9.269880e+05 
1.082637e-01    1.487352e-01    1.284485e-01   1.000000e+02         1.000000e+03         1.883674e+02        1.133635e+01         5.698000e+03         1.643461e+03        1.754468e-02                                           3.496276e+02    1.869833e+01                       171.69              0.459136                  0.0893109                0.0114451                5.397580e+05 
1.082637e-01    1.487352e-01    1.335969e-01   1.000000e+03         1.000000e+04         1.078022e+03        1.133635e+01         5.698000e+03         4.919187e+03        6.237862e-03                                           9.223624e-02    3.037042e-01                       0.112733            0.277778                  0.138889                 1.11111                  3.667000e+03 
1.082637e-01    1.487352e-01    nan            1.000000e+04         1.000000e+05         nan                 1.133635e+01         5.698000e+03         nan                 nan                                                    0.000000e+00    nan                                nan                 nan                       nan                      nan                      nan 
1.487352e-01    2.043360e-01    1.751975e-01   4.000000e+00         1.000000e+01         6.774114e+00        1.133635e+01         5.698000e+03         3.786075e+02        2.587972e-02                                           4.072191e+02    2.017967e+01                       308.586             0.750132                  0.286962                 0.0264382                9.816790e+05 
1.487352e-01    2.043360e-01    1.753566e-01   1.000000e+01         1.000000e+02         3.904138e+01        1.133635e+01         5.698000e+03         6.793537e+02        2.024417e-02                                           1.559732e+03    3.949345e+01                       994.875             0.606666                  0.14938                  0.0387931                9.347400e+05 
1.487352e-01    2.043360e-01    1.764741e-01   1.000000e+02         1.000000e+03         2.040779e+02        1.133635e+01         5.698000e+03         1.523688e+03        1.146531e-02                                           4.798607e+02    2.190572e+01                       241.052             0.457171                  0.120748                 0.0395996                6.356360e+05 
1.487352e-01    2.043360e-01    1.819466e-01   1.000000e+03         1.000000e+04         1.137808e+03        1.133635e+01         5.698000e+03         4.442731e+03        3.678058e-03                                           7.847573e-01    8.858653e-01                       0.389596            0.102837                  0.148936                 0.663121                 1.586100e+04 
1.487352e-01    2.043360e-01    nan            1.000000e+04         1.000000e+05         nan                 1.133635e+01         5.698000e+03         nan                 nan                                                    0.000000e+00    nan                                nan                 nan                       nan                      nan                      nan 
2.043360e-01    2.807216e-01    2.402512e-01   4.000000e+00         1.000000e+01         6.780888e+00        1.133635e+01         5.698000e+03         3.653100e+02        1.700161e-02                                           3.810392e+02    1.952023e+01                       303.368             0.790515                  0.359267                 0.0249079                9.822440e+05 
2.043360e-01    2.807216e-01    2.403748e-01   1.000000e+01         1.000000e+02         4.006690e+01        1.133635e+01         5.698000e+03         6.523296e+02        1.280781e-02                                           1.516081e+03    3.893688e+01                       990.715             0.622146                  0.191298                 0.0405278                9.398140e+05 
2.043360e-01    2.807216e-01    2.418629e-01   1.000000e+02         1.000000e+03         2.216430e+02        1.133635e+01         5.698000e+03         1.427467e+03        7.099708e-03                                           5.863493e+02    2.421465e+01                       291.284             0.433814                  0.136434                 0.0474147                7.012930e+05 
2.043360e-01    2.807216e-01    2.476690e-01   1.000000e+03         1.000000e+04         1.195742e+03        1.133635e+01         5.698000e+03         3.816975e+03        1.972734e-03                                           2.696128e+00    1.641989e+00                       1.27893             0.24359                   0.027972                 0.51049                  3.677800e+04 
2.043360e-01    2.807216e-01    nan            1.000000e+04         1.000000e+05         nan                 1.133635e+01         5.698000e+03         nan                 nan                                                    0.000000e+00    nan                                nan                 nan                       nan                      nan                      nan 
2.807216e-01    3.856620e-01    3.286255e-01   4.000000e+00         1.000000e+01         6.758413e+00        1.133635e+01         5.698000e+03         3.599390e+02        1.001122e-02                                           3.207368e+02    1.790913e+01                       266.127             0.82817                   0.432769                 0.0294886                9.825150e+05 
2.807216e-01    3.856620e-01    3.285079e-01   1.000000e+01         1.000000e+02         4.065878e+01        1.133635e+01         5.698000e+03         6.264479e+02        7.135575e-03                                           1.288659e+03    3.589790e+01                       832.275             0.613628                  0.21412                  0.042157                 9.428410e+05 
2.807216e-01    3.856620e-01    3.300310e-01   1.000000e+02         1.000000e+03         2.383118e+02        1.133635e+01         5.698000e+03         1.349322e+03        3.846844e-03                                           6.001300e+02    2.449755e+01                       269.65              0.377753                  0.138965                 0.0764463                7.454150e+05 
2.807216e-01    3.856620e-01    3.369281e-01   1.000000e+03         1.000000e+04         1.258880e+03        1.133635e+01         5.698000e+03         3.479717e+03        1.085874e-03                                           5.831184e+00    2.414785e+00                       2.76974             0.385339                  0.0544824                0.238732                 6.705600e+04 
2.807216e-01    3.856620e-01    nan            1.000000e+04         1.000000e+05         nan                 1.133635e+01         5.698000e+03         nan                 nan                                                    0.000000e+00    nan                                nan                 nan                       nan                      nan                      nan 
3.856620e-01    5.298317e-01    4.458559e-01   4.000000e+00         1.000000e+01         6.745842e+00        1.133635e+01         5.698000e+03         3.545096e+02        5.111176e-03                                           2.174966e+02    1.474777e+01                       181.11              0.840141                  0.461478                 0.000920844              9.828170e+05 
3.856620e-01    5.298317e-01    4.444499e-01   1.000000e+01         1.000000e+02         4.097386e+01        1.133635e+01         5.698000e+03         6.073203e+02        3.446142e-03                                           8.357203e+02    2.890883e+01                       456.261             0.516882                  0.129909                 0.0013836                9.454250e+05 
3.856620e-01    5.298317e-01    4.453155e-01   1.000000e+02         1.000000e+03         2.559670e+02        1.133635e+01         5.698000e+03         1.291467e+03        1.853824e-03                                           4.542969e+02    2.131424e+01                       106.676             0.147612                  0.00527824               0.0965989                7.758910e+05 
3.856620e-01    5.298317e-01    4.513364e-01   1.000000e+03         1.000000e+04         1.326915e+03        1.133635e+01         5.698000e+03         3.140716e+03        5.444787e-04                                           8.496245e+00    2.914832e+00                       6.81409             0.751704                  0.134372                 0.083739                 1.044440e+05 
3.856620e-01    5.298317e-01    nan            1.000000e+04         1.000000e+05         nan                 1.133635e+01         5.698000e+03         nan                 nan                                                    0.000000e+00    nan                                nan                 nan                       nan                      nan                      nan 
5.298317e-01    7.278954e-01    5.896130e-01   4.000000e+00         1.000000e+01         7.085058e+00        1.133635e+01         5.698000e+03         3.533672e+02        1.798271e-03                                           7.505390e+01    8.663365e+00                       57.1279             0.792858                  0.305287                 0.150691                 7.303440e+05 
5.298317e-01    7.278954e-01    6.001048e-01   1.000000e+01         1.000000e+02         4.019377e+01        1.133635e+01         5.698000e+03         5.831172e+02        9.193216e-04                                           3.077006e+02    1.754140e+01                       5.55084             0.00963982                0.444497                 0.382406                 9.473280e+05 
5.298317e-01    7.278954e-01    5.993560e-01   1.000000e+02         1.000000e+03         2.691910e+02        1.133635e+01         5.698000e+03         1.236299e+03        4.615915e-04                                           1.709036e+02    1.307301e+01                       163.121             1.14191                   0.840491                 0.149709                 7.957750e+05 
5.298317e-01    7.278954e-01    6.057598e-01   1.000000e+03         1.000000e+04         1.385019e+03        1.133635e+01         5.698000e+03         2.857174e+03        1.444864e-04                                           5.510389e+00    2.347422e+00                       19.224              3.68141                   1.17799                  0.218009                 1.495680e+05 
5.298317e-01    7.278954e-01    nan            1.000000e+04         1.000000e+05         nan                 1.133635e+01         5.698000e+03         nan                 nan                                                    0.000000e+00    nan                                nan                 nan                       nan                      nan                      nan 
7.278954e-01    1.000000e+00    7.388997e-01   4.000000e+00         1.000000e+01         9.398851e+00        1.133635e+01         5.698000e+03         3.982688e+02        4.726810e-04                                           6.318168e-01    7.948691e-01                       0.213143            0.473896                  0.441767                 0.718876                 1.800400e+04 
7.278954e-01    1.000000e+00    7.758685e-01   1.000000e+01         1.000000e+02         3.998128e+01        1.133635e+01         5.698000e+03         5.750814e+02        1.163559e-04                                           2.988542e+01    5.466756e+00                       142.621             4.76267                   4.32241                  2.92576                  6.972250e+05 
7.278954e-01    1.000000e+00    7.800199e-01   1.000000e+02         1.000000e+03         2.715710e+02        1.133635e+01         5.698000e+03         1.178361e+03        4.528272e-05                                           1.567161e+01    3.958738e+00                       274.262             18.5906                   9.09713                  2.97742                  7.844850e+05 
7.278954e-01    1.000000e+00    7.791444e-01   1.000000e+03         1.000000e+04         1.443340e+03        1.133635e+01         5.698000e+03         2.748960e+03        1.546852e-05                                           7.056792e-01    8.400472e-01                       34.8803             52.6081                   13.2207                  0.527027                 2.000790e+05 
7.278954e-01    1.000000e+00    nan            1.000000e+04         1.000000e+05         nan                 1.133635e+01         5.698000e+03         nan                 nan                                                    0.000000e+00    nan                                nan                 nan                       nan                      nan                      nan 
