           1
     2627477
 FASER$\nu$ $\nu_\mu$                                                            
Plot1@Experiment:FASER#nu #nu_#mu@ExtraLabel:#nu p (CC) @XTitle: x @YTitle: d^{2}#sigma/dxdQ^{2} @Title:Q^{2} > 4 @Ymin:0.01@Xlog@Ylog
Plot2@Experiment:FASER#nu #nu_#mu@ExtraLabel:#nu p (CC) @XTitle: x @YTitle: d^{2}#sigma/dxdQ^{2} @Title:Q^{2} > 10 @Ymin:0.01@Xlog@Ylog
Plot3@Experiment:FASER#nu #nu_#mu@ExtraLabel:#nu p (CC) @XTitle: x @YTitle: d^{2}#sigma/dxdQ^{2} @Title:Q^{2} > 100 @Ymin:0.01@Xlog@Ylog
Plot4@Experiment:FASER#nu #nu_#mu@ExtraLabel:#nu p (CC) @XTitle: x @YTitle: d^{2}#sigma/dxdQ^{2} @Title:Q^{2} > 1000 @Ymin:0.01@Xlog@Ylog
 x           Q2          dummy          data      +- uncor     +- tot     th orig         th mod   therr+         therr-     pull    iset       iplot
 0.74500E-02 0.33200E+02 0.00000E+00 0.11384E+01 0.57351E+00 0.59388E+00 0.10925E+01 0.11078E+01 0.71732E-01 0.71732E-01 0.53326E-01      2627477   3/0.74500E-02
 0.10210E-01 0.42200E+02 0.00000E+00 0.94907E+00 0.38740E+00 0.47011E+00 0.76117E+00 0.77116E+00 0.44837E-01 0.44837E-01 0.45924E+00      2627477   3/0.10210E-01
 0.13980E-01 0.47700E+02 0.00000E+00 0.65584E+00 0.26365E+00 0.31698E+00 0.53427E+00 0.54887E+00 0.26936E-01 0.26936E-01 0.40574E+00      2627477   3/0.13980E-01
 0.19170E-01 0.50400E+02 0.00000E+00 0.39701E+00 0.17920E+00 0.18885E+00 0.37496E+00 0.39155E+00 0.15519E-01 0.15519E-01 0.30467E-01      2627477   3/0.19170E-01
 0.19570E-01 0.13640E+03 0.00000E+00 0.34017E+00 0.16190E+00 0.17341E+00 0.31411E+00 0.33332E+00 0.14642E-01 0.14642E-01 0.42326E-01      2627477   4/0.19570E-01
 0.26260E-01 0.70000E+01 0.00000E+00 0.31659E+00 0.13827E+00 0.16554E+00 0.25526E+00 0.25250E+00 0.89182E-02 0.89182E-02 0.46352E+00      2627477   2/0.26260E-01
 0.26310E-01 0.52000E+02 0.00000E+00 0.34451E+00 0.12224E+00 0.15872E+00 0.26099E+00 0.27364E+00 0.87470E-02 0.87470E-02 0.57976E+00      2627477   3/0.26310E-01
 0.26710E-01 0.16180E+03 0.00000E+00 0.28662E+00 0.10200E+00 0.13420E+00 0.21300E+00 0.22826E+00 0.82996E-02 0.82996E-02 0.57207E+00      2627477   4/0.26710E-01
 0.36080E-01 0.70000E+01 0.00000E+00 0.22532E+00 0.92459E-01 0.11514E+00 0.17410E+00 0.16635E+00 0.54910E-02 0.54910E-02 0.63785E+00      2627477   2/0.36080E-01
 0.36120E-01 0.52900E+02 0.00000E+00 0.24957E+00 0.82520E-01 0.11338E+00 0.17886E+00 0.18302E+00 0.50685E-02 0.50685E-02 0.80654E+00      2627477   3/0.36120E-01
 0.36580E-01 0.19710E+03 0.00000E+00 0.20114E+00 0.66032E-01 0.91751E-01 0.14222E+00 0.14923E+00 0.46859E-02 0.46859E-02 0.78609E+00      2627477   4/0.36580E-01
 0.49560E-01 0.70000E+01 0.00000E+00 0.12340E+00 0.61261E-01 0.63645E-01 0.11801E+00 0.11456E+00 0.34215E-02 0.34215E-02 0.14424E+00      2627477   2/0.49560E-01
 0.49600E-01 0.53600E+02 0.00000E+00 0.13143E+00 0.54730E-01 0.59573E-01 0.12033E+00 0.12222E+00 0.30598E-02 0.30598E-02 0.16827E+00      2627477   3/0.49600E-01
 0.50160E-01 0.24540E+03 0.00000E+00 0.10612E+00 0.42537E-01 0.48117E-01 0.93330E-01 0.98133E-01 0.26702E-02 0.26702E-02 0.18778E+00      2627477   4/0.50160E-01
 0.68090E-01 0.70000E+01 0.00000E+00 0.10423E+00 0.41200E-01 0.52157E-01 0.79394E-01 0.85057E-01 0.20142E-02 0.20142E-02 0.46540E+00      2627477   2/0.68090E-01
 0.68130E-01 0.54000E+02 0.00000E+00 0.11241E+00 0.35951E-01 0.50343E-01 0.79408E-01 0.82589E-01 0.18987E-02 0.18987E-02 0.82946E+00      2627477   3/0.68130E-01
 0.68820E-01 0.31180E+03 0.00000E+00 0.88532E-01 0.27173E-01 0.39609E-01 0.60016E-01 0.65200E-01 0.15615E-02 0.15615E-02 0.85862E+00      2627477   4/0.68820E-01
 0.93540E-01 0.70000E+01 0.00000E+00 0.77393E-01 0.27227E-01 0.38163E-01 0.52568E-01 0.57980E-01 0.12810E-02 0.12810E-02 0.71298E+00      2627477   2/0.93540E-01
 0.93580E-01 0.54300E+02 0.00000E+00 0.82871E-01 0.23064E-01 0.36890E-01 0.51162E-01 0.55471E-01 0.11724E-02 0.11724E-02 0.11880E+01      2627477   3/0.93580E-01
 0.94430E-01 0.40030E+03 0.00000E+00 0.63387E-01 0.16923E-01 0.28191E-01 0.37545E-01 0.42396E-01 0.95150E-03 0.95150E-03 0.12404E+01      2627477   4/0.94430E-01
 0.12850E+00 0.70000E+01 0.00000E+00 0.40161E-01 0.17373E-01 0.20106E-01 0.33958E-01 0.38082E-01 0.91634E-03 0.91634E-03 0.11962E+00      2627477   2/0.12850E+00
 0.12854E+00 0.54500E+02 0.00000E+00 0.39537E-01 0.14309E-01 0.17613E-01 0.31958E-01 0.35730E-01 0.81295E-03 0.81295E-03 0.26602E+00      2627477   3/0.12854E+00
 0.12922E+00 0.46680E+03 0.00000E+00 0.29662E-01 0.10372E-01 0.13187E-01 0.23207E-01 0.26691E-01 0.65828E-03 0.65828E-03 0.28642E+00      2627477   4/0.12922E+00
 0.13476E+00 0.11470E+04 0.00000E+00 0.23243E-01 0.85860E-02 0.11548E-01 0.16525E-01 0.19241E-01 0.51798E-03 0.51798E-03 0.46612E+00      2627477 999/0.13476E+00
 0.17654E+00 0.70000E+01 0.00000E+00 0.33083E-01 0.11016E-01 0.16388E-01 0.20905E-01 0.23205E-01 0.70115E-03 0.70115E-03 0.89668E+00      2627477   2/0.17654E+00
 0.17658E+00 0.54600E+02 0.00000E+00 0.32367E-01 0.85223E-02 0.14365E-01 0.18967E-01 0.21467E-01 0.67006E-03 0.67006E-03 0.12790E+01      2627477   3/0.17658E+00
 0.17715E+00 0.49880E+03 0.00000E+00 0.24769E-01 0.61226E-02 0.10947E-01 0.13702E-01 0.15529E-01 0.51064E-03 0.51064E-03 0.15090E+01      2627477   4/0.17715E+00
 0.18121E+00 0.13126E+04 0.00000E+00 0.18561E-01 0.45038E-02 0.84360E-02 0.95546E-02 0.10802E-01 0.38044E-03 0.38044E-03 0.17228E+01      2627477 999/0.18121E+00
 0.24254E+00 0.70000E+01 0.00000E+00 0.24149E-01 0.64788E-02 0.11895E-01 0.11892E-01 0.11576E-01 0.50460E-03 0.50460E-03 0.19407E+01      2627477   2/0.24254E+00
 0.24258E+00 0.54700E+02 0.00000E+00 0.23211E-01 0.46436E-02 0.10277E-01 0.10292E-01 0.10597E-01 0.50915E-03 0.50915E-03 0.27165E+01      2627477   3/0.24258E+00
 0.24308E+00 0.51670E+03 0.00000E+00 0.17750E-01 0.32566E-02 0.78163E-02 0.72908E-02 0.74039E-02 0.35390E-03 0.35390E-03 0.31770E+01      2627477   4/0.24308E+00
 0.24703E+00 0.15477E+04 0.00000E+00 0.12289E-01 0.21801E-02 0.54663E-02 0.47534E-02 0.46973E-02 0.23455E-03 0.23455E-03 0.34820E+01      2627477 999/0.24703E+00
 0.33319E+00 0.70000E+01 0.00000E+00 0.11844E-01 0.34533E-02 0.60635E-02 0.59880E-02 0.62107E-02 0.35414E-03 0.35414E-03 0.16313E+01      2627477   2/0.33319E+00
 0.33322E+00 0.54800E+02 0.00000E+00 0.10428E-01 0.21726E-02 0.46401E-02 0.47698E-02 0.46962E-02 0.29328E-03 0.29328E-03 0.26383E+01      2627477   3/0.33322E+00
 0.33371E+00 0.52740E+03 0.00000E+00 0.75718E-02 0.14462E-02 0.33400E-02 0.32280E-02 0.31877E-02 0.19051E-03 0.19051E-03 0.30314E+01      2627477   4/0.33371E+00
 0.33811E+00 0.18718E+04 0.00000E+00 0.45123E-02 0.86016E-03 0.20074E-02 0.18817E-02 0.17193E-02 0.10996E-03 0.10996E-03 0.32471E+01      2627477 999/0.33811E+00
 0.45773E+00 0.70000E+01 0.00000E+00 0.70194E-02 0.15753E-02 0.37092E-02 0.23239E-02 0.22523E-02 0.22694E-03 0.22694E-03 0.30262E+01      2627477   2/0.45773E+00
 0.45776E+00 0.54900E+02 0.00000E+00 0.56872E-02 0.75684E-03 0.25407E-02 0.15988E-02 0.15369E-02 0.16091E-03 0.16091E-03 0.54838E+01      2627477   3/0.45776E+00
 0.45823E+00 0.53430E+03 0.00000E+00 0.39048E-02 0.45402E-03 0.17230E-02 0.99432E-03 0.12751E-02 0.10190E-03 0.10190E-03 0.57921E+01      2627477   4/0.45823E+00
 0.46346E+00 0.23181E+04 0.00000E+00 0.21677E-02 0.22813E-03 0.96244E-03 0.48430E-03 0.58185E-03 0.50538E-04 0.50538E-04 0.69514E+01      2627477 999/0.46346E+00
 0.62883E+00 0.70000E+01 0.00000E+00 0.48184E-02 0.51723E-03 0.25689E-02 0.48906E-03 0.13283E-02 0.15876E-03 0.15876E-03 0.67477E+01      2627477   2/0.62883E+00
 0.62893E+00 0.54900E+02 0.00000E+00 0.38949E-02 0.15405E-03 0.17392E-02 0.27011E-03 0.21107E-02 0.10960E-03 0.10960E-03 0.11582E+02      2627477   3/0.62893E+00
 0.62934E+00 0.53890E+03 0.00000E+00 0.26786E-02 0.75841E-04 0.11794E-02 0.14873E-03 0.15384E-02 0.70011E-04 0.70011E-04 0.15033E+02      2627477   4/0.62934E+00
 0.63594E+00 0.29335E+04 0.00000E+00 0.13848E-02 0.31843E-04 0.61266E-03 0.55114E-04 0.65554E-03 0.26225E-04 0.26225E-04 0.22903E+02      2627477 999/0.63594E+00
 0.86405E+00 0.54900E+02 0.00000E+00 0.14289E-02 0.22859E-04 0.65098E-03 0.18293E-04 0.13362E-02 0.72846E-04 0.72846E-04 0.40561E+01      2627477   3/0.86405E+00
 0.86440E+00 0.54200E+03 0.00000E+00 0.98220E-03 0.89383E-05 0.43515E-03 0.99208E-05 0.10347E-02 0.61324E-04 0.61324E-04 -.58784E+01      2627477   4/0.86440E+00
 0.87276E+00 0.37734E+04 0.00000E+00 0.44238E-03 0.36634E-05 0.19771E-03 0.27770E-05 0.41068E-03 0.25360E-04 0.25360E-04 0.86555E+01      2627477 999/0.87276E+00
