Experiment = FASERv2 | seed 1 | Neutrino = 14 | Exp. Target density (nucleons / cm3) = 10^(25.1) | Exp. Target Length = 200 cm | Total Events = 117382.5 |        del_theta = 1.0 mrad, theta_max = 463.6 mrad |        del_Elepton = 30.0 % , Elepton_min = 100.00 GeV, Elepton_max = 5698.00 GeV|        del_Ehadron = 50.0 %, Ehadron_min = 100.00 GeV GeV, Ehadron_max = 5698.00 GeV
x_lower         x_upper         x_avg          Q2_lower[GeV^2]      Q2_upper[GeV^2]      Q2_avg[GeV^2]       E_nu_lower[GeV]      E_nu_upper[GeV]      E_nu_avg[GeV]       d^sigma/dxdQ2(x_avg,Q2_avg,Enu_avg) / GeV^-2           N_events        N_events_errs = Sqrt[N_events]      N_sys_errs          MC_Samples 
6.723358e-04    9.236709e-04    8.117211e-04   4.000000e+00         1.000000e+01         4.839481e+00        1.133635e+01         5.698000e+03         3.804002e+03        7.615449e+00                                           7.119776e-01    8.437876e-01                       0.177994            1.887230e+05 
9.236709e-04    1.268961e-03    1.118143e-03   4.000000e+00         1.000000e+01         5.169729e+00        1.133635e+01         5.698000e+03         3.114294e+03        6.657519e+00                                           3.796619e+00    1.948492e+00                       0.542374            3.809070e+05 
1.268961e-03    1.743329e-03    1.541998e-03   4.000000e+00         1.000000e+01         5.591325e+00        1.133635e+01         5.698000e+03         2.681155e+03        5.242762e+00                                           1.308868e+01    3.617829e+00                       1.95919             5.450980e+05 
1.268961e-03    1.743329e-03    1.542099e-03   1.000000e+01         1.000000e+02         1.099922e+01        1.133635e+01         5.698000e+03         4.510750e+03        5.749547e+00                                           3.462654e-01    5.884432e-01                       0.161591            1.209900e+04 
1.743329e-03    2.395027e-03    2.081036e-03   4.000000e+00         1.000000e+01         5.752524e+00        1.133635e+01         5.698000e+03         2.283883e+03        3.058409e+00                                           2.711228e+01    5.206945e+00                       3.30029             6.649430e+05 
1.743329e-03    2.395027e-03    2.118206e-03   1.000000e+01         1.000000e+02         1.229523e+01        1.133635e+01         5.698000e+03         3.823553e+03        3.109017e+00                                           2.350576e+00    1.533159e+00                       0.539762            3.500200e+04 
2.395027e-03    3.290345e-03    2.898323e-03   4.000000e+00         1.000000e+01         6.067404e+00        1.133635e+01         5.698000e+03         1.856069e+03        2.457687e+00                                           6.140558e+01    7.836171e+00                       1.43833             7.514550e+05 
2.395027e-03    3.290345e-03    2.911697e-03   1.000000e+01         1.000000e+02         1.327588e+01        1.133635e+01         5.698000e+03         3.156661e+03        2.650089e+00                                           1.167578e+01    3.416984e+00                       0.0545597           7.200800e+04 
3.290345e-03    4.520354e-03    3.928130e-03   4.000000e+00         1.000000e+01         6.292195e+00        1.133635e+01         5.698000e+03         1.536820e+03        2.007158e+00                                           1.235796e+02    1.111664e+01                       2.85346             8.148780e+05 
3.290345e-03    4.520354e-03    4.011745e-03   1.000000e+01         1.000000e+02         1.437420e+01        1.133635e+01         5.698000e+03         2.662372e+03        2.166485e+00                                           4.212583e+01    6.490442e+00                       1.1639              1.284460e+05 
4.520354e-03    6.210169e-03    5.322997e-03   4.000000e+00         1.000000e+01         6.418179e+00        1.133635e+01         5.698000e+03         1.341120e+03        1.338001e+00                                           1.728977e+02    1.314906e+01                       14.7389             8.608480e+05 
4.520354e-03    6.210169e-03    5.407081e-03   1.000000e+01         1.000000e+02         1.604036e+01        1.133635e+01         5.698000e+03         2.316489e+03        1.400724e+00                                           9.510113e+01    9.751981e+00                       11.3472             2.086700e+05 
6.210169e-03    8.531679e-03    7.413568e-03   4.000000e+00         1.000000e+01         6.511858e+00        1.133635e+01         5.698000e+03         1.132911e+03        9.109724e-01                                           2.419145e+02    1.555360e+01                       30.9302             8.944170e+05 
6.210169e-03    8.531679e-03    7.496538e-03   1.000000e+01         1.000000e+02         1.826609e+01        1.133635e+01         5.698000e+03         2.036289e+03        9.931965e-01                                           2.097794e+02    1.448376e+01                       39.8398             3.214650e+05 
8.531679e-03    1.172102e-02    1.012632e-02   4.000000e+00         1.000000e+01         6.649182e+00        1.133635e+01         5.698000e+03         1.027773e+03        7.837644e-01                                           3.777537e+02    1.943589e+01                       7.34189             9.189720e+05 
8.531679e-03    1.172102e-02    1.023133e-02   1.000000e+01         1.000000e+02         2.104919e+01        1.133635e+01         5.698000e+03         1.817528e+03        8.615235e-01                                           4.783464e+02    2.187113e+01                       6.6715              4.715190e+05 
8.531679e-03    1.172102e-02    1.129851e-02   1.000000e+02         1.000000e+03         1.057740e+02        1.133635e+01         5.698000e+03         5.123749e+03        7.919048e-01                                           3.188021e-02    1.785503e-01                       0.0212535           6.200000e+02 
1.172102e-02    1.610262e-02    1.379680e-02   4.000000e+00         1.000000e+01         6.719359e+00        1.133635e+01         5.698000e+03         8.997454e+02        5.533842e-01                                           4.544796e+02    2.131853e+01                       23.4075             9.368450e+05 
1.172102e-02    1.610262e-02    1.392404e-02   1.000000e+01         1.000000e+02         2.417825e+01        1.133635e+01         5.698000e+03         1.630068e+03        5.917961e-01                                           8.026426e+02    2.833095e+01                       50.725              6.104270e+05 
1.172102e-02    1.610262e-02    1.473909e-02   1.000000e+02         1.000000e+03         1.096066e+02        1.133635e+01         5.698000e+03         4.457814e+03        5.238680e-01                                           1.573077e+00    1.254224e+00                       0.0374542           8.350000e+03 
1.610262e-02    2.212216e-02    1.910403e-02   4.000000e+00         1.000000e+01         6.784818e+00        1.133635e+01         5.698000e+03         7.976434e+02        3.375387e-01                                           4.769012e+02    2.183807e+01                       85.2303             9.473120e+05 
1.610262e-02    2.212216e-02    1.929993e-02   1.000000e+01         1.000000e+02         2.820125e+01        1.133635e+01         5.698000e+03         1.470837e+03        3.515492e-01                                           1.139539e+03    3.375706e+01                       252.814             7.120030e+05 
1.610262e-02    2.212216e-02    1.992756e-02   1.000000e+02         1.000000e+03         1.196930e+02        1.133635e+01         5.698000e+03         3.817630e+03        3.366432e-01                                           1.462060e+01    3.823690e+00                       1.74195             2.776700e+04 
2.212216e-02    3.039195e-02    2.596507e-02   4.000000e+00         1.000000e+01         7.302610e+00        1.133635e+01         5.698000e+03         7.413631e+02        2.914949e-01                                           5.427476e+02    2.329694e+01                       4.97426             8.099310e+05 
2.212216e-02    3.039195e-02    2.639927e-02   1.000000e+01         1.000000e+02         3.217534e+01        1.133635e+01         5.698000e+03         1.323864e+03        2.987942e-01                                           2.094439e+03    4.576505e+01                       41.4464             7.872070e+05 
2.212216e-02    3.039195e-02    2.701885e-02   1.000000e+02         1.000000e+03         1.270022e+02        1.133635e+01         5.698000e+03         3.216093e+03        2.818591e-01                                           8.288644e+01    9.104199e+00                       3.44626             6.172200e+04 
3.039195e-02    4.175319e-02    3.516808e-02   4.000000e+00         1.000000e+01         8.272651e+00        1.133635e+01         5.698000e+03         6.902011e+02        2.193265e-01                                           3.857887e+02    1.964151e+01                       13.209              5.190610e+05 
3.039195e-02    4.175319e-02    3.597473e-02   1.000000e+01         1.000000e+02         3.597796e+01        1.133635e+01         5.698000e+03         1.195205e+03        2.179810e-01                                           3.053279e+03    5.525648e+01                       10.991              8.400520e+05 
3.039195e-02    4.175319e-02    3.669293e-02   1.000000e+02         1.000000e+03         1.384553e+02        1.133635e+01         5.698000e+03         2.728457e+03        1.990019e-01                                           2.753101e+02    1.659247e+01                       14.6281             1.121650e+05 
4.175319e-02    5.736153e-02    4.521617e-02   4.000000e+00         1.000000e+01         9.231904e+00        1.133635e+01         5.698000e+03         6.768410e+02        1.331565e-01                                           8.835229e+01    9.399590e+00                       15.197              1.289790e+05 
4.175319e-02    5.736153e-02    4.952035e-02   1.000000e+01         1.000000e+02         3.935392e+01        1.133635e+01         5.698000e+03         1.058070e+03        1.179281e-01                                           3.399578e+03    5.830590e+01                       665.679             8.785520e+05 
4.175319e-02    5.736153e-02    5.034351e-02   1.000000e+02         1.000000e+03         1.525149e+02        1.133635e+01         5.698000e+03         2.323843e+03        1.073843e-01                                           6.010558e+02    2.451644e+01                       89.9404             1.855860e+05 
5.736153e-02    7.880463e-02    6.802090e-02   1.000000e+01         1.000000e+02         4.447370e+01        1.133635e+01         5.698000e+03         9.695422e+02        1.012942e-01                                           4.727510e+03    6.875689e+01                       30.7184             8.783220e+05 
5.736153e-02    7.880463e-02    6.912082e-02   1.000000e+02         1.000000e+03         1.701678e+02        1.133635e+01         5.698000e+03         2.016623e+03        9.061302e-02                                           1.556831e+03    3.945669e+01                       31.8944             2.894890e+05 
7.880463e-02    1.082637e-01    9.282348e-02   1.000000e+01         1.000000e+02         5.005573e+01        1.133635e+01         5.698000e+03         8.962710e+02        7.645239e-02                                           5.596431e+03    7.480930e+01                       470.849             8.480840e+05 
7.880463e-02    1.082637e-01    9.413473e-02   1.000000e+02         1.000000e+03         1.924090e+02        1.133635e+01         5.698000e+03         1.770585e+03        6.686057e-02                                           3.189815e+03    5.647845e+01                       287.502             4.320360e+05 
1.082637e-01    1.487352e-01    1.266554e-01   1.000000e+01         1.000000e+02         5.592184e+01        1.133635e+01         5.698000e+03         8.208522e+02        3.960669e-02                                           4.637925e+03    6.810231e+01                       281.208             7.915830e+05 
1.082637e-01    1.487352e-01    1.284390e-01   1.000000e+02         1.000000e+03         2.213177e+02        1.133635e+01         5.698000e+03         1.581784e+03        3.297354e-02                                           4.363183e+03    6.605440e+01                       284.791             5.797060e+05 
1.082637e-01    1.487352e-01    1.374047e-01   1.000000e+03         1.000000e+04         1.096444e+03        1.133635e+01         5.698000e+03         4.686104e+03        2.359875e-02                                           3.007517e+00    1.734219e+00                       0.706684            5.248000e+03 
1.487352e-01    2.043360e-01    1.753040e-01   1.000000e+01         1.000000e+02         6.265866e+01        1.133635e+01         5.698000e+03         7.636576e+02        3.102300e-02                                           4.705815e+03    6.859894e+01                       407.964             7.055870e+05 
1.487352e-01    2.043360e-01    1.777301e-01   1.000000e+02         1.000000e+03         2.568358e+02        1.133635e+01         5.698000e+03         1.422389e+03        2.650901e-02                                           7.482406e+03    8.650090e+01                       596.098             6.897420e+05 
1.487352e-01    2.043360e-01    1.853516e-01   1.000000e+03         1.000000e+04         1.157562e+03        1.133635e+01         5.698000e+03         3.921325e+03        1.915144e-02                                           4.758252e+01    6.898008e+00                       4.19151             2.168600e+04 
2.043360e-01    2.807216e-01    2.387175e-01   1.000000e+01         1.000000e+02         7.038304e+01        1.133635e+01         5.698000e+03         7.226099e+02        2.273312e-02                                           4.240003e+03    6.511531e+01                       974.676             5.787300e+05 
2.043360e-01    2.807216e-01    2.422757e-01   1.000000e+02         1.000000e+03         2.947632e+02        1.133635e+01         5.698000e+03         1.284494e+03        1.888700e-02                                           1.147393e+04    1.071164e+02                       2439.85             7.705600e+05 
2.043360e-01    2.807216e-01    2.479447e-01   1.000000e+03         1.000000e+04         1.235493e+03        1.133635e+01         5.698000e+03         3.337128e+03        1.342874e-02                                           2.504174e+02    1.582458e+01                       56.6613             5.155500e+04 
2.807216e-01    3.856620e-01    3.195429e-01   1.000000e+01         1.000000e+02         7.906304e+01        1.133635e+01         5.698000e+03         6.728260e+02        1.183139e-02                                           2.119081e+03    4.603348e+01                       215.914             4.003030e+05 
2.807216e-01    3.856620e-01    3.257415e-01   1.000000e+02         1.000000e+03         3.276920e+02        1.133635e+01         5.698000e+03         1.156178e+03        9.103893e-03                                           1.049020e+04    1.024217e+02                       331.075             8.278100e+05 
2.807216e-01    3.856620e-01    3.317615e-01   1.000000e+03         1.000000e+04         1.317238e+03        1.133635e+01         5.698000e+03         2.814812e+03        6.008552e-03                                           5.322141e+02    2.306977e+01                       15.8884             9.750300e+04 
3.856620e-01    5.298317e-01    4.327270e-01   1.000000e+01         1.000000e+02         9.035181e+01        1.133635e+01         5.698000e+03         6.395676e+02        5.570054e-03                                           6.103232e+02    2.470472e+01                       24.3718             1.515700e+05 
3.856620e-01    5.298317e-01    4.581732e-01   1.000000e+02         1.000000e+03         3.621165e+02        1.133635e+01         5.698000e+03         1.019704e+03        4.305106e-03                                           1.064576e+04    1.031783e+02                       567.812             8.706570e+05 
3.856620e-01    5.298317e-01    4.661783e-01   1.000000e+03         1.000000e+04         1.434347e+03        1.133635e+01         5.698000e+03         2.330841e+03        2.922927e-03                                           1.113939e+03    3.337573e+01                       47.7873             1.646600e+05 
5.298317e-01    7.278954e-01    5.311478e-01   1.000000e+01         1.000000e+02         9.981641e+01        1.133635e+01         5.698000e+03         6.003891e+02        4.506179e-03                                           2.709508e-01    5.205294e-01                       0.0516097           5.200000e+01 
5.298317e-01    7.278954e-01    6.224341e-01   1.000000e+02         1.000000e+03         4.055017e+02        1.133635e+01         5.698000e+03         9.353784e+02        2.919205e-03                                           1.254995e+04    1.120266e+02                       4033.86             8.822640e+05 
5.298317e-01    7.278954e-01    6.328253e-01   1.000000e+03         1.000000e+04         1.568165e+03        1.133635e+01         5.698000e+03         1.996229e+03        1.924700e-03                                           2.458583e+03    4.958410e+01                       681.725             2.594260e+05 
7.278954e-01    1.000000e+00    8.198401e-01   1.000000e+02         1.000000e+03         4.585211e+02        1.133635e+01         5.698000e+03         8.782039e+02        1.343442e-03                                           7.022978e+03    8.380321e+01                       1442.51             8.575810e+05 
7.278954e-01    1.000000e+00    8.291739e-01   1.000000e+03         1.000000e+04         1.712499e+03        1.133635e+01         5.698000e+03         1.757710e+03        8.521603e-04                                           2.288984e+03    4.784333e+01                       255.821             3.931540e+05 
