Experiment = Comp_FCC | seed 2 | Neutrino = 14 | Exp. Target density (nucleons / cm3) = 10^(23.7) | Exp. Target Length = 120.0 cm | Total Events = 28725.3 |        del_theta = 0.06 mrad, theta_max = 20.8 mrad |        del_Elepton = 30.0 % , Elepton_min = 100.00 GeV, Elepton_max = 100000.00 GeV|        del_Ehadron = 30.0 %, Ehadron_min = 100.00 GeV GeV, Ehadron_max = 100000.00 GeV
x_lower         x_upper         x_avg          Q2_lower[GeV^2]      Q2_upper[GeV^2]      Q2_avg[GeV^2]       E_nu_lower[GeV]      E_nu_upper[GeV]      E_nu_avg[GeV]       d^sigma/dxdQ2(x_avg,Q2_avg,Enu_avg) pb / GeV^2         N_events        N_events_errs = Sqrt[N_events]     N_sys_errs          fraction_error_theta      fraction_error_Elepton   fraction_error_Ehadron   MC_Samples 
1.000000e-04    1.373824e-04    1.238158e-04   4.000000e+00         1.000000e+01         5.409708e+00        1.133635e+01         4.000000e+04         3.271616e+04        1.544244e+02                                           3.175758e-01    5.635386e-01                       0.17996             0.466667                  0.466667                 0.2                      2.228900e+04 
1.373824e-04    1.887392e-04    1.662912e-04   4.000000e+00         1.000000e+01         5.811875e+00        1.133635e+01         4.000000e+04         2.494773e+04        1.089144e+02                                           9.346301e-01    9.667627e-01                       0.237906            0.172727                  0.218182                 0.236364                 4.212500e+04 
1.887392e-04    2.592944e-04    2.288137e-04   4.000000e+00         1.000000e+01         6.030166e+00        1.133635e+01         4.000000e+04         2.116182e+04        7.885606e+01                                           2.056069e+00    1.433900e+00                       0.220837            0.222222                  0.140741                 0.22963                  5.776000e+04 
1.887392e-04    2.592944e-04    2.352288e-04   1.000000e+01         1.000000e+02         1.352808e+01        1.133635e+01         4.000000e+04         3.446801e+04        9.320573e+01                                           2.562139e-01    5.061758e-01                       0.128107            0.325                     0.25                     0.2                      1.578000e+03 
2.592944e-04    3.562248e-04    3.021598e-04   4.000000e+00         1.000000e+01         6.537038e+00        1.133635e+01         4.000000e+04         1.731639e+04        5.846948e+01                                           3.883237e+00    1.970593e+00                       0.41311             0.123404                  0.138298                 0.131915                 6.913400e+04 
2.592944e-04    3.562248e-04    3.026121e-04   1.000000e+01         1.000000e+02         1.276949e+01        1.133635e+01         4.000000e+04         2.932383e+04        7.302658e+01                                           1.050452e+00    1.024916e+00                       0.21009             0.146154                  0.223077                 0.207692                 4.037000e+03 
3.562248e-04    4.893901e-04    4.243539e-04   4.000000e+00         1.000000e+01         6.384626e+00        1.133635e+01         4.000000e+04         1.638018e+04        4.506767e+01                                           6.398249e+00    2.529476e+00                       0.902767            0.143836                  0.167123                 0.0876712                7.764300e+04 
3.562248e-04    4.893901e-04    4.266655e-04   1.000000e+01         1.000000e+02         1.363830e+01        1.133635e+01         4.000000e+04         2.224570e+04        4.978340e+01                                           3.209571e+00    1.791528e+00                       0.887981            0.173333                  0.463333                 0.133333                 8.425000e+03 
4.893901e-04    6.723358e-04    5.738183e-04   4.000000e+00         1.000000e+01         6.407553e+00        1.133635e+01         4.000000e+04         1.214572e+04        3.185645e+01                                           9.636002e+00    3.104191e+00                       0.717098            0.131008                  0.124806                 0.113178                 8.356100e+04 
4.893901e-04    6.723358e-04    5.928081e-04   1.000000e+01         1.000000e+02         1.861262e+01        1.133635e+01         4.000000e+04         2.244673e+04        3.636287e+01                                           7.635571e+00    2.763254e+00                       1.88931             0.133333                  0.280769                 0.0589744                1.413700e+04 
6.723358e-04    9.236709e-04    7.934987e-04   4.000000e+00         1.000000e+01         6.746049e+00        1.133635e+01         4.000000e+04         1.099264e+04        2.342177e+01                                           1.334021e+01    3.652426e+00                       1.85146             0.0727273                 0.224242                 0.0866667                8.794500e+04 
6.723358e-04    9.236709e-04    8.176578e-04   1.000000e+01         1.000000e+02         1.866703e+01        1.133635e+01         4.000000e+04         1.866318e+04        2.644046e+01                                           1.580349e+01    3.975360e+00                       1.15301             0.0617347                 0.117347                 0.0367347                2.305800e+04 
9.236709e-04    1.268961e-03    1.105312e-03   4.000000e+00         1.000000e+01         6.762575e+00        1.133635e+01         4.000000e+04         9.644089e+03        1.667043e+01                                           1.739812e+01    4.171105e+00                       2.8505              0.0375                    0.217411                 0.0495536                9.119700e+04 
9.236709e-04    1.268961e-03    1.094639e-03   1.000000e+01         1.000000e+02         2.153070e+01        1.133635e+01         4.000000e+04         1.728751e+04        1.945071e+01                                           2.947686e+01    5.429259e+00                       4.22472             0.0275964                 0.173294                 0.0332344                3.543600e+04 
1.268961e-03    1.743329e-03    1.492625e-03   4.000000e+00         1.000000e+01         6.852186e+00        1.133635e+01         4.000000e+04         8.126400e+03        1.174375e+01                                           2.199281e+01    4.689649e+00                       4.25667             0.0759857                 0.194265                 0.0648746                9.349500e+04 
1.268961e-03    1.743329e-03    1.523865e-03   1.000000e+01         1.000000e+02         2.767210e+01        1.133635e+01         4.000000e+04         1.672105e+04        1.378957e+01                                           5.039059e+01    7.098633e+00                       5.87608             0.0229866                 0.161913                 0.0397651                5.082200e+04 
1.268961e-03    1.743329e-03    1.667300e-03   1.000000e+02         1.000000e+03         1.055827e+02        1.133635e+01         4.000000e+04         3.671894e+04        1.299220e+01                                           1.077005e-01    3.281776e-01                       0.0538503           0.7                       0.65                     0.5                      1.210000e+02 
1.743329e-03    2.395027e-03    2.054517e-03   4.000000e+00         1.000000e+01         6.737064e+00        1.133635e+01         4.000000e+04         6.757551e+03        8.399970e+00                                           2.710880e+01    5.206611e+00                       2.59237             0.0759563                 0.147541                 0.0587432                9.529400e+04 
1.743329e-03    2.395027e-03    2.064506e-03   1.000000e+01         1.000000e+02         3.193578e+01        1.133635e+01         4.000000e+04         1.455520e+04        9.999836e+00                                           7.823756e+01    8.845200e+00                       9.60005             0.019711                  0.155521                 0.0364293                6.381300e+04 
1.743329e-03    2.395027e-03    2.121057e-03   1.000000e+02         1.000000e+03         1.173925e+02        1.133635e+01         4.000000e+04         3.351031e+04        9.597885e+00                                           1.615150e+00    1.270885e+00                       0.269192            0.108333                  0.141667                 0.0875                   1.092000e+03 
2.395027e-03    3.290345e-03    2.820625e-03   4.000000e+00         1.000000e+01         6.816455e+00        1.133635e+01         4.000000e+04         6.222094e+03        6.139137e+00                                           3.177314e+01    5.636766e+00                       8.95425             0.0561039                 0.293506                 0.027013                 9.639800e+04 
2.395027e-03    3.290345e-03    2.847913e-03   1.000000e+01         1.000000e+02         3.520361e+01        1.133635e+01         4.000000e+04         1.313446e+04        7.395255e+00                                           1.168992e+02    1.081199e+01                       12.2055             0.015162                  0.154859                 0.0417643                7.374500e+04 
2.395027e-03    3.290345e-03    2.885866e-03   1.000000e+02         1.000000e+03         1.274264e+02        1.133635e+01         4.000000e+04         2.809439e+04        6.938046e+00                                           7.319939e+00    2.705539e+00                       1.45527             0.129762                  0.196429                 0.116667                 3.343000e+03 
3.290345e-03    4.520354e-03    3.902898e-03   4.000000e+00         1.000000e+01         6.936160e+00        1.133635e+01         4.000000e+04         5.348741e+03        4.302961e+00                                           3.672549e+01    6.060156e+00                       6.56468             0.0622917                 0.184167                 0.05625                  9.730900e+04 
3.290345e-03    4.520354e-03    3.905841e-03   1.000000e+01         1.000000e+02         3.842777e+01        1.133635e+01         4.000000e+04         1.139271e+04        5.290861e+00                                           1.644000e+02    1.282185e+01                       18.0384             0.0144385                 0.134176                 0.0494895                8.085400e+04 
3.290345e-03    4.520354e-03    3.972066e-03   1.000000e+02         1.000000e+03         1.429157e+02        1.133635e+01         4.000000e+04         2.469538e+04        4.913185e+00                                           2.241919e+01    4.734891e+00                       1.58209             0.0270903                 0.0354515                0.0632107                6.971000e+03 
4.520354e-03    6.210169e-03    5.345857e-03   4.000000e+00         1.000000e+01         6.996192e+00        1.133635e+01         4.000000e+04         5.096627e+03        3.038068e+00                                           4.049872e+01    6.363860e+00                       6.41167             0.0928972                 0.155327                 0.0768224                9.804500e+04 
4.520354e-03    6.210169e-03    5.347136e-03   1.000000e+01         1.000000e+02         4.094827e+01        1.133635e+01         4.000000e+04         1.001865e+04        3.744489e+00                                           2.180510e+02    1.476655e+01                       26.6371             0.00799701                0.167638                 0.0304933                8.591100e+04 
4.520354e-03    6.210169e-03    5.470477e-03   1.000000e+02         1.000000e+03         1.623095e+02        1.133635e+01         4.000000e+04         2.228628e+04        3.434457e+00                                           5.354241e+01    7.317268e+00                       9.09944             0.044905                  0.198618                 0.025734                 1.250700e+04 
6.210169e-03    8.531679e-03    7.354954e-03   4.000000e+00         1.000000e+01         7.090129e+00        1.133635e+01         4.000000e+04         4.169154e+03        2.076470e+00                                           4.301635e+01    6.558685e+00                       9.99353             0.0209125                 0.276426                 0.0330798                9.846300e+04 
6.210169e-03    8.531679e-03    7.362957e-03   1.000000e+01         1.000000e+02         4.296551e+01        1.133635e+01         4.000000e+04         8.926169e+03        2.604254e+00                                           2.728540e+02    1.651829e+01                       32.9529             0.0088811                 0.158253                 0.0175869                8.973500e+04 
6.210169e-03    8.531679e-03    7.455163e-03   1.000000e+02         1.000000e+03         1.800122e+02        1.133635e+01         4.000000e+04         1.941891e+04        2.340598e+00                                           1.077795e+02    1.038169e+01                       2.14931             0.0334061                 0.027147                 0.0587336                2.072900e+04 
8.531679e-03    1.172102e-02    1.006916e-02   4.000000e+00         1.000000e+01         7.012184e+00        1.133635e+01         4.000000e+04         4.406880e+03        1.437242e+00                                           4.593246e+01    6.777349e+00                       10.1245             0.0380282                 0.220951                 0.0299296                9.880600e+04 
8.531679e-03    1.172102e-02    1.008020e-02   1.000000e+01         1.000000e+02         4.347487e+01        1.133635e+01         4.000000e+04         7.629667e+03        1.764569e+00                                           3.314257e+02    1.820510e+01                       31.6195             0.00806565                0.12408                  0.0321454                9.242500e+04 
8.531679e-03    1.172102e-02    1.021633e-02   1.000000e+02         1.000000e+03         2.115946e+02        1.133635e+01         4.000000e+04         1.765085e+04        1.547161e+00                                           1.980255e+02    1.407215e+01                       5.19618             0.0115727                 0.0705384                0.032429                 3.135000e+04 
1.172102e-02    1.610262e-02    1.379942e-02   4.000000e+00         1.000000e+01         7.035826e+00        1.133635e+01         4.000000e+04         3.799800e+03        1.028909e+00                                           4.763393e+01    6.901734e+00                       10.3548             0.0275387                 0.206713                 0.0182444                9.911000e+04 
1.172102e-02    1.610262e-02    1.383650e-02   1.000000e+01         1.000000e+02         4.520410e+01        1.133635e+01         4.000000e+04         6.827179e+03        1.266409e+00                                           3.971302e+02    1.992813e+01                       51.0908             0.00791191                0.151489                 0.0117251                9.455200e+04 
1.172102e-02    1.610262e-02    1.398531e-02   1.000000e+02         1.000000e+03         2.459523e+02        1.133635e+01         4.000000e+04         1.610230e+04        1.071611e+00                                           3.222041e+02    1.795004e+01                       20.2582             0.00788568                0.0955279                0.0325483                4.650000e+04 
1.610262e-02    2.212216e-02    1.889684e-02   4.000000e+00         1.000000e+01         6.984311e+00        1.133635e+01         4.000000e+04         3.383294e+03        7.292788e-01                                           4.826043e+01    6.946973e+00                       4.88088             0.0493506                 0.139773                 0.0467532                9.909900e+04 
1.610262e-02    2.212216e-02    1.900906e-02   1.000000e+01         1.000000e+02         4.674457e+01        1.133635e+01         4.000000e+04         5.987303e+03        8.865915e-01                                           4.557996e+02    2.134946e+01                       53.7628             0.00893235                0.14697                  0.0169662                9.598900e+04 
1.610262e-02    2.212216e-02    1.914960e-02   1.000000e+02         1.000000e+03         2.813533e+02        1.133635e+01         4.000000e+04         1.444892e+04        7.432547e-01                                           4.924068e+02    2.219024e+01                       18.1809             0.00857677                0.0761889                0.0353091                6.127200e+04 
1.610262e-02    2.212216e-02    1.988535e-02   1.000000e+03         1.000000e+04         1.134882e+03        1.133635e+01         4.000000e+04         3.520251e+04        5.201989e-01                                           4.818790e+00    2.195174e+00                       0.65904             0.0676471                 0.148529                 0.158824                 7.390000e+02 
2.212216e-02    3.039195e-02    2.580269e-02   4.000000e+00         1.000000e+01         7.401655e+00        1.133635e+01         4.000000e+04         3.554046e+03        5.193360e-01                                           4.117546e+01    6.416810e+00                       1.5031              0.031068                  0.148155                 0.112233                 8.407400e+04 
2.212216e-02    3.039195e-02    2.607976e-02   1.000000e+01         1.000000e+02         4.853955e+01        1.133635e+01         4.000000e+04         5.281604e+03        6.058738e-01                                           5.058640e+02    2.249142e+01                       47.4406             0.00839062                0.115                    0.0256875                9.700300e+04 
2.212216e-02    3.039195e-02    2.632301e-02   1.000000e+02         1.000000e+03         3.198904e+02        1.133635e+01         4.000000e+04         1.273785e+04        5.009878e-01                                           7.113016e+02    2.667024e+01                       3.81026             0.00919592                0.041812                 0.0477916                7.134900e+04 
2.212216e-02    3.039195e-02    2.688594e-02   1.000000e+03         1.000000e+04         1.250598e+03        1.133635e+01         4.000000e+04         3.085280e+04        3.560123e-01                                           2.422619e+01    4.922010e+00                       2.12383             0.022                     0.057                    0.0783333                2.670000e+03 
3.039195e-02    4.175319e-02    3.526508e-02   4.000000e+00         1.000000e+01         8.314235e+00        1.133635e+01         4.000000e+04         3.334334e+03        3.657555e-01                                           2.581907e+01    5.081247e+00                       1.3547              0.0256173                 0.228395                 0.161111                 5.362600e+04 
3.039195e-02    4.175319e-02    3.585111e-02   1.000000e+01         1.000000e+02         4.983900e+01        1.133635e+01         4.000000e+04         4.778645e+03        4.078148e-01                                           5.380629e+02    2.319618e+01                       62.9719             0.00463755                0.12637                  0.007279                 9.766400e+04 
3.039195e-02    4.175319e-02    3.612482e-02   1.000000e+02         1.000000e+03         3.469481e+02        1.133635e+01         4.000000e+04         1.115069e+04        3.370108e-01                                           9.524325e+02    3.086151e+01                       19.1249             0.00588686                0.0564491                0.0338814                7.920200e+04 
3.039195e-02    4.175319e-02    3.686588e-02   1.000000e+03         1.000000e+04         1.360862e+03        1.133635e+01         4.000000e+04         2.619185e+04        2.343322e-01                                           7.709537e+01    8.780397e+00                       1.78035             0.00927835                0.048866                 0.0270103                5.835000e+03 
4.175319e-02    5.736153e-02    4.516035e-02   4.000000e+00         1.000000e+01         9.201734e+00        1.133635e+01         4.000000e+04         3.954321e+03        2.747608e-01                                           6.962645e+00    2.638682e+00                       2.75341             0.11                      0.0909091                0.446364                 1.324700e+04 
4.175319e-02    5.736153e-02    4.918616e-02   1.000000e+01         1.000000e+02         5.125246e+01        1.133635e+01         4.000000e+04         4.492614e+03        2.719726e-01                                           5.567690e+02    2.359595e+01                       40.4567             0.0115969                 0.080863                 0.0177036                9.800100e+04 
4.175319e-02    5.736153e-02    4.950277e-02   1.000000e+02         1.000000e+03         3.714486e+02        1.133635e+01         4.000000e+04         9.835114e+03        2.247584e-01                                           1.234038e+03    3.512888e+01                       11.2156             0.00374701                0.0406192                0.0323744                8.465400e+04 
4.175319e-02    5.736153e-02    5.026276e-02   1.000000e+03         1.000000e+04         1.486185e+03        1.133635e+01         4.000000e+04         2.229381e+04        1.524323e-01                                           1.802654e+02    1.342630e+01                       4.11174             0.00826558                0.0325655                0.0157633                1.101600e+04 
5.736153e-02    7.880463e-02    6.744164e-02   1.000000e+01         1.000000e+02         5.327377e+01        1.133635e+01         4.000000e+04         4.128569e+03        1.806960e-01                                           5.320102e+02    2.306535e+01                       19.3112             0.005                     0.0646716                0.0118806                9.534900e+04 
5.736153e-02    7.880463e-02    6.771936e-02   1.000000e+02         1.000000e+03         3.969360e+02        1.133635e+01         4.000000e+04         8.640087e+03        1.488591e-01                                           1.472282e+03    3.837033e+01                       23.2571             0.00503963                0.0187264                0.020082                 8.866500e+04 
5.736153e-02    7.880463e-02    6.848413e-02   1.000000e+03         1.000000e+04         1.638056e+03        1.133635e+01         4.000000e+04         1.952146e+04        9.788617e-02                                           3.609901e+02    1.899974e+01                       22.6355             0.00371377                0.0572917                0.0332201                1.803200e+04 
7.880463e-02    1.082637e-01    9.229005e-02   1.000000e+01         1.000000e+02         5.600838e+01        1.133635e+01         4.000000e+04         3.903167e+03        1.258155e-01                                           5.010365e+02    2.238384e+01                       16.0014             0.00468575                0.00852391               0.0261155                9.041600e+04 
7.880463e-02    1.082637e-01    9.292516e-02   1.000000e+02         1.000000e+03         4.101487e+02        1.133635e+01         4.000000e+04         7.673404e+03        1.036995e-01                                           1.689099e+03    4.109865e+01                       91.9265             0.00239307                0.0285284                0.0310486                9.113000e+04 
7.880463e-02    1.082637e-01    9.376865e-02   1.000000e+03         1.000000e+04         1.874650e+03        1.133635e+01         4.000000e+04         1.733658e+04        6.377459e-02                                           6.169813e+02    2.483911e+01                       40.9024             0.0026606                 0.0446099                0.0223325                2.818500e+04 
1.082637e-01    1.487352e-01    1.266564e-01   1.000000e+01         1.000000e+02         5.967033e+01        1.133635e+01         4.000000e+04         3.870074e+03        8.440004e-02                                           4.404177e+02    2.098613e+01                       52.25               0.0118245                 0.0953273                0.0531835                8.311500e+04 
1.082637e-01    1.487352e-01    1.274868e-01   1.000000e+02         1.000000e+03         4.241300e+02        1.133635e+01         4.000000e+04         6.818403e+03        6.934162e-02                                           1.883635e+03    4.340087e+01                       209.845             0.00320477                0.0902834                0.0304837                9.324700e+04 
1.082637e-01    1.487352e-01    1.283196e-01   1.000000e+03         1.000000e+04         2.100234e+03        1.133635e+01         4.000000e+04         1.532332e+04        4.003356e-02                                           9.364229e+02    3.060103e+01                       119.215             0.0033981                 0.0921746                0.0447698                4.173700e+04 
1.082637e-01    1.487352e-01    1.400713e-01   1.000000e+04         1.000000e+05         1.013117e+04        1.133635e+01         4.000000e+04         3.952785e+04        1.046751e-02                                           4.962404e-03    7.044433e-02                       0.00446616          0.4                       0.6                      0.6                      6.000000e+00 
1.487352e-01    2.043360e-01    1.735618e-01   1.000000e+01         1.000000e+02         6.500497e+01        1.133635e+01         4.000000e+04         3.834449e+03        5.419498e-02                                           3.445464e+02    1.856196e+01                       61.6052             0.00729428                0.145111                 0.05938                  7.339700e+04 
1.487352e-01    2.043360e-01    1.750200e-01   1.000000e+02         1.000000e+03         4.389857e+02        1.133635e+01         4.000000e+04         6.243783e+03        4.392757e-02                                           1.873656e+03    4.328575e+01                       308.133             0.00304727                0.147595                 0.0334526                9.441100e+04 
1.487352e-01    2.043360e-01    1.762158e-01   1.000000e+03         1.000000e+04         2.391109e+03        1.133635e+01         4.000000e+04         1.384094e+04        2.421283e-02                                           1.231223e+03    3.508879e+01                       210.401             0.00202308                0.137318                 0.0429225                5.634700e+04 
1.487352e-01    2.043360e-01    1.856215e-01   1.000000e+04         1.000000e+05         1.123280e+04        1.133635e+01         4.000000e+04         3.597858e+04        6.688078e-03                                           2.826076e+00    1.681094e+00                       0.479577            0.0666667                 0.0969697                0.236364                 4.120000e+02 
2.043360e-01    2.807216e-01    2.372582e-01   1.000000e+01         1.000000e+02         7.173065e+01        1.133635e+01         4.000000e+04         3.719633e+03        3.233971e-02                                           2.380162e+02    1.542777e+01                       57.9295             0.00580927                0.211854                 0.0738415                5.967800e+04 
2.043360e-01    2.807216e-01    2.399127e-01   1.000000e+02         1.000000e+03         4.518961e+02        1.133635e+01         4.000000e+04         5.757616e+03        2.552441e-02                                           1.720580e+03    4.147987e+01                       351.977             0.00187937                0.193084                 0.0218858                9.536700e+04 
2.043360e-01    2.807216e-01    2.409569e-01   1.000000e+03         1.000000e+04         2.617206e+03        1.133635e+01         4.000000e+04         1.254658e+04        1.367515e-02                                           1.384003e+03    3.720219e+01                       273.883             0.00220185                0.158346                 0.054357                 6.714300e+04 
2.043360e-01    2.807216e-01    2.483728e-01   1.000000e+04         1.000000e+05         1.213239e+04        1.133635e+01         4.000000e+04         3.189051e+04        3.809440e-03                                           1.423470e+01    3.772890e+00                       1.05987             0.0190217                 0.155435                 0.0554348                1.885000e+03 
2.807216e-01    3.856620e-01    3.231838e-01   1.000000e+01         1.000000e+02         7.991560e+01        1.133635e+01         4.000000e+04         3.812075e+03        1.676897e-02                                           1.187493e+02    1.089722e+01                       36.6099             0.00999347                0.244938                 0.0815807                4.110200e+04 
2.807216e-01    3.856620e-01    3.275923e-01   1.000000e+02         1.000000e+03         4.579202e+02        1.133635e+01         4.000000e+04         5.442694e+03        1.272407e-02                                           1.325560e+03    3.640825e+01                       265.533             0.00179332                0.210544                 0.00884064               9.605700e+04 
2.807216e-01    3.856620e-01    3.288603e-01   1.000000e+03         1.000000e+04         2.848453e+03        1.133635e+01         4.000000e+04         1.135107e+04        6.478632e-03                                           1.246287e+03    3.530279e+01                       242.567             0.00127898                0.148992                 0.0607926                7.494800e+04 
2.807216e-01    3.856620e-01    3.349204e-01   1.000000e+04         1.000000e+05         1.299106e+04        1.133635e+01         4.000000e+04         2.766829e+04        1.782492e-03                                           3.253517e+01    5.703961e+00                       2.88932             0.0134328                 0.162438                 0.0276119                4.372000e+03 
3.856620e-01    5.298317e-01    4.268925e-01   1.000000e+01         1.000000e+02         9.007649e+01        1.133635e+01         4.000000e+04         3.970428e+03        8.610565e-03                                           2.854606e+01    5.342851e+00                       9.18123             0.0267176                 0.247583                 0.12799                  1.549700e+04 
3.856620e-01    5.298317e-01    4.425165e-01   1.000000e+02         1.000000e+03         4.592592e+02        1.133635e+01         4.000000e+04         5.121233e+03        5.540207e-03                                           7.434804e+02    2.726684e+01                       35.6612             0.0049796                 0.114322                 0.0692018                9.632200e+04 
3.856620e-01    5.298317e-01    4.434323e-01   1.000000e+03         1.000000e+04         3.008906e+03        1.133635e+01         4.000000e+04         1.044767e+04        2.653399e-03                                           8.091432e+02    2.844544e+01                       18.7221             0.0020731                 0.0100511                0.0455787                8.017700e+04 
3.856620e-01    5.298317e-01    4.484209e-01   1.000000e+04         1.000000e+05         1.351617e+04        1.133635e+01         4.000000e+04         2.401836e+04        6.859518e-04                                           3.843629e+01    6.199701e+00                       3.74819             0.0128668                 0.0769752                0.0776524                8.448000e+03 
5.298317e-01    7.278954e-01    5.944038e-01   1.000000e+02         1.000000e+03         4.621281e+02        1.133635e+01         4.000000e+04         4.933867e+03        1.251882e-03                                           2.237096e+02    1.495692e+01                       204.009             0.0162514                 0.630271                 0.643511                 9.456400e+04 
5.298317e-01    7.278954e-01    5.974215e-01   1.000000e+03         1.000000e+04         3.102825e+03        1.133635e+01         4.000000e+04         9.482076e+03        5.384751e-04                                           2.520467e+02    1.587598e+01                       228.773             0.00722855                0.876438                 0.237404                 8.356900e+04 
5.298317e-01    7.278954e-01    6.027341e-01   1.000000e+04         1.000000e+05         1.418001e+04        1.133635e+01         4.000000e+04         2.094335e+04        1.328444e-04                                           1.849672e+01    4.300781e+00                       14.4671             0.0169643                 0.976339                 0.148661                 1.397600e+04 
