1.129463e+01 5.967075e+08
1.421909e+01 1.792324e+09
1.790078e+01 1.909885e+09
2.253574e+01 2.804367e+09
2.837082e+01 4.887176e+09
3.571675e+01 5.676289e+09
4.496472e+01 7.309296e+09
5.660723e+01 1.062400e+10
7.126428e+01 1.483314e+10
8.971641e+01 1.660991e+10
1.129463e+02 2.009470e+10
1.421909e+02 1.893501e+10
1.790078e+02 1.876515e+10
2.253574e+02 1.857298e+10
2.837082e+02 2.006831e+10
3.571675e+02 1.521241e+10
4.496472e+02 1.775634e+10
5.660723e+02 1.316775e+10
7.126428e+02 1.081482e+10
8.971641e+02 6.992709e+09
1.129463e+03 4.086454e+09
1.421909e+03 2.469074e+09
1.790078e+03 9.010576e+08
2.253574e+03 2.553287e+08
2.837082e+03 1.000734e+08
3.571675e+03 8.384329e+06
4.496472e+03 2.224684e+06
5.660723e+03 4.584063e+04
7.126428e+03 2.487600e+03
8.971641e+03 0.000000e+00
