1.129463e+01 4.790018e-08
1.421909e+01 1.492552e-05
1.790078e+01 3.630679e-04
2.253574e+01 2.298274e-04
2.837082e+01 3.844571e-03
3.571675e+01 5.060313e-03
4.496472e+01 6.947165e-03
5.660723e+01 1.200229e-02
7.126428e+01 4.298880e-02
8.971641e+01 6.444728e-02
1.129463e+02 9.607052e-02
1.421909e+02 1.494605e-01
1.790078e+02 1.805528e-01
2.253574e+02 2.334860e-01
2.837082e+02 3.088681e-01
3.571675e+02 3.838567e-01
4.496472e+02 3.295020e-01
5.660723e+02 4.299991e-01
7.126428e+02 5.333752e-01
8.971641e+02 5.884971e-01
1.129463e+03 4.509977e-01
1.421909e+03 3.513456e-01
1.790078e+03 1.888643e-01
2.253574e+03 5.342403e-02
2.837082e+03 2.110760e-02
3.571675e+03 3.904536e-03
4.496472e+03 7.534577e-04
5.660723e+03 1.478481e-04
7.126428e+03 6.624292e-06
8.971641e+03 0.000000e+00
