1.129463e+01 2.077331e-02
1.421909e+01 4.393748e-02
1.790078e+01 8.630181e-02
2.253574e+01 1.254307e-01
2.837082e+01 2.640348e-01
3.571675e+01 2.530524e-01
4.496472e+01 7.573313e-01
5.660723e+01 1.460172e+00
7.126428e+01 2.498136e+00
8.971641e+01 3.453320e+00
1.129463e+02 4.866493e+00
1.421909e+02 7.838714e+00
1.790078e+02 8.407759e+00
2.253574e+02 9.410656e+00
2.837082e+02 1.370754e+01
3.571675e+02 1.257879e+01
4.496472e+02 1.939646e+01
5.660723e+02 2.016073e+01
7.126428e+02 1.760199e+01
8.971641e+02 1.790313e+01
1.129463e+03 1.210747e+01
1.421909e+03 8.145659e+00
1.790078e+03 4.263750e+00
2.253574e+03 1.827740e+00
2.837082e+03 5.037521e-01
3.571675e+03 6.518583e-02
4.496472e+03 8.833980e-03
5.660723e+03 1.065019e-03
7.126428e+03 1.790830e-06
8.971641e+03 0.000000e+00
