1.129463e+01 2.260497e+00
1.421909e+01 3.852918e+00
1.790078e+01 5.025595e+00
2.253574e+01 7.241407e+00
2.837082e+01 9.843930e+00
3.571675e+01 1.256635e+01
4.496472e+01 1.593909e+01
5.660723e+01 2.019367e+01
7.126428e+01 2.471111e+01
8.971641e+01 2.983463e+01
1.129463e+02 3.520887e+01
1.421909e+02 3.751206e+01
1.790078e+02 4.235701e+01
2.253574e+02 4.649190e+01
2.837082e+02 4.782021e+01
3.571675e+02 4.798024e+01
4.496472e+02 4.749295e+01
5.660723e+02 3.781252e+01
7.126428e+02 3.295223e+01
8.971641e+02 2.939826e+01
1.129463e+03 2.091322e+01
1.421909e+03 1.246685e+01
1.790078e+03 8.966655e+00
2.253574e+03 7.808202e+00
2.837082e+03 5.509051e+00
3.571675e+03 1.763213e+00
4.496472e+03 1.022124e+00
5.660723e+03 1.607785e-03
7.126428e+03 6.967203e-06
8.971641e+03 0.000000e+00
