Experiment = FLArE10 | Neutrino = -12 | Exp. Target density (nucleons / cm3) = 10^(23.9) | Exp. Target Length = 700 cm | Total Events = 9643.1 |del_theta = 15.0 mrad, theta_max = 500.0 mrad |del_Elepton = 5.0 % , Elepton_min = 0.0, Elepton_max = 1000.0|del_Ehadron = 30.0 %, Ehadron_min = 0.0, Ehadron_max = 6000.0
x_lower x_upper x_avg     Q2_lower[GeV^2] Q2_upper[GeV^2] Q2_avg[GeV^2] E_nu_lower[GeV] E_nu_upper[GeV] E_nu_avg[GeV] log10(d^sigma/dxdQ2(x_avg,Q2_avg,Enu_avg) / (pb / GeV^-2)) N_events N_events_errs = Sqrt[N_events] N_sys_errs MC_Samples
0.00010 0.00014 nan     4.0               10.0                nan     11.34            5698.00            nan                nan                                  0.00000      0.00000  0.00000         10  
0.00010 0.00014 nan     10.0               100.0                nan     11.34            5698.00            nan                nan                                  0.00000      0.00000  0.00000         10  
0.00010 0.00014 nan     100.0               1000.0                nan     11.34            5698.00            nan                nan                                  0.00000      0.00000  0.00000         10  
0.00010 0.00014 nan     1000.0               10000.0                nan     11.34            5698.00            nan                nan                                  0.00000      0.00000  0.00000         10  
0.00010 0.00014 nan     10000.0               100000.0                nan     11.34            5698.00            nan                nan                                  0.00000      0.00000  0.00000         10  
0.00014 0.00019 nan     4.0               10.0                nan     11.34            5698.00            nan                nan                                  0.00000      0.00000  0.00000         10  
0.00014 0.00019 nan     10.0               100.0                nan     11.34            5698.00            nan                nan                                  0.00000      0.00000  0.00000         10  
0.00014 0.00019 nan     100.0               1000.0                nan     11.34            5698.00            nan                nan                                  0.00000      0.00000  0.00000         10  
0.00014 0.00019 nan     1000.0               10000.0                nan     11.34            5698.00            nan                nan                                  0.00000      0.00000  0.00000         10  
0.00014 0.00019 nan     10000.0               100000.0                nan     11.34            5698.00            nan                nan                                  0.00000      0.00000  0.00000         10  
0.00019 0.00026 nan     4.0               10.0                nan     11.34            5698.00            nan                nan                                  0.00000      0.00000  0.00000         10  
0.00019 0.00026 nan     10.0               100.0                nan     11.34            5698.00            nan                nan                                  0.00000      0.00000  0.00000         10  
0.00019 0.00026 nan     100.0               1000.0                nan     11.34            5698.00            nan                nan                                  0.00000      0.00000  0.00000         10  
0.00019 0.00026 nan     1000.0               10000.0                nan     11.34            5698.00            nan                nan                                  0.00000      0.00000  0.00000         10  
0.00019 0.00026 nan     10000.0               100000.0                nan     11.34            5698.00            nan                nan                                  0.00000      0.00000  0.00000         10  
0.00026 0.00036 nan     4.0               10.0                nan     11.34            5698.00            nan                nan                                  0.00000      0.00000  0.00000         10  
0.00026 0.00036 nan     10.0               100.0                nan     11.34            5698.00            nan                nan                                  0.00000      0.00000  0.00000         10  
0.00026 0.00036 nan     100.0               1000.0                nan     11.34            5698.00            nan                nan                                  0.00000      0.00000  0.00000         10  
0.00026 0.00036 nan     1000.0               10000.0                nan     11.34            5698.00            nan                nan                                  0.00000      0.00000  0.00000         10  
0.00026 0.00036 nan     10000.0               100000.0                nan     11.34            5698.00            nan                nan                                  0.00000      0.00000  0.00000         10  
0.00036 0.00049 0.00046     4.0               10.0                4.2     11.34            5698.00            5269.06                1.2256                                  0.00000      0.00049  0.00000         1584  
0.00036 0.00049 nan     10.0               100.0                nan     11.34            5698.00            nan                nan                                  0.00000      0.00000  0.00000         10  
0.00036 0.00049 nan     100.0               1000.0                nan     11.34            5698.00            nan                nan                                  0.00000      0.00000  0.00000         10  
0.00036 0.00049 nan     1000.0               10000.0                nan     11.34            5698.00            nan                nan                                  0.00000      0.00000  0.00000         10  
0.00036 0.00049 nan     10000.0               100000.0                nan     11.34            5698.00            nan                nan                                  0.00000      0.00000  0.00000         10  
0.00049 0.00067 0.00061     4.0               10.0                4.6     11.34            5698.00            5116.38                1.1381                                  0.00010      0.01009  0.00004         10471  
0.00049 0.00067 nan     10.0               100.0                nan     11.34            5698.00            nan                nan                                  0.00000      0.00000  0.00000         10  
0.00049 0.00067 nan     100.0               1000.0                nan     11.34            5698.00            nan                nan                                  0.00000      0.00000  0.00000         10  
0.00049 0.00067 nan     1000.0               10000.0                nan     11.34            5698.00            nan                nan                                  0.00000      0.00000  0.00000         10  
0.00049 0.00067 nan     10000.0               100000.0                nan     11.34            5698.00            nan                nan                                  0.00000      0.00000  0.00000         10  
0.00067 0.00092 0.00082     4.0               10.0                4.9     11.34            5698.00            4875.90                0.9264                                  0.00152      0.03905  0.00096         27694  
0.00067 0.00092 nan     10.0               100.0                nan     11.34            5698.00            nan                nan                                  0.00000      0.00000  0.00000         10  
0.00067 0.00092 nan     100.0               1000.0                nan     11.34            5698.00            nan                nan                                  0.00000      0.00000  0.00000         10  
0.00067 0.00092 nan     1000.0               10000.0                nan     11.34            5698.00            nan                nan                                  0.00000      0.00000  0.00000         10  
0.00067 0.00092 nan     10000.0               100000.0                nan     11.34            5698.00            nan                nan                                  0.00000      0.00000  0.00000         10  
0.00092 0.00127 0.00111     4.0               10.0                5.5     11.34            5698.00            4442.44                0.8844                                  0.02213      0.14876  0.00865         55038  
0.00092 0.00127 0.00119     10.0               100.0                10.9     11.34            5698.00            5347.12                0.8373                                  0.00000      0.00144  0.00000         3499  
0.00092 0.00127 nan     100.0               1000.0                nan     11.34            5698.00            nan                nan                                  0.00000      0.00000  0.00000         10  
0.00092 0.00127 nan     1000.0               10000.0                nan     11.34            5698.00            nan                nan                                  0.00000      0.00000  0.00000         10  
0.00092 0.00127 nan     10000.0               100000.0                nan     11.34            5698.00            nan                nan                                  0.00000      0.00000  0.00000         10  
0.00127 0.00174 0.00151     4.0               10.0                6.2     11.34            5698.00            3888.33                0.7814                                  0.17447      0.41769  0.04153         76797  
0.00127 0.00174 0.00158     10.0               100.0                11.4     11.34            5698.00            5071.80                0.7573                                  0.00047      0.02170  0.00020         18991  
0.00127 0.00174 nan     100.0               1000.0                nan     11.34            5698.00            nan                nan                                  0.00000      0.00000  0.00000         10  
0.00127 0.00174 nan     1000.0               10000.0                nan     11.34            5698.00            nan                nan                                  0.00000      0.00000  0.00000         10  
0.00127 0.00174 nan     10000.0               100000.0                nan     11.34            5698.00            nan                nan                                  0.00000      0.00000  0.00000         10  
0.00174 0.00240 0.00206     4.0               10.0                6.7     11.34            5698.00            3190.94                0.5311                                  0.73565      0.85770  0.05839         91068  
0.00174 0.00240 0.00213     10.0               100.0                12.3     11.34            5698.00            4840.48                0.5164                                  0.00538      0.07335  0.00301         48395  
0.00174 0.00240 nan     100.0               1000.0                nan     11.34            5698.00            nan                nan                                  0.00000      0.00000  0.00000         10  
0.00174 0.00240 nan     1000.0               10000.0                nan     11.34            5698.00            nan                nan                                  0.00000      0.00000  0.00000         10  
0.00174 0.00240 nan     10000.0               100000.0                nan     11.34            5698.00            nan                nan                                  0.00000      0.00000  0.00000         10  
0.00240 0.00329 0.00282     4.0               10.0                6.7     11.34            5698.00            2390.50                0.4075                                  2.86631      1.69302  0.08424         93418  
0.00240 0.00329 0.00287     10.0               100.0                14.1     11.34            5698.00            4409.38                0.4715                                  0.07838      0.27996  0.02672         98110  
0.00240 0.00329 nan     100.0               1000.0                nan     11.34            5698.00            nan                nan                                  0.00000      0.00000  0.00000         10  
0.00240 0.00329 nan     1000.0               10000.0                nan     11.34            5698.00            nan                nan                                  0.00000      0.00000  0.00000         10  
0.00240 0.00329 nan     10000.0               100000.0                nan     11.34            5698.00            nan                nan                                  0.00000      0.00000  0.00000         10  
0.00329 0.00452 0.00388     4.0               10.0                6.7     11.34            5698.00            1753.53                0.2978                                  7.64373      2.76473  0.34292         96095  
0.00329 0.00452 0.00392     10.0               100.0                17.0     11.34            5698.00            3954.88                0.3930                                  0.74616      0.86380  0.07882         158756  
0.00329 0.00452 nan     100.0               1000.0                nan     11.34            5698.00            nan                nan                                  0.00000      0.00000  0.00000         10  
0.00329 0.00452 nan     1000.0               10000.0                nan     11.34            5698.00            nan                nan                                  0.00000      0.00000  0.00000         10  
0.00329 0.00452 nan     10000.0               100000.0                nan     11.34            5698.00            nan                nan                                  0.00000      0.00000  0.00000         10  
0.00452 0.00621 0.00533     4.0               10.0                6.7     11.34            5698.00            1285.33                0.0756                                  12.77007      3.57352  0.50028         98469  
0.00452 0.00621 0.00537     10.0               100.0                20.8     11.34            5698.00            3556.35                0.1972                                  3.89732      1.97416  0.26557         230260  
0.00452 0.00621 nan     100.0               1000.0                nan     11.34            5698.00            nan                nan                                  0.00000      0.00000  0.00000         10  
0.00452 0.00621 nan     1000.0               10000.0                nan     11.34            5698.00            nan                nan                                  0.00000      0.00000  0.00000         10  
0.00452 0.00621 nan     10000.0               100000.0                nan     11.34            5698.00            nan                nan                                  0.00000      0.00000  0.00000         10  
0.00621 0.00853 0.00732     4.0               10.0                6.7     11.34            5698.00            949.80                -0.1227                                  20.27770      4.50308  0.96102         102617  
0.00621 0.00853 0.00737     10.0               100.0                26.0     11.34            5698.00            3241.00                0.0074                                  17.10407      4.13571  2.75357         314374  
0.00621 0.00853 nan     100.0               1000.0                nan     11.34            5698.00            nan                nan                                  0.00000      0.00000  0.00000         10  
0.00621 0.00853 nan     1000.0               10000.0                nan     11.34            5698.00            nan                nan                                  0.00000      0.00000  0.00000         10  
0.00621 0.00853 nan     10000.0               100000.0                nan     11.34            5698.00            nan                nan                                  0.00000      0.00000  0.00000         10  
0.00853 0.01172 0.01005     4.0               10.0                6.7     11.34            5698.00            706.70                -0.2167                                  32.86616      5.73290  0.54672         106550  
0.00853 0.01172 0.01011     10.0               100.0                32.4     11.34            5698.00            2964.03                -0.0861                                  68.19162      8.25782  14.62747         409686  
0.00853 0.01172 0.01113     100.0               1000.0                105.9     11.34            5698.00            5360.71                -0.1638                                  0.00001      0.00245  0.00000         4705  
0.00853 0.01172 nan     1000.0               10000.0                nan     11.34            5698.00            nan                nan                                  0.00000      0.00000  0.00000         10  
0.00853 0.01172 nan     10000.0               100000.0                nan     11.34            5698.00            nan                nan                                  0.00000      0.00000  0.00000         10  
0.01172 0.01610 0.01379     4.0               10.0                6.7     11.34            5698.00            531.75                -0.3965                                  38.08575      6.17137  1.59474         108901  
0.01172 0.01610 0.01387     10.0               100.0                39.3     11.34            5698.00            2678.27                -0.2727                                  155.98636      12.48945  36.57495         488039  
0.01172 0.01610 0.01463     100.0               1000.0                112.7     11.34            5698.00            5145.92                -0.3439                                  0.00133      0.03654  0.00035         44849  
0.01172 0.01610 nan     1000.0               10000.0                nan     11.34            5698.00            nan                nan                                  0.00000      0.00000  0.00000         10  
0.01172 0.01610 nan     10000.0               100000.0                nan     11.34            5698.00            nan                nan                                  0.00000      0.00000  0.00000         10  
0.01610 0.02212 0.01893     4.0               10.0                6.8     11.34            5698.00            403.74                -0.6449                                  35.23281      5.93572  3.95453         108365  
0.01610 0.02212 0.01900     10.0               100.0                44.5     11.34            5698.00            2294.16                -0.5364                                  258.34500      16.07311  63.30429         549989  
0.01610 0.02212 0.01979     100.0               1000.0                120.2     11.34            5698.00            4923.46                -0.5415                                  0.02325      0.15249  0.01189         122992  
0.01610 0.02212 nan     1000.0               10000.0                nan     11.34            5698.00            nan                nan                                  0.00000      0.00000  0.00000         10  
0.01610 0.02212 nan     10000.0               100000.0                nan     11.34            5698.00            nan                nan                                  0.00000      0.00000  0.00000         10  
0.02212 0.03039 0.02596     4.0               10.0                6.8     11.34            5698.00            313.36                -0.7190                                  41.16078      6.41567  8.60633         103165  
0.02212 0.03039 0.02605     10.0               100.0                45.7     11.34            5698.00            1758.84                -0.6227                                  507.13368      22.51963  124.84223         568430  
0.02212 0.03039 0.02663     100.0               1000.0                135.9     11.34            5698.00            4528.03                -0.6127                                  0.35021      0.59179  0.13683         267333  
0.02212 0.03039 nan     1000.0               10000.0                nan     11.34            5698.00            nan                nan                                  0.00000      0.00000  0.00000         10  
0.02212 0.03039 nan     10000.0               100000.0                nan     11.34            5698.00            nan                nan                                  0.00000      0.00000  0.00000         10  
0.03039 0.04175 0.03554     4.0               10.0                7.0     11.34            5698.00            248.68                -0.8584                                  39.00983      6.24579  13.69710         86916  
0.03039 0.04175 0.03577     10.0               100.0                46.1     11.34            5698.00            1307.09                -0.7935                                  639.93996      25.29703  143.11019         572063  
0.03039 0.04175 0.03626     100.0               1000.0                161.7     11.34            5698.00            4067.16                -0.7895                                  3.00903      1.73466  0.46034         449182  
0.03039 0.04175 nan     1000.0               10000.0                nan     11.34            5698.00            nan                nan                                  0.00000      0.00000  0.00000         10  
0.03039 0.04175 nan     10000.0               100000.0                nan     11.34            5698.00            nan                nan                                  0.00000      0.00000  0.00000         10  
0.04175 0.05736 0.04856     4.0               10.0                7.1     11.34            5698.00            201.56                -1.1396                                  25.52580      5.05231  14.49370         62561  
0.04175 0.05736 0.04910     10.0               100.0                47.2     11.34            5698.00            990.81                -1.1370                                  533.52967      23.09826  103.48449         561555  
0.04175 0.05736 0.04966     100.0               1000.0                197.2     11.34            5698.00            3654.76                -1.1546                                  13.93000      3.73229  0.69262         663291  
0.04175 0.05736 nan     1000.0               10000.0                nan     11.34            5698.00            nan                nan                                  0.00000      0.00000  0.00000         10  
0.04175 0.05736 nan     10000.0               100000.0                nan     11.34            5698.00            nan                nan                                  0.00000      0.00000  0.00000         10  
0.05736 0.07880 0.06637     4.0               10.0                7.3     11.34            5698.00            166.36                -1.1925                                  24.15888      4.91517  20.80944         35980  
0.05736 0.07880 0.06735     10.0               100.0                49.2     11.34            5698.00            770.80                -1.2150                                  612.79898      24.75478  86.39758         528316  
0.05736 0.07880 0.06810     100.0               1000.0                245.1     11.34            5698.00            3321.59                -1.2484                                  74.92240      8.65577  11.56316         915419  
0.05736 0.07880 nan     1000.0               10000.0                nan     11.34            5698.00            nan                nan                                  0.00000      0.00000  0.00000         10  
0.05736 0.07880 nan     10000.0               100000.0                nan     11.34            5698.00            nan                nan                                  0.00000      0.00000  0.00000         10  
0.07880 0.10826 0.09061     4.0               10.0                7.5     11.34            5698.00            138.14                -1.2989                                  20.86819      4.56817  26.65597         16660  
0.07880 0.10826 0.09230     10.0               100.0                52.4     11.34            5698.00            616.67                -1.3591                                  564.95748      23.76883  26.40786         458627  
0.07880 0.10826 0.09343     100.0               1000.0                308.9     11.34            5698.00            3055.61                -1.4218                                  260.30316      16.13391  54.64422         1204814  
0.07880 0.10826 0.10495     1000.0               10000.0                1030.6     11.34            5698.00            5503.53                -1.7674                                  0.00000      0.00116  0.00000         4188  
0.07880 0.10826 nan     10000.0               100000.0                nan     11.34            5698.00            nan                nan                                  0.00000      0.00000  0.00000         10  
0.10826 0.14874 0.12415     4.0               10.0                7.5     11.34            5698.00            114.49                -1.5570                                  13.23322      3.63775  23.80270         7252  
0.10826 0.14874 0.12637     10.0               100.0                56.8     11.34            5698.00            506.24                -1.7255                                  353.12157      18.79153  30.55972         360769  
0.10826 0.14874 0.12807     100.0               1000.0                381.1     11.34            5698.00            2800.34                -1.8836                                  417.32766      20.42860  98.49332         1442812  
0.10826 0.14874 0.13655     1000.0               10000.0                1104.8     11.34            5698.00            5218.77                -2.2079                                  0.00056      0.02373  0.00019         99510  
0.10826 0.14874 nan     10000.0               100000.0                nan     11.34            5698.00            nan                nan                                  0.00000      0.00000  0.00000         10  
0.14874 0.20434 0.17170     4.0               10.0                7.4     11.34            5698.00            96.77                -1.6573                                  10.86806      3.29667  25.12210         3849  
0.14874 0.20434 0.17292     10.0               100.0                61.4     11.34            5698.00            417.80                -1.8405                                  297.62561      17.25183  79.30297         246036  
0.14874 0.20434 0.17542     100.0               1000.0                450.4     11.34            5698.00            2504.08                -1.9921                                  768.92008      27.72941  186.59307         1596835  
0.14874 0.20434 0.18387     1000.0               10000.0                1174.7     11.34            5698.00            5005.66                -2.2054                                  0.01832      0.13534  0.00985         305364  
0.14874 0.20434 nan     10000.0               100000.0                nan     11.34            5698.00            nan                nan                                  0.00000      0.00000  0.00000         10  
0.20434 0.28072 0.23576     4.0               10.0                7.5     11.34            5698.00            85.24                -1.7569                                  10.09490      3.17725  26.52553         2492  
0.20434 0.28072 0.23641     10.0               100.0                65.6     11.34            5698.00            344.39                -1.9675                                  277.84956      16.66882  126.57380         143670  
0.20434 0.28072 0.24000     100.0               1000.0                488.0     11.34            5698.00            2048.75                -2.1417                                  1168.44177      34.18248  267.73688         1570995  
0.20434 0.28072 0.24696     1000.0               10000.0                1306.2     11.34            5698.00            4656.59                -2.3229                                  0.24264      0.49258  0.11616         705713  
0.20434 0.28072 nan     10000.0               100000.0                nan     11.34            5698.00            nan                nan                                  0.00000      0.00000  0.00000         10  
0.28072 0.38566 0.32581     4.0               10.0                7.4     11.34            5698.00            74.73                -2.0257                                  7.04963      2.65511  20.21237         1766  
0.28072 0.38566 0.32319     10.0               100.0                67.7     11.34            5698.00            276.18                -2.2919                                  162.91573      12.76384  114.43465         73416  
0.28072 0.38566 0.32897     100.0               1000.0                517.0     11.34            5698.00            1612.72                -2.5555                                  782.11017      27.96623  155.22722         1392112  
0.28072 0.38566 0.33528     1000.0               10000.0                1540.6     11.34            5698.00            4200.56                -2.8069                                  1.07321      1.03596  0.17667         1243786  
0.28072 0.38566 nan     10000.0               100000.0                nan     11.34            5698.00            nan                nan                                  0.00000      0.00000  0.00000         10  
0.38566 0.52983 0.44214     4.0               10.0                7.5     11.34            5698.00            69.04                -2.2559                                  5.59024      2.36437  16.61584         1342  
0.38566 0.52983 0.44368     10.0               100.0                67.8     11.34            5698.00            216.48                -2.6280                                  91.12007      9.54568  103.65886         39010  
0.38566 0.52983 0.45062     100.0               1000.0                557.3     11.34            5698.00            1299.32                -2.9621                                  430.31006      20.74392  49.69009         1126202  
0.38566 0.52983 0.45861     1000.0               10000.0                1878.3     11.34            5698.00            3793.67                -3.2613                                  5.42177      2.32847  0.79077         1852591  
0.38566 0.52983 nan     10000.0               100000.0                nan     11.34            5698.00            nan                nan                                  0.00000      0.00000  0.00000         10  
0.52983 0.72790 0.60293     4.0               10.0                8.0     11.34            5698.00            64.79                -2.3851                                  5.17311      2.27445  15.51491         1145  
0.52983 0.72790 0.61084     10.0               100.0                67.4     11.34            5698.00            169.41                -2.7480                                  78.61023      8.86624  119.66482         23741  
0.52983 0.72790 0.61673     100.0               1000.0                603.7     11.34            5698.00            1059.37                -3.1016                                  398.84307      19.97106  13.42349         811922  
0.52983 0.72790 0.62828     1000.0               10000.0                2349.0     11.34            5698.00            3487.92                -3.4766                                  27.87780      5.27994  5.58246         2503303  
0.52983 0.72790 nan     10000.0               100000.0                nan     11.34            5698.00            nan                nan                                  0.00000      0.00000  0.00000         10  
0.72790 1.00000 nan     4.0               10.0                nan     11.34            5698.00            nan                nan                                  2.93475      1.71311  8.80424         937  
0.72790 1.00000 0.84132     10.0               100.0                66.3     11.34            5698.00            134.83                -3.0933                                  39.09145      6.25232  74.85218         17103  
0.72790 1.00000 0.84293     100.0               1000.0                644.1     11.34            5698.00            856.70                -3.4694                                  222.53911      14.91774  38.75521         512445  
0.72790 1.00000 0.86104     1000.0               10000.0                3028.1     11.34            5698.00            3300.50                -3.9286                                  48.00789      6.92877  10.51476         3137420  
0.72790 1.00000 nan     10000.0               100000.0                nan     11.34            5698.00            nan                nan                                  0.00000      0.00001  0.00000         1178  
