1.129463e+01 1.776047e+11 3.295879e+01
1.421909e+01 1.928216e+11 4.613487e+01
1.790078e+01 3.573761e+11 1.098123e+02
2.253574e+01 5.860108e+11 2.315139e+02
2.837082e+01 8.564011e+11 4.277640e+02
3.571675e+01 1.095376e+12 6.926568e+02
4.496472e+01 1.655399e+12 1.320049e+03
5.660723e+01 2.218788e+12 2.235189e+03
7.126428e+01 2.977317e+12 3.749981e+03
8.971641e+01 3.424734e+12 5.452549e+03
1.129463e+02 3.880003e+12 7.693770e+03
1.421909e+02 4.562919e+12 1.136417e+04
1.790078e+02 4.641921e+12 1.442220e+04
2.253574e+02 4.420650e+12 1.727030e+04
2.837082e+02 4.635652e+12 2.259298e+04
3.571675e+02 4.515065e+12 2.754968e+04
4.496472e+02 4.113098e+12 3.118688e+04
5.660723e+02 3.430090e+12 3.236811e+04
7.126428e+02 2.835667e+12 3.326304e+04
8.971641e+02 1.987021e+12 2.902794e+04
1.129463e+03 1.313450e+12 2.369555e+04
1.421909e+03 8.270567e+11 1.835278e+04
1.790078e+03 3.999065e+11 1.098628e+04
2.253574e+03 1.924604e+11 6.491107e+03
2.837082e+03 7.755063e+10 3.206640e+03
3.571675e+03 2.551345e+10 1.286782e+03
4.496472e+03 6.446239e+09 3.885433e+02
5.660723e+03 1.130056e+09 8.188134e+01
7.126428e+03 3.148951e+07 2.788297e+00
8.971641e+03 2.393263e+05 2.438568e-02
