1.129463e+01 6.788722e+08 1.138602e-02
1.421909e+01 2.482960e+09 6.472376e-02
1.790078e+01 8.280997e+09 3.523381e-01
2.253574e+01 1.812324e+10 1.281933e+00
2.837082e+01 3.939635e+10 4.011421e+00
3.571675e+01 3.733553e+10 5.581547e+00
4.496472e+01 6.105149e+10 1.272912e+01
5.660723e+01 9.281091e+10 2.681888e+01
7.126428e+01 1.348879e+11 5.322894e+01
8.971641e+01 1.746521e+11 9.317147e+01
1.129463e+02 2.261198e+11 1.585473e+02
1.421909e+02 2.487084e+11 2.294570e+02
1.790078e+02 2.506041e+11 3.034880e+02
2.253574e+02 2.463060e+11 3.882675e+02
2.837082e+02 2.516542e+11 5.161332e+02
3.571675e+02 2.074316e+11 5.494425e+02
4.496472e+02 2.019980e+11 6.844782e+02
5.660723e+02 1.928369e+11 8.375587e+02
7.126428e+02 1.660717e+11 9.126411e+02
8.971641e+02 1.320105e+11 9.267258e+02
1.129463e+03 9.152909e+10 8.134289e+02
1.421909e+03 5.539481e+10 6.183078e+02
1.790078e+03 2.678745e+10 3.766487e+02
2.253574e+03 1.060956e+10 1.872583e+02
2.837082e+03 3.927846e+09 8.674291e+01
3.571675e+03 1.260079e+09 3.452583e+01
4.496472e+03 2.784349e+08 9.408682e+00
5.660723e+03 2.741680e+07 1.152398e+00
7.126428e+03 3.124527e+06 1.579798e-01
8.971641e+03 2.198400e+04 1.382364e-03
