1.129463e+01 1.593105e+13 2.951520e+03
1.421909e+01 2.060331e+13 4.926649e+03
1.790078e+01 2.366591e+13 7.248549e+03
2.253574e+01 2.647148e+13 1.033894e+04
2.837082e+01 2.908385e+13 1.442775e+04
3.571675e+01 3.185904e+13 1.997373e+04
4.496472e+01 3.233506e+13 2.561929e+04
5.660723e+01 3.331465e+13 3.327473e+04
7.126428e+01 3.323324e+13 4.177636e+04
8.971641e+01 3.194650e+13 5.040893e+04
1.129463e+02 3.080756e+13 6.103280e+04
1.421909e+02 2.846126e+13 7.065565e+04
1.790078e+02 2.633612e+13 8.190761e+04
2.253574e+02 2.302942e+13 8.960402e+04
2.837082e+02 1.973856e+13 9.598831e+04
3.571675e+02 1.660402e+13 1.007743e+05
4.496472e+02 1.324972e+13 1.002164e+05
5.660723e+02 1.010825e+13 9.543791e+04
7.126428e+02 6.850613e+12 8.044512e+04
8.971641e+02 5.066935e+12 7.372854e+04
1.129463e+03 2.973467e+12 5.377090e+04
1.421909e+03 1.825138e+12 4.074766e+04
1.790078e+03 9.250734e+11 2.549697e+04
2.253574e+03 4.735216e+11 1.609151e+04
2.837082e+03 2.728546e+11 1.133524e+04
3.571675e+03 7.700597e+10 3.935083e+03
4.496472e+03 5.944507e+10 3.750547e+03
5.660723e+03 1.265672e+10 9.300861e+02
7.126428e+03 6.783774e+07 5.858524e+00
8.971641e+03 1.527792e+05 1.575423e-02
