1.129463e+01 1.607577e+11 1.092889e+01
1.421909e+01 2.950137e+11 2.729201e+01
1.790078e+01 3.892497e+11 4.768128e+01
2.253574e+01 5.769288e+11 9.246908e+01
2.837082e+01 8.406731e+11 1.771384e+02
3.571675e+01 1.343997e+12 3.670689e+02
4.496472e+01 1.577434e+12 5.534384e+02
5.660723e+01 2.075722e+12 9.328180e+02
7.126428e+01 2.766960e+12 1.592938e+03
8.971641e+01 3.536854e+12 2.590309e+03
1.129463e+02 3.966201e+12 3.704207e+03
1.421909e+02 4.556760e+12 5.394195e+03
1.790078e+02 4.661140e+12 6.938082e+03
2.253574e+02 4.599646e+12 8.691263e+03
2.837082e+02 4.541387e+12 1.087392e+04
3.571675e+02 4.339528e+12 1.308748e+04
4.496472e+02 3.825528e+12 1.453328e+04
5.660723e+02 3.302850e+12 1.581450e+04
7.126428e+02 2.551485e+12 1.535363e+04
8.971641e+02 1.873087e+12 1.415745e+04
1.129463e+03 1.115873e+12 1.055132e+04
1.421909e+03 6.788392e+11 8.018316e+03
1.790078e+03 3.419037e+11 5.045791e+03
2.253574e+03 1.515839e+11 2.799871e+03
2.837082e+03 5.330637e+10 1.215427e+03
3.571675e+03 2.048233e+10 5.830809e+02
4.496472e+03 4.731971e+09 1.657887e+02
5.660723e+03 7.056352e+08 3.014026e+01
7.126428e+03 4.038238e+07 2.135774e+00
8.971641e+03 1.553437e+06 9.811037e-02
