Experiment = AdvSND | Neutrino = 12 | Exp. Target density (nucleons / cm3) = 10^(25.1) | Exp. Target Length = 600 cm | Total Events = 2253.5 |            del_theta = 1.0 mrad, theta_max = 150.0 mrad |            del_Elepton = 10.0 % , Elepton_min = 20.00 GeV, Elepton_max = 6000.00 GeV|            del_Ehadron = 10.0 %, Ehadron_min = 20.00 GeV GeV, Ehadron_max = 6000.00 GeV
x_lower x_upper x_avg     Q2_lower[GeV^2] Q2_upper[GeV^2] Q2_avg[GeV^2] E_nu_lower[GeV] E_nu_upper[GeV] E_nu_avg[GeV] log10(d^sigma/dxdQ2(x_avg,Q2_avg,Enu_avg) / (pb / GeV^-2)) N_events N_events_errs = Sqrt[N_events] N_sys_errs MC_Samples
0.00010 0.00014 nan     4.0               10.0                nan     11.34            5698.00            nan                nan                                  0.00000      0.00000  0.00000         9  
0.00010 0.00014 nan     10.0               100.0                nan     11.34            5698.00            nan                nan                                  0.00000      0.00000  0.00000         9  
0.00010 0.00014 nan     100.0               1000.0                nan     11.34            5698.00            nan                nan                                  0.00000      0.00000  0.00000         9  
0.00010 0.00014 nan     1000.0               10000.0                nan     11.34            5698.00            nan                nan                                  0.00000      0.00000  0.00000         9  
0.00010 0.00014 nan     10000.0               100000.0                nan     11.34            5698.00            nan                nan                                  0.00000      0.00000  0.00000         9  
0.00014 0.00019 nan     4.0               10.0                nan     11.34            5698.00            nan                nan                                  0.00000      0.00000  0.00000         9  
0.00014 0.00019 nan     10.0               100.0                nan     11.34            5698.00            nan                nan                                  0.00000      0.00000  0.00000         9  
0.00014 0.00019 nan     100.0               1000.0                nan     11.34            5698.00            nan                nan                                  0.00000      0.00000  0.00000         9  
0.00014 0.00019 nan     1000.0               10000.0                nan     11.34            5698.00            nan                nan                                  0.00000      0.00000  0.00000         9  
0.00014 0.00019 nan     10000.0               100000.0                nan     11.34            5698.00            nan                nan                                  0.00000      0.00000  0.00000         9  
0.00019 0.00026 nan     4.0               10.0                nan     11.34            5698.00            nan                nan                                  0.00000      0.00000  0.00000         9  
0.00019 0.00026 nan     10.0               100.0                nan     11.34            5698.00            nan                nan                                  0.00000      0.00000  0.00000         9  
0.00019 0.00026 nan     100.0               1000.0                nan     11.34            5698.00            nan                nan                                  0.00000      0.00000  0.00000         9  
0.00019 0.00026 nan     1000.0               10000.0                nan     11.34            5698.00            nan                nan                                  0.00000      0.00000  0.00000         9  
0.00019 0.00026 nan     10000.0               100000.0                nan     11.34            5698.00            nan                nan                                  0.00000      0.00000  0.00000         9  
0.00026 0.00036 nan     4.0               10.0                nan     11.34            5698.00            nan                nan                                  0.00000      0.00000  0.00000         9  
0.00026 0.00036 nan     10.0               100.0                nan     11.34            5698.00            nan                nan                                  0.00000      0.00000  0.00000         9  
0.00026 0.00036 nan     100.0               1000.0                nan     11.34            5698.00            nan                nan                                  0.00000      0.00000  0.00000         9  
0.00026 0.00036 nan     1000.0               10000.0                nan     11.34            5698.00            nan                nan                                  0.00000      0.00000  0.00000         9  
0.00026 0.00036 nan     10000.0               100000.0                nan     11.34            5698.00            nan                nan                                  0.00000      0.00000  0.00000         9  
0.00036 0.00049 0.00046     4.0               10.0                4.3     11.34            5698.00            5347.32                1.2420                                  0.00000      0.00214  0.00000         2217  
0.00036 0.00049 nan     10.0               100.0                nan     11.34            5698.00            nan                nan                                  0.00000      0.00000  0.00000         9  
0.00036 0.00049 nan     100.0               1000.0                nan     11.34            5698.00            nan                nan                                  0.00000      0.00000  0.00000         9  
0.00036 0.00049 nan     1000.0               10000.0                nan     11.34            5698.00            nan                nan                                  0.00000      0.00000  0.00000         9  
0.00036 0.00049 nan     10000.0               100000.0                nan     11.34            5698.00            nan                nan                                  0.00000      0.00000  0.00000         9  
0.00049 0.00067 0.00060     4.0               10.0                4.8     11.34            5698.00            4984.75                1.1564                                  0.00027      0.01646  0.00001         19564  
0.00049 0.00067 nan     10.0               100.0                nan     11.34            5698.00            nan                nan                                  0.00000      0.00000  0.00000         9  
0.00049 0.00067 nan     100.0               1000.0                nan     11.34            5698.00            nan                nan                                  0.00000      0.00000  0.00000         9  
0.00049 0.00067 nan     1000.0               10000.0                nan     11.34            5698.00            nan                nan                                  0.00000      0.00000  0.00000         9  
0.00049 0.00067 nan     10000.0               100000.0                nan     11.34            5698.00            nan                nan                                  0.00000      0.00000  0.00000         9  
0.00067 0.00092 0.00081     4.0               10.0                5.5     11.34            5698.00            4679.51                0.9130                                  0.00288      0.05368  0.00007         51527  
0.00067 0.00092 nan     10.0               100.0                nan     11.34            5698.00            nan                nan                                  0.00000      0.00000  0.00000         9  
0.00067 0.00092 nan     100.0               1000.0                nan     11.34            5698.00            nan                nan                                  0.00000      0.00000  0.00000         9  
0.00067 0.00092 nan     1000.0               10000.0                nan     11.34            5698.00            nan                nan                                  0.00000      0.00000  0.00000         9  
0.00067 0.00092 nan     10000.0               100000.0                nan     11.34            5698.00            nan                nan                                  0.00000      0.00000  0.00000         9  
0.00092 0.00127 0.00110     4.0               10.0                6.3     11.34            5698.00            4393.32                0.8797                                  0.02076      0.14408  0.00029         88471  
0.00092 0.00127 0.00118     10.0               100.0                10.8     11.34            5698.00            5306.51                0.8561                                  0.00002      0.00479  0.00000         5048  
0.00092 0.00127 nan     100.0               1000.0                nan     11.34            5698.00            nan                nan                                  0.00000      0.00000  0.00000         9  
0.00092 0.00127 nan     1000.0               10000.0                nan     11.34            5698.00            nan                nan                                  0.00000      0.00000  0.00000         9  
0.00092 0.00127 nan     10000.0               100000.0                nan     11.34            5698.00            nan                nan                                  0.00000      0.00000  0.00000         9  
0.00127 0.00174 0.00150     4.0               10.0                6.7     11.34            5698.00            4046.49                0.8003                                  0.09202      0.30336  0.00142         108500  
0.00127 0.00174 0.00154     10.0               100.0                12.1     11.34            5698.00            4953.76                0.7757                                  0.00106      0.03263  0.00004         35799  
0.00127 0.00174 nan     100.0               1000.0                nan     11.34            5698.00            nan                nan                                  0.00000      0.00000  0.00000         9  
0.00127 0.00174 nan     1000.0               10000.0                nan     11.34            5698.00            nan                nan                                  0.00000      0.00000  0.00000         9  
0.00127 0.00174 nan     10000.0               100000.0                nan     11.34            5698.00            nan                nan                                  0.00000      0.00000  0.00000         9  
0.00174 0.00240 0.00205     4.0               10.0                6.8     11.34            5698.00            3741.41                0.5835                                  0.23263      0.48232  0.00528         112931  
0.00174 0.00240 0.00209     10.0               100.0                14.1     11.34            5698.00            4650.94                0.5459                                  0.00991      0.09954  0.00015         88550  
0.00174 0.00240 nan     100.0               1000.0                nan     11.34            5698.00            nan                nan                                  0.00000      0.00000  0.00000         9  
0.00174 0.00240 nan     1000.0               10000.0                nan     11.34            5698.00            nan                nan                                  0.00000      0.00000  0.00000         9  
0.00174 0.00240 nan     10000.0               100000.0                nan     11.34            5698.00            nan                nan                                  0.00000      0.00000  0.00000         9  
0.00240 0.00329 0.00281     4.0               10.0                6.9     11.34            5698.00            3499.54                0.4941                                  0.64405      0.80253  0.01691         108829  
0.00240 0.00329 0.00286     10.0               100.0                16.8     11.34            5698.00            4423.93                0.4878                                  0.06579      0.25650  0.00146         157627  
0.00240 0.00329 nan     100.0               1000.0                nan     11.34            5698.00            nan                nan                                  0.00000      0.00000  0.00000         9  
0.00240 0.00329 nan     1000.0               10000.0                nan     11.34            5698.00            nan                nan                                  0.00000      0.00000  0.00000         9  
0.00240 0.00329 nan     10000.0               100000.0                nan     11.34            5698.00            nan                nan                                  0.00000      0.00000  0.00000         9  
0.00329 0.00452 0.00386     4.0               10.0                6.9     11.34            5698.00            3321.58                0.4185                                  1.47657      1.21514  0.02378         100479  
0.00329 0.00452 0.00391     10.0               100.0                20.5     11.34            5698.00            4251.67                0.4294                                  0.30541      0.55264  0.00597         239041  
0.00329 0.00452 nan     100.0               1000.0                nan     11.34            5698.00            nan                nan                                  0.00000      0.00000  0.00000         9  
0.00329 0.00452 nan     1000.0               10000.0                nan     11.34            5698.00            nan                nan                                  0.00000      0.00000  0.00000         9  
0.00329 0.00452 nan     10000.0               100000.0                nan     11.34            5698.00            nan                nan                                  0.00000      0.00000  0.00000         9  
0.00452 0.00621 0.00531     4.0               10.0                6.9     11.34            5698.00            3193.18                0.2314                                  2.31021      1.51994  0.03712         90882  
0.00452 0.00621 0.00536     10.0               100.0                25.7     11.34            5698.00            4129.25                0.2344                                  0.82423      0.90787  0.01108         330165  
0.00452 0.00621 nan     100.0               1000.0                nan     11.34            5698.00            nan                nan                                  0.00000      0.00000  0.00000         9  
0.00452 0.00621 nan     1000.0               10000.0                nan     11.34            5698.00            nan                nan                                  0.00000      0.00000  0.00000         9  
0.00452 0.00621 nan     10000.0               100000.0                nan     11.34            5698.00            nan                nan                                  0.00000      0.00000  0.00000         9  
0.00621 0.00853 0.00728     4.0               10.0                7.0     11.34            5698.00            3086.91                0.0571                                  3.42542      1.85079  0.07544         79748  
0.00621 0.00853 0.00736     10.0               100.0                32.7     11.34            5698.00            4035.50                0.0589                                  2.07313      1.43984  0.02928         432282  
0.00621 0.00853 nan     100.0               1000.0                nan     11.34            5698.00            nan                nan                                  0.00000      0.00000  0.00000         9  
0.00621 0.00853 nan     1000.0               10000.0                nan     11.34            5698.00            nan                nan                                  0.00000      0.00000  0.00000         9  
0.00621 0.00853 nan     10000.0               100000.0                nan     11.34            5698.00            nan                nan                                  0.00000      0.00000  0.00000         9  
0.00853 0.01172 0.01000     4.0               10.0                7.0     11.34            5698.00            3010.65                -0.0224                                  5.55592      2.35710  0.09670         69852  
0.00853 0.01172 0.01009     10.0               100.0                41.7     11.34            5698.00            3951.93                -0.0184                                  5.31124      2.30461  0.06002         542455  
0.00853 0.01172 0.01110     100.0               1000.0                105.8     11.34            5698.00            5391.81                -0.0907                                  0.00007      0.00863  0.00000         6321  
0.00853 0.01172 nan     1000.0               10000.0                nan     11.34            5698.00            nan                nan                                  0.00000      0.00000  0.00000         9  
0.00853 0.01172 nan     10000.0               100000.0                nan     11.34            5698.00            nan                nan                                  0.00000      0.00000  0.00000         9  
0.01172 0.01610 0.01374     4.0               10.0                7.0     11.34            5698.00            2951.07                -0.1867                                  6.98319      2.64257  0.16962         60621  
0.01172 0.01610 0.01381     10.0               100.0                47.5     11.34            5698.00            3769.45                -0.1739                                  9.70998      3.11608  0.10052         597908  
0.01172 0.01610 0.01434     100.0               1000.0                117.3     11.34            5698.00            5039.64                -0.2538                                  0.00432      0.06573  0.00007         81313  
0.01172 0.01610 nan     1000.0               10000.0                nan     11.34            5698.00            nan                nan                                  0.00000      0.00000  0.00000         9  
0.01172 0.01610 nan     10000.0               100000.0                nan     11.34            5698.00            nan                nan                                  0.00000      0.00000  0.00000         9  
0.01610 0.02212 0.01887     4.0               10.0                7.0     11.34            5698.00            2920.61                -0.4187                                  7.25461      2.69344  0.13371         51760  
0.01610 0.02212 0.01893     10.0               100.0                50.3     11.34            5698.00            3556.48                -0.3999                                  14.38249      3.79243  0.13170         597068  
0.01610 0.02212 0.01935     100.0               1000.0                135.1     11.34            5698.00            4718.22                -0.4660                                  0.05755      0.23990  0.00069         234425  
0.01610 0.02212 nan     1000.0               10000.0                nan     11.34            5698.00            nan                nan                                  0.00000      0.00000  0.00000         9  
0.01610 0.02212 nan     10000.0               100000.0                nan     11.34            5698.00            nan                nan                                  0.00000      0.00000  0.00000         9  
0.02212 0.03039 0.02593     4.0               10.0                7.0     11.34            5698.00            2872.28                -0.4955                                  9.84135      3.13709  0.35010         44125  
0.02212 0.03039 0.02598     10.0               100.0                52.0     11.34            5698.00            3376.03                -0.4597                                  27.52715      5.24663  0.22150         560045  
0.02212 0.03039 0.02639     100.0               1000.0                160.0     11.34            5698.00            4468.64                -0.5384                                  0.44994      0.67078  0.00302         439892  
0.02212 0.03039 nan     1000.0               10000.0                nan     11.34            5698.00            nan                nan                                  0.00000      0.00000  0.00000         9  
0.02212 0.03039 nan     10000.0               100000.0                nan     11.34            5698.00            nan                nan                                  0.00000      0.00000  0.00000         9  
0.03039 0.04175 0.03561     4.0               10.0                7.0     11.34            5698.00            2838.80                -0.6390                                  11.85238      3.44273  0.35706         37451  
0.03039 0.04175 0.03567     10.0               100.0                53.0     11.34            5698.00            3234.18                -0.5948                                  43.12553      6.56700  0.31300         510087  
0.03039 0.04175 0.03613     100.0               1000.0                194.5     11.34            5698.00            4289.61                -0.6872                                  1.92090      1.38597  0.01821         682639  
0.03039 0.04175 nan     1000.0               10000.0                nan     11.34            5698.00            nan                nan                                  0.00000      0.00000  0.00000         9  
0.03039 0.04175 nan     10000.0               100000.0                nan     11.34            5698.00            nan                nan                                  0.00000      0.00000  0.00000         9  
0.04175 0.05736 0.04894     4.0               10.0                7.0     11.34            5698.00            2806.60                -0.9067                                  10.92354      3.30508  0.52960         32245  
0.04175 0.05736 0.04899     10.0               100.0                53.6     11.34            5698.00            3125.51                -0.8797                                  50.07014      7.07603  0.59576         454403  
0.04175 0.05736 0.04955     100.0               1000.0                242.2     11.34            5698.00            4155.70                -0.9715                                  5.03181      2.24317  0.04033         966656  
0.04175 0.05736 nan     1000.0               10000.0                nan     11.34            5698.00            nan                nan                                  0.00000      0.00000  0.00000         9  
0.04175 0.05736 nan     10000.0               100000.0                nan     11.34            5698.00            nan                nan                                  0.00000      0.00000  0.00000         9  
0.05736 0.07880 0.06716     4.0               10.0                7.0     11.34            5698.00            2763.62                -0.9782                                  13.39538      3.65997  0.31949         27429  
0.05736 0.07880 0.06727     10.0               100.0                54.1     11.34            5698.00            3035.89                -0.9459                                  77.53483      8.80539  0.59688         397679  
0.05736 0.07880 0.06799     100.0               1000.0                307.5     11.34            5698.00            4057.23                -1.0486                                  15.36241      3.91949  0.14142         1286360  
0.05736 0.07880 nan     1000.0               10000.0                nan     11.34            5698.00            nan                nan                                  0.00000      0.00000  0.00000         9  
0.05736 0.07880 nan     10000.0               100000.0                nan     11.34            5698.00            nan                nan                                  0.00000      0.00000  0.00000         9  
0.07880 0.10826 0.09227     4.0               10.0                7.1     11.34            5698.00            2725.35                -1.1038                                  14.59433      3.82025  0.43602         22897  
0.07880 0.10826 0.09240     10.0               100.0                54.5     11.34            5698.00            2968.80                -1.0747                                  103.72471      10.18453  0.97350         345957  
0.07880 0.10826 0.09327     100.0               1000.0                395.2     11.34            5698.00            3977.36                -1.1900                                  35.95967      5.99664  0.25123         1637414  
0.07880 0.10826 0.10459     1000.0               10000.0                1037.3     11.34            5698.00            5493.46                -1.3722                                  0.00006      0.00805  0.00000         5244  
0.07880 0.10826 nan     10000.0               100000.0                nan     11.34            5698.00            nan                nan                                  0.00000      0.00000  0.00000         9  
0.10826 0.14874 0.12609     4.0               10.0                7.4     11.34            5698.00            2661.57                -1.3691                                  13.14790      3.62600  0.46203         16622  
0.10826 0.14874 0.12690     10.0               100.0                55.0     11.34            5698.00            2914.56                -1.3812                                  102.21835      10.11031  1.54885         297050  
0.10826 0.14874 0.12763     100.0               1000.0                465.4     11.34            5698.00            3824.05                -1.5064                                  54.44910      7.37896  0.33248         1871055  
0.10826 0.14874 0.13374     1000.0               10000.0                1137.8     11.34            5698.00            5125.80                -1.6310                                  0.00826      0.09090  0.00009         169009  
0.10826 0.14874 nan     10000.0               100000.0                nan     11.34            5698.00            nan                nan                                  0.00000      0.00000  0.00000         9  
0.14874 0.20434 0.17138     4.0               10.0                8.2     11.34            5698.00            2622.16                -1.4713                                  11.28900      3.35991  0.64191         9083  
0.14874 0.20434 0.17432     10.0               100.0                55.3     11.34            5698.00            2858.93                -1.4862                                  121.79662      11.03615  1.05838         252501  
0.14874 0.20434 0.17493     100.0               1000.0                498.4     11.34            5698.00            3610.92                -1.6022                                  97.65531      9.88207  0.65238         1895242  
0.14874 0.20434 0.17917     1000.0               10000.0                1300.0     11.34            5698.00            4790.47                -1.7260                                  0.17299      0.41592  0.00172         603123  
0.14874 0.20434 nan     10000.0               100000.0                nan     11.34            5698.00            nan                nan                                  0.00000      0.00000  0.00000         9  
0.20434 0.28072 0.22753     4.0               10.0                9.0     11.34            5698.00            2579.66                -1.5826                                  5.65258      2.37751  0.79599         2578  
0.20434 0.28072 0.23928     10.0               100.0                55.7     11.34            5698.00            2810.27                -1.6263                                  142.15202      11.92275  1.92699         211446  
0.20434 0.28072 0.24005     100.0               1000.0                516.4     11.34            5698.00            3421.64                -1.7429                                  158.81015      12.60199  1.03966         1793731  
0.20434 0.28072 0.24404     1000.0               10000.0                1530.8     11.34            5698.00            4529.36                -1.9000                                  1.29688      1.13881  0.00960         1213024  
0.20434 0.28072 nan     10000.0               100000.0                nan     11.34            5698.00            nan                nan                                  0.00000      0.00000  0.00000         9  
0.28072 0.38566 0.29861     4.0               10.0                9.5     11.34            5698.00            2304.13                -1.7846                                  0.45436      0.67406  0.81445         86  
0.28072 0.38566 0.32821     10.0               100.0                56.9     11.34            5698.00            2746.47                -1.9547                                  110.74344      10.52347  1.48509         170659  
0.28072 0.38566 0.32943     100.0               1000.0                528.8     11.34            5698.00            3270.77                -2.0937                                  155.90150      12.48605  0.68222         1639569  
0.28072 0.38566 0.33401     1000.0               10000.0                1846.9     11.34            5698.00            4334.50                -2.3136                                  3.62156      1.90304  0.02176         1945533  
0.28072 0.38566 nan     10000.0               100000.0                nan     11.34            5698.00            nan                nan                                  0.00000      0.00000  0.00000         9  
0.38566 0.52983 nan     4.0               10.0                nan     11.34            5698.00            nan                nan                                  0.00000      0.00000  0.00000         9  
0.38566 0.52983 0.45038     10.0               100.0                59.2     11.34            5698.00            2678.35                -2.2434                                  85.33308      9.23759  1.06270         129407  
0.38566 0.52983 0.45204     100.0               1000.0                539.5     11.34            5698.00            3140.69                -2.4043                                  155.24666      12.45980  0.80556         1436860  
0.38566 0.52983 0.45771     1000.0               10000.0                2282.0     11.34            5698.00            4195.91                -2.6577                                  9.11075      3.01840  0.03788         2782480  
0.38566 0.52983 nan     10000.0               100000.0                nan     11.34            5698.00            nan                nan                                  0.00000      0.00000  0.00000         9  
0.52983 0.72790 nan     4.0               10.0                nan     11.34            5698.00            nan                nan                                  0.00000      0.00000  0.00000         9  
0.52983 0.72790 0.61633     10.0               100.0                62.0     11.34            5698.00            2630.52                -2.4019                                  85.10701      9.22535  1.43298         90498  
0.52983 0.72790 0.61899     100.0               1000.0                548.8     11.34            5698.00            2997.10                -2.5616                                  207.94227      14.42020  1.27833         1165231  
0.52983 0.72790 0.62702     1000.0               10000.0                2894.8     11.34            5698.00            4085.64                -2.8463                                  22.95506      4.79114  0.09408         3632441  
0.52983 0.72790 nan     10000.0               100000.0                nan     11.34            5698.00            nan                nan                                  0.00000      0.00000  0.00000         9  
0.72790 1.00000 nan     4.0               10.0                nan     11.34            5698.00            nan                nan                                  0.00000      0.00000  0.00000         9  
0.72790 1.00000 0.84172     10.0               100.0                65.8     11.34            5698.00            2695.46                -2.7894                                  43.04147      6.56060  0.70347         53670  
0.72790 1.00000 0.84128     100.0               1000.0                550.9     11.34            5698.00            2921.41                -2.9407                                  155.22155      12.45879  1.55566         747731  
0.72790 1.00000 0.84685     1000.0               10000.0                3722.2     11.34            5698.00            4010.05                -3.2713                                  28.11009      5.30190  0.12784         3526400  
0.72790 1.00000 0.98591     10000.0               100000.0                10125.4     11.34            5698.00            5625.73                -4.8510                                  0.00000      0.00013  0.00000         363  
