Experiment = SND | seed 2 | Neutrino = -12 | Exp. Target density (nucleons / cm3) = 10^(25.1) | Exp. Target Length = 35 cm | Total Events = 37.9 |        del_theta = 0.06 mrad, theta_max = 500.0 mrad |        del_Elepton = 30.0 % , Elepton_min = 20.00 GeV, Elepton_max = 10000.00 GeV|        del_Ehadron = 30.0 %, Ehadron_min = 20.00 GeV GeV, Ehadron_max = 10000.00 GeV
x_lower         x_upper         x_avg          Q2_lower[GeV^2]      Q2_upper[GeV^2]      Q2_avg[GeV^2]       E_nu_lower[GeV]      E_nu_upper[GeV]      E_nu_avg[GeV]       d^sigma/dxdQ2(x_avg,Q2_avg,Enu_avg) pb / GeV^2         N_events        N_events_errs = Sqrt[N_events]     N_sys_errs          Fractional_error_theta    Fractional_error_Elepton Fractional_error_Ehadron MC_Samples 
1.000000e-04    1.373824e-04    nan            4.000000e+00         1.000000e+01         nan                 1.133635e+01         5.698000e+03         nan                 nan                                                    0.000000e+00    nan                                nan                 nan                       nan                      nan                      nan 
1.000000e-04    1.373824e-04    nan            1.000000e+01         1.000000e+02         nan                 1.133635e+01         5.698000e+03         nan                 nan                                                    0.000000e+00    nan                                nan                 nan                       nan                      nan                      nan 
1.000000e-04    1.373824e-04    nan            1.000000e+02         1.000000e+03         nan                 1.133635e+01         5.698000e+03         nan                 nan                                                    0.000000e+00    nan                                nan                 nan                       nan                      nan                      nan 
1.000000e-04    1.373824e-04    nan            1.000000e+03         1.000000e+04         nan                 1.133635e+01         5.698000e+03         nan                 nan                                                    0.000000e+00    nan                                nan                 nan                       nan                      nan                      nan 
1.000000e-04    1.373824e-04    nan            1.000000e+04         1.000000e+05         nan                 1.133635e+01         5.698000e+03         nan                 nan                                                    0.000000e+00    nan                                nan                 nan                       nan                      nan                      nan 
1.373824e-04    1.887392e-04    nan            4.000000e+00         1.000000e+01         nan                 1.133635e+01         5.698000e+03         nan                 nan                                                    0.000000e+00    nan                                nan                 nan                       nan                      nan                      nan 
1.373824e-04    1.887392e-04    nan            1.000000e+01         1.000000e+02         nan                 1.133635e+01         5.698000e+03         nan                 nan                                                    0.000000e+00    nan                                nan                 nan                       nan                      nan                      nan 
1.373824e-04    1.887392e-04    nan            1.000000e+02         1.000000e+03         nan                 1.133635e+01         5.698000e+03         nan                 nan                                                    0.000000e+00    nan                                nan                 nan                       nan                      nan                      nan 
1.373824e-04    1.887392e-04    nan            1.000000e+03         1.000000e+04         nan                 1.133635e+01         5.698000e+03         nan                 nan                                                    0.000000e+00    nan                                nan                 nan                       nan                      nan                      nan 
1.373824e-04    1.887392e-04    nan            1.000000e+04         1.000000e+05         nan                 1.133635e+01         5.698000e+03         nan                 nan                                                    0.000000e+00    nan                                nan                 nan                       nan                      nan                      nan 
1.887392e-04    2.592944e-04    nan            4.000000e+00         1.000000e+01         nan                 1.133635e+01         5.698000e+03         nan                 nan                                                    0.000000e+00    nan                                nan                 nan                       nan                      nan                      nan 
1.887392e-04    2.592944e-04    nan            1.000000e+01         1.000000e+02         nan                 1.133635e+01         5.698000e+03         nan                 nan                                                    0.000000e+00    nan                                nan                 nan                       nan                      nan                      nan 
1.887392e-04    2.592944e-04    nan            1.000000e+02         1.000000e+03         nan                 1.133635e+01         5.698000e+03         nan                 nan                                                    0.000000e+00    nan                                nan                 nan                       nan                      nan                      nan 
1.887392e-04    2.592944e-04    nan            1.000000e+03         1.000000e+04         nan                 1.133635e+01         5.698000e+03         nan                 nan                                                    0.000000e+00    nan                                nan                 nan                       nan                      nan                      nan 
1.887392e-04    2.592944e-04    nan            1.000000e+04         1.000000e+05         nan                 1.133635e+01         5.698000e+03         nan                 nan                                                    0.000000e+00    nan                                nan                 nan                       nan                      nan                      nan 
2.592944e-04    3.562248e-04    nan            4.000000e+00         1.000000e+01         nan                 1.133635e+01         5.698000e+03         nan                 nan                                                    0.000000e+00    nan                                nan                 nan                       nan                      nan                      nan 
2.592944e-04    3.562248e-04    nan            1.000000e+01         1.000000e+02         nan                 1.133635e+01         5.698000e+03         nan                 nan                                                    0.000000e+00    nan                                nan                 nan                       nan                      nan                      nan 
2.592944e-04    3.562248e-04    nan            1.000000e+02         1.000000e+03         nan                 1.133635e+01         5.698000e+03         nan                 nan                                                    0.000000e+00    nan                                nan                 nan                       nan                      nan                      nan 
2.592944e-04    3.562248e-04    nan            1.000000e+03         1.000000e+04         nan                 1.133635e+01         5.698000e+03         nan                 nan                                                    0.000000e+00    nan                                nan                 nan                       nan                      nan                      nan 
2.592944e-04    3.562248e-04    nan            1.000000e+04         1.000000e+05         nan                 1.133635e+01         5.698000e+03         nan                 nan                                                    0.000000e+00    nan                                nan                 nan                       nan                      nan                      nan 
3.562248e-04    4.893901e-04    nan            4.000000e+00         1.000000e+01         nan                 1.133635e+01         5.698000e+03         nan                 nan                                                    0.000000e+00    nan                                nan                 nan                       nan                      nan                      nan 
3.562248e-04    4.893901e-04    nan            1.000000e+01         1.000000e+02         nan                 1.133635e+01         5.698000e+03         nan                 nan                                                    0.000000e+00    nan                                nan                 nan                       nan                      nan                      nan 
3.562248e-04    4.893901e-04    nan            1.000000e+02         1.000000e+03         nan                 1.133635e+01         5.698000e+03         nan                 nan                                                    0.000000e+00    nan                                nan                 nan                       nan                      nan                      nan 
3.562248e-04    4.893901e-04    nan            1.000000e+03         1.000000e+04         nan                 1.133635e+01         5.698000e+03         nan                 nan                                                    0.000000e+00    nan                                nan                 nan                       nan                      nan                      nan 
3.562248e-04    4.893901e-04    nan            1.000000e+04         1.000000e+05         nan                 1.133635e+01         5.698000e+03         nan                 nan                                                    0.000000e+00    nan                                nan                 nan                       nan                      nan                      nan 
4.893901e-04    6.723358e-04    nan            4.000000e+00         1.000000e+01         nan                 1.133635e+01         5.698000e+03         nan                 nan                                                    0.000000e+00    nan                                nan                 nan                       nan                      nan                      nan 
4.893901e-04    6.723358e-04    nan            1.000000e+01         1.000000e+02         nan                 1.133635e+01         5.698000e+03         nan                 nan                                                    0.000000e+00    nan                                nan                 nan                       nan                      nan                      nan 
4.893901e-04    6.723358e-04    nan            1.000000e+02         1.000000e+03         nan                 1.133635e+01         5.698000e+03         nan                 nan                                                    0.000000e+00    nan                                nan                 nan                       nan                      nan                      nan 
4.893901e-04    6.723358e-04    nan            1.000000e+03         1.000000e+04         nan                 1.133635e+01         5.698000e+03         nan                 nan                                                    0.000000e+00    nan                                nan                 nan                       nan                      nan                      nan 
4.893901e-04    6.723358e-04    nan            1.000000e+04         1.000000e+05         nan                 1.133635e+01         5.698000e+03         nan                 nan                                                    0.000000e+00    nan                                nan                 nan                       nan                      nan                      nan 
6.723358e-04    9.236709e-04    8.046677e-04   4.000000e+00         1.000000e+01         4.825107e+00        1.133635e+01         5.698000e+03         3.760812e+03        7.154643e+00                                           4.455043e-05    6.674611e-03                       1.98002e-05         0.277778                  0.111111                 0.222222                 2.000360e+05 
6.723358e-04    9.236709e-04    nan            1.000000e+01         1.000000e+02         nan                 1.133635e+01         5.698000e+03         nan                 nan                                                    0.000000e+00    nan                                nan                 nan                       nan                      nan                      nan 
6.723358e-04    9.236709e-04    nan            1.000000e+02         1.000000e+03         nan                 1.133635e+01         5.698000e+03         nan                 nan                                                    0.000000e+00    nan                                nan                 nan                       nan                      nan                      nan 
6.723358e-04    9.236709e-04    nan            1.000000e+03         1.000000e+04         nan                 1.133635e+01         5.698000e+03         nan                 nan                                                    0.000000e+00    nan                                nan                 nan                       nan                      nan                      nan 
6.723358e-04    9.236709e-04    nan            1.000000e+04         1.000000e+05         nan                 1.133635e+01         5.698000e+03         nan                 nan                                                    0.000000e+00    nan                                nan                 nan                       nan                      nan                      nan 
9.236709e-04    1.268961e-03    1.145202e-03   4.000000e+00         1.000000e+01         4.901142e+00        1.133635e+01         5.698000e+03         2.842315e+03        4.789106e+00                                           3.258782e-04    1.805210e-02                       7.62694e-05         0.12766                   0.120567                 0.212766                 3.943530e+05 
9.236709e-04    1.268961e-03    nan            1.000000e+01         1.000000e+02         nan                 1.133635e+01         5.698000e+03         nan                 nan                                                    0.000000e+00    nan                                nan                 nan                       nan                      nan                      nan 
9.236709e-04    1.268961e-03    nan            1.000000e+02         1.000000e+03         nan                 1.133635e+01         5.698000e+03         nan                 nan                                                    0.000000e+00    nan                                nan                 nan                       nan                      nan                      nan 
9.236709e-04    1.268961e-03    nan            1.000000e+03         1.000000e+04         nan                 1.133635e+01         5.698000e+03         nan                 nan                                                    0.000000e+00    nan                                nan                 nan                       nan                      nan                      nan 
9.236709e-04    1.268961e-03    nan            1.000000e+04         1.000000e+05         nan                 1.133635e+01         5.698000e+03         nan                 nan                                                    0.000000e+00    nan                                nan                 nan                       nan                      nan                      nan 
1.268961e-03    1.743329e-03    1.562470e-03   4.000000e+00         1.000000e+01         5.064405e+00        1.133635e+01         5.698000e+03         2.147821e+03        3.214926e+00                                           1.680612e-03    4.099527e-02                       0.000164621         0.0599415                 0.0482456                0.210526                 5.596300e+05 
1.268961e-03    1.743329e-03    1.681105e-03   1.000000e+01         1.000000e+02         1.236848e+01        1.133635e+01         5.698000e+03         4.094501e+03        3.799299e+00                                           1.103247e-05    3.321516e-03                       2.02262e-05         0.333333                  0.5                      1.66667                  1.271000e+04 
1.268961e-03    1.743329e-03    nan            1.000000e+02         1.000000e+03         nan                 1.133635e+01         5.698000e+03         nan                 nan                                                    0.000000e+00    nan                                nan                 nan                       nan                      nan                      nan 
1.268961e-03    1.743329e-03    nan            1.000000e+03         1.000000e+04         nan                 1.133635e+01         5.698000e+03         nan                 nan                                                    0.000000e+00    nan                                nan                 nan                       nan                      nan                      nan 
1.268961e-03    1.743329e-03    nan            1.000000e+04         1.000000e+05         nan                 1.133635e+01         5.698000e+03         nan                 nan                                                    0.000000e+00    nan                                nan                 nan                       nan                      nan                      nan 
1.743329e-03    2.395027e-03    2.116992e-03   4.000000e+00         1.000000e+01         5.334231e+00        1.133635e+01         5.698000e+03         1.773477e+03        2.279533e+00                                           6.327285e-03    7.954423e-02                       0.000177933         0.0374953                 0.0461192                0.185227                 6.779570e+05 
1.743329e-03    2.395027e-03    2.223481e-03   1.000000e+01         1.000000e+02         1.182819e+01        1.133635e+01         5.698000e+03         3.345085e+03        2.714465e+00                                           1.522723e-04    1.233987e-02                       0.000209951         0.121212                  0.136364                 1.06061                  3.685700e+04 
1.743329e-03    2.395027e-03    nan            1.000000e+02         1.000000e+03         nan                 1.133635e+01         5.698000e+03         nan                 nan                                                    0.000000e+00    nan                                nan                 nan                       nan                      nan                      nan 
1.743329e-03    2.395027e-03    nan            1.000000e+03         1.000000e+04         nan                 1.133635e+01         5.698000e+03         nan                 nan                                                    0.000000e+00    nan                                nan                 nan                       nan                      nan                      nan 
1.743329e-03    2.395027e-03    nan            1.000000e+04         1.000000e+05         nan                 1.133635e+01         5.698000e+03         nan                 nan                                                    0.000000e+00    nan                                nan                 nan                       nan                      nan                      nan 
2.395027e-03    3.290345e-03    2.880667e-03   4.000000e+00         1.000000e+01         5.697773e+00        1.133635e+01         5.698000e+03         1.468634e+03        1.677319e+00                                           1.792164e-02    1.338717e-01                       0.000501797         0.0340808                 0.0210313                0.162929                 7.654880e+05 
2.395027e-03    3.290345e-03    2.972019e-03   1.000000e+01         1.000000e+02         1.249136e+01        1.133635e+01         5.698000e+03         2.682682e+03        1.982292e+00                                           1.111977e-03    3.334632e-02                       0.000900874         0.0353201                 0.125828                 0.540839                 7.554800e+04 
2.395027e-03    3.290345e-03    nan            1.000000e+02         1.000000e+03         nan                 1.133635e+01         5.698000e+03         nan                 nan                                                    0.000000e+00    nan                                nan                 nan                       nan                      nan                      nan 
2.395027e-03    3.290345e-03    nan            1.000000e+03         1.000000e+04         nan                 1.133635e+01         5.698000e+03         nan                 nan                                                    0.000000e+00    nan                                nan                 nan                       nan                      nan                      nan 
2.395027e-03    3.290345e-03    nan            1.000000e+04         1.000000e+05         nan                 1.133635e+01         5.698000e+03         nan                 nan                                                    0.000000e+00    nan                                nan                 nan                       nan                      nan                      nan 
3.290345e-03    4.520354e-03    3.955621e-03   4.000000e+00         1.000000e+01         5.961152e+00        1.133635e+01         5.698000e+03         1.227946e+03        1.223503e+00                                           4.196362e-02    2.048502e-01                       0.00144823          0.0220629                 0.0354007                0.16261                  8.291700e+05 
3.290345e-03    4.520354e-03    4.004553e-03   1.000000e+01         1.000000e+02         1.302972e+01        1.133635e+01         5.698000e+03         2.193051e+03        1.453382e+00                                           5.592990e-03    7.478630e-02                       0.00237838          0.0186362                 0.0800508                0.265989                 1.334170e+05 
3.290345e-03    4.520354e-03    nan            1.000000e+02         1.000000e+03         nan                 1.133635e+01         5.698000e+03         nan                 nan                                                    0.000000e+00    nan                                nan                 nan                       nan                      nan                      nan 
3.290345e-03    4.520354e-03    nan            1.000000e+03         1.000000e+04         nan                 1.133635e+01         5.698000e+03         nan                 nan                                                    0.000000e+00    nan                                nan                 nan                       nan                      nan                      nan 
3.290345e-03    4.520354e-03    nan            1.000000e+04         1.000000e+05         nan                 1.133635e+01         5.698000e+03         nan                 nan                                                    0.000000e+00    nan                                nan                 nan                       nan                      nan                      nan 
4.520354e-03    6.210169e-03    5.412519e-03   4.000000e+00         1.000000e+01         6.177658e+00        1.133635e+01         5.698000e+03         1.031522e+03        8.823475e-01                                           8.011597e-02    2.830477e-01                       0.00328208          0.0184506                 0.0294243                0.143085                 8.747750e+05 
4.520354e-03    6.210169e-03    5.501220e-03   1.000000e+01         1.000000e+02         1.388269e+01        1.133635e+01         5.698000e+03         1.776656e+03        9.960204e-01                                           2.067691e-02    1.437947e-01                       0.00460123          0.00969529                0.0818329                0.132849                 2.151570e+05 
4.520354e-03    6.210169e-03    nan            1.000000e+02         1.000000e+03         nan                 1.133635e+01         5.698000e+03         nan                 nan                                                    0.000000e+00    nan                                nan                 nan                       nan                      nan                      nan 
4.520354e-03    6.210169e-03    nan            1.000000e+03         1.000000e+04         nan                 1.133635e+01         5.698000e+03         nan                 nan                                                    0.000000e+00    nan                                nan                 nan                       nan                      nan                      nan 
4.520354e-03    6.210169e-03    nan            1.000000e+04         1.000000e+05         nan                 1.133635e+01         5.698000e+03         nan                 nan                                                    0.000000e+00    nan                                nan                 nan                       nan                      nan                      nan 
6.210169e-03    8.531679e-03    7.407508e-03   4.000000e+00         1.000000e+01         6.370808e+00        1.133635e+01         5.698000e+03         8.722356e+02        6.328584e-01                                           1.332552e-01    3.650414e-01                       0.00123462          0.00968304                0.0569662                0.110763                 9.090140e+05 
6.210169e-03    8.531679e-03    7.504760e-03   1.000000e+01         1.000000e+02         1.511148e+01        1.133635e+01         5.698000e+03         1.511810e+03        6.872193e-01                                           5.808930e-02    2.410172e-01                       0.00903434          0.00395685                0.0963805                0.0688908                3.320460e+05 
6.210169e-03    8.531679e-03    nan            1.000000e+02         1.000000e+03         nan                 1.133635e+01         5.698000e+03         nan                 nan                                                    0.000000e+00    nan                                nan                 nan                       nan                      nan                      nan 
6.210169e-03    8.531679e-03    nan            1.000000e+03         1.000000e+04         nan                 1.133635e+01         5.698000e+03         nan                 nan                                                    0.000000e+00    nan                                nan                 nan                       nan                      nan                      nan 
6.210169e-03    8.531679e-03    nan            1.000000e+04         1.000000e+05         nan                 1.133635e+01         5.698000e+03         nan                 nan                                                    0.000000e+00    nan                                nan                 nan                       nan                      nan                      nan 
8.531679e-03    1.172102e-02    1.012541e-02   4.000000e+00         1.000000e+01         6.511622e+00        1.133635e+01         5.698000e+03         7.544603e+02        4.539800e-01                                           1.983307e-01    4.453434e-01                       0.00291314          0.0103558                 0.0689797                0.0883762                9.328570e+05 
8.531679e-03    1.172102e-02    1.024104e-02   1.000000e+01         1.000000e+02         1.675814e+01        1.133635e+01         5.698000e+03         1.297744e+03        4.675151e-01                                           1.363315e-01    3.692309e-01                       0.0125813           0.00146928                0.0785013                0.00787112               4.852090e+05 
8.531679e-03    1.172102e-02    nan            1.000000e+02         1.000000e+03         nan                 1.133635e+01         5.698000e+03         nan                 nan                                                    0.000000e+00    nan                                nan                 nan                       nan                      nan                      nan 
8.531679e-03    1.172102e-02    nan            1.000000e+03         1.000000e+04         nan                 1.133635e+01         5.698000e+03         nan                 nan                                                    0.000000e+00    nan                                nan                 nan                       nan                      nan                      nan 
8.531679e-03    1.172102e-02    nan            1.000000e+04         1.000000e+05         nan                 1.133635e+01         5.698000e+03         nan                 nan                                                    0.000000e+00    nan                                nan                 nan                       nan                      nan                      nan 
1.172102e-02    1.610262e-02    1.388643e-02   4.000000e+00         1.000000e+01         6.612108e+00        1.133635e+01         5.698000e+03         6.618258e+02        3.427135e-01                                           2.668541e-01    5.165792e-01                       0.00529128          0.0123648                 0.0609383                0.0765963                9.510710e+05 
1.172102e-02    1.610262e-02    1.402019e-02   1.000000e+01         1.000000e+02         1.899060e+01        1.133635e+01         5.698000e+03         1.147165e+03        3.320076e-01                                           2.705048e-01    5.201008e-01                       0.0194451           0.00117671                0.0864266                0.00477708               6.242440e+05 
1.172102e-02    1.610262e-02    1.489794e-02   1.000000e+02         1.000000e+03         1.146752e+02        1.133635e+01         5.698000e+03         4.725963e+03        3.112796e-01                                           3.977535e-05    6.306770e-03                       6.8502e-05          0.166667                  0.166667                 2.88889                  9.028000e+03 
1.172102e-02    1.610262e-02    nan            1.000000e+03         1.000000e+04         nan                 1.133635e+01         5.698000e+03         nan                 nan                                                    0.000000e+00    nan                                nan                 nan                       nan                      nan                      nan 
1.172102e-02    1.610262e-02    nan            1.000000e+04         1.000000e+05         nan                 1.133635e+01         5.698000e+03         nan                 nan                                                    0.000000e+00    nan                                nan                 nan                       nan                      nan                      nan 
1.610262e-02    2.212216e-02    1.902885e-02   4.000000e+00         1.000000e+01         6.699953e+00        1.133635e+01         5.698000e+03         5.876640e+02        2.564385e-01                                           3.418129e-01    5.846477e-01                       0.00894945          0.0054001                 0.0634989                0.0586033                9.638670e+05 
1.610262e-02    2.212216e-02    1.919230e-02   1.000000e+01         1.000000e+02         2.182243e+01        1.133635e+01         5.698000e+03         1.030084e+03        2.360217e-01                                           4.893143e-01    6.995100e-01                       0.0240801           0.000535335               0.0694962                0.0198317                7.259380e+05 
1.610262e-02    2.212216e-02    2.012956e-02   1.000000e+02         1.000000e+03         1.165396e+02        1.133635e+01         5.698000e+03         3.591664e+03        2.086324e-01                                           5.730991e-04    2.393949e-02                       0.000979044         0.0324074                 0.152778                 1.60648                  2.933000e+04 
1.610262e-02    2.212216e-02    nan            1.000000e+03         1.000000e+04         nan                 1.133635e+01         5.698000e+03         nan                 nan                                                    0.000000e+00    nan                                nan                 nan                       nan                      nan                      nan 
1.610262e-02    2.212216e-02    nan            1.000000e+04         1.000000e+05         nan                 1.133635e+01         5.698000e+03         nan                 nan                                                    0.000000e+00    nan                                nan                 nan                       nan                      nan                      nan 
2.212216e-02    3.039195e-02    2.614939e-02   4.000000e+00         1.000000e+01         6.747788e+00        1.133635e+01         5.698000e+03         5.326161e+02        1.884895e-01                                           4.136890e-01    6.431866e-01                       0.0093263           0.0111819                 0.0473429                0.0519137                9.731240e+05 
2.212216e-02    3.039195e-02    2.635243e-02   1.000000e+01         1.000000e+02         2.528320e+01        1.133635e+01         5.698000e+03         9.314591e+02        1.636878e-01                                           7.971097e-01    8.928100e-01                       0.0130184           0.000903921               0.0450498                0.0338458                8.003440e+05 
2.212216e-02    3.039195e-02    2.712210e-02   1.000000e+02         1.000000e+03         1.203357e+02        1.133635e+01         5.698000e+03         2.801760e+03        1.379832e-01                                           4.537800e-03    6.736319e-02                       0.00306525          0.00519211                0.0410177                0.713915                 6.448800e+04 
2.212216e-02    3.039195e-02    nan            1.000000e+03         1.000000e+04         nan                 1.133635e+01         5.698000e+03         nan                 nan                                                    0.000000e+00    nan                                nan                 nan                       nan                      nan                      nan 
2.212216e-02    3.039195e-02    nan            1.000000e+04         1.000000e+05         nan                 1.133635e+01         5.698000e+03         nan                 nan                                                    0.000000e+00    nan                                nan                 nan                       nan                      nan                      nan 
3.039195e-02    4.175319e-02    3.595097e-02   4.000000e+00         1.000000e+01         6.780600e+00        1.133635e+01         5.698000e+03         4.795744e+02        1.356655e-01                                           4.764934e-01    6.902850e-01                       0.00813336          0.0059033                 0.0380853                0.0362806                9.801390e+05 
3.039195e-02    4.175319e-02    3.618320e-02   1.000000e+01         1.000000e+02         2.907383e+01        1.133635e+01         5.698000e+03         8.490898e+02        1.121521e-01                                           1.197770e+00    1.094427e+00                       0.0055785           0.000622544               0.0397144                0.0340648                8.534820e+05 
3.039195e-02    4.175319e-02    3.714760e-02   1.000000e+02         1.000000e+03         1.265188e+02        1.133635e+01         5.698000e+03         2.265118e+03        8.769776e-02                                           2.247010e-02    1.499003e-01                       0.00858091          0.00325098                0.026658                 0.398678                 1.168530e+05 
3.039195e-02    4.175319e-02    nan            1.000000e+03         1.000000e+04         nan                 1.133635e+01         5.698000e+03         nan                 nan                                                    0.000000e+00    nan                                nan                 nan                       nan                      nan                      nan 
3.039195e-02    4.175319e-02    nan            1.000000e+04         1.000000e+05         nan                 1.133635e+01         5.698000e+03         nan                 nan                                                    0.000000e+00    nan                                nan                 nan                       nan                      nan                      nan 
4.175319e-02    5.736153e-02    4.931509e-02   4.000000e+00         1.000000e+01         6.814585e+00        1.133635e+01         5.698000e+03         4.429071e+02        9.654200e-02                                           5.317432e-01    7.292072e-01                       0.00105436          0.00769271                0.0101398                0.0268919                9.851000e+05 
4.175319e-02    5.736153e-02    4.958078e-02   1.000000e+01         1.000000e+02         3.264715e+01        1.133635e+01         5.698000e+03         7.702204e+02        7.558935e-02                                           1.668580e+00    1.291735e+00                       0.00849796          0.000371461               0.0287631                0.0310058                8.936410e+05 
4.175319e-02    5.736153e-02    5.063590e-02   1.000000e+02         1.000000e+03         1.335422e+02        1.133635e+01         5.698000e+03         1.841126e+03        5.389946e-02                                           7.831387e-02    2.798462e-01                       0.0126917           0.000884416               0.0287893                0.197743                 1.923550e+05 
4.175319e-02    5.736153e-02    nan            1.000000e+03         1.000000e+04         nan                 1.133635e+01         5.698000e+03         nan                 nan                                                    0.000000e+00    nan                                nan                 nan                       nan                      nan                      nan 
4.175319e-02    5.736153e-02    nan            1.000000e+04         1.000000e+05         nan                 1.133635e+01         5.698000e+03         nan                 nan                                                    0.000000e+00    nan                                nan                 nan                       nan                      nan                      nan 
5.736153e-02    7.880463e-02    6.760345e-02   4.000000e+00         1.000000e+01         6.824157e+00        1.133635e+01         5.698000e+03         4.111341e+02        6.849896e-02                                           5.820129e-01    7.628977e-01                       0.0202406           0.00612562                0.0211016                0.0206561                9.887300e+05 
5.736153e-02    7.880463e-02    6.790466e-02   1.000000e+01         1.000000e+02         3.579030e+01        1.133635e+01         5.698000e+03         7.011744e+02        5.102139e-02                                           2.173503e+00    1.474281e+00                       0.0532268           0.000686506               0.0124126                0.0306226                9.222850e+05 
5.736153e-02    7.880463e-02    6.901351e-02   1.000000e+02         1.000000e+03         1.435057e+02        1.133635e+01         5.698000e+03         1.562610e+03        3.246992e-02                                           2.101213e-01    4.583899e-01                       0.0107486           0.00116286                0.0301529                0.0917379                2.996890e+05 
5.736153e-02    7.880463e-02    nan            1.000000e+03         1.000000e+04         nan                 1.133635e+01         5.698000e+03         nan                 nan                                                    0.000000e+00    nan                                nan                 nan                       nan                      nan                      nan 
5.736153e-02    7.880463e-02    nan            1.000000e+04         1.000000e+05         nan                 1.133635e+01         5.698000e+03         nan                 nan                                                    0.000000e+00    nan                                nan                 nan                       nan                      nan                      nan 
7.880463e-02    1.082637e-01    9.278811e-02   4.000000e+00         1.000000e+01         6.862234e+00        1.133635e+01         5.698000e+03         3.893423e+02        5.069611e-02                                           6.195554e-01    7.871184e-01                       0.0688295           0.00638635                0.0705149                0.055693                 9.910440e+05 
7.880463e-02    1.082637e-01    9.304161e-02   1.000000e+01         1.000000e+02         3.826626e+01        1.133635e+01         5.698000e+03         6.401324e+02        3.721389e-02                                           2.687062e+00    1.639226e+00                       0.141324            0.000419646               0.0192241                0.0296184                9.432970e+05 
7.880463e-02    1.082637e-01    9.412802e-02   1.000000e+02         1.000000e+03         1.566501e+02        1.133635e+01         5.698000e+03         1.347898e+03        2.129686e-02                                           4.421283e-01    6.649273e-01                       0.0109113           0.00105075                0.0510513                0.0335968                4.457940e+05 
7.880463e-02    1.082637e-01    nan            1.000000e+03         1.000000e+04         nan                 1.133635e+01         5.698000e+03         nan                 nan                                                    0.000000e+00    nan                                nan                 nan                       nan                      nan                      nan 
7.880463e-02    1.082637e-01    nan            1.000000e+04         1.000000e+05         nan                 1.133635e+01         5.698000e+03         nan                 nan                                                    0.000000e+00    nan                                nan                 nan                       nan                      nan                      nan 
1.082637e-01    1.487352e-01    1.262736e-01   4.000000e+00         1.000000e+01         7.283370e+00        1.133635e+01         5.698000e+03         3.719437e+02        3.658539e-02                                           5.539500e-01    7.442782e-01                       0.11122             0.00178368                0.113814                 0.122745                 8.574100e+05 
1.082637e-01    1.487352e-01    1.277125e-01   1.000000e+01         1.000000e+02         4.013278e+01        1.133635e+01         5.698000e+03         5.876067e+02        2.619705e-02                                           3.135940e+00    1.770858e+00                       0.320272            0.000485724               0.0702092                0.0346549                9.580180e+05 
1.082637e-01    1.487352e-01    1.288717e-01   1.000000e+02         1.000000e+03         1.713583e+02        1.133635e+01         5.698000e+03         1.181309e+03        1.359598e-02                                           7.780098e-01    8.820486e-01                       0.0650056           0.000269655               0.0835901                0.00348734               5.928590e+05 
1.082637e-01    1.487352e-01    1.291552e-01   1.000000e+03         1.000000e+04         1.071618e+03        1.133635e+01         5.698000e+03         4.885409e+03        6.573672e-03                                           3.112532e-05    5.579007e-03                       8.50759e-05         0.0                       0.4                      2.8                      5.808000e+03 
1.082637e-01    1.487352e-01    nan            1.000000e+04         1.000000e+05         nan                 1.133635e+01         5.698000e+03         nan                 nan                                                    0.000000e+00    nan                                nan                 nan                       nan                      nan                      nan 
1.487352e-01    2.043360e-01    1.722140e-01   4.000000e+00         1.000000e+01         8.188637e+00        1.133635e+01         5.698000e+03         3.661571e+02        2.523885e-02                                           3.496236e-01    5.912898e-01                       0.110459            0.00173049                0.156606                 0.22068                  5.580560e+05 
1.487352e-01    2.043360e-01    1.755073e-01   1.000000e+01         1.000000e+02         4.154555e+01        1.133635e+01         5.698000e+03         5.440775e+02        1.794450e-02                                           3.472791e+00    1.863543e+00                       0.542695            0.000193009               0.127824                 0.039636                 9.687170e+05 
1.487352e-01    2.043360e-01    1.769611e-01   1.000000e+02         1.000000e+03         1.892363e+02        1.133635e+01         5.698000e+03         1.066914e+03        8.531690e-03                                           1.193150e+00    1.092314e+00                       0.165106            0.000193298               0.114304                 0.0295549                7.043480e+05 
1.487352e-01    2.043360e-01    1.850729e-01   1.000000e+03         1.000000e+04         1.174462e+03        1.133635e+01         5.698000e+03         3.908235e+03        2.734657e-03                                           3.577217e-04    1.891353e-02                       0.00064948          0.0141844                 0.0496454                2.13475                  2.316300e+04 
1.487352e-01    2.043360e-01    nan            1.000000e+04         1.000000e+05         nan                 1.133635e+01         5.698000e+03         nan                 nan                                                    0.000000e+00    nan                                nan                 nan                       nan                      nan                      nan 
2.043360e-01    2.807216e-01    2.239092e-01   4.000000e+00         1.000000e+01         9.191905e+00        1.133635e+01         5.698000e+03         3.592575e+02        1.714008e-02                                           9.552560e-02    3.090722e-01                       0.0425263           0.0023342                 0.202041                 0.346737                 1.572930e+05 
2.043360e-01    2.807216e-01    2.406922e-01   1.000000e+01         1.000000e+02         4.280800e+01        1.133635e+01         5.698000e+03         5.081618e+02        1.140333e-02                                           3.471623e+00    1.863229e+00                       0.753939            0.000317614               0.184149                 0.0489112                9.764990e+05 
2.043360e-01    2.807216e-01    2.424439e-01   1.000000e+02         1.000000e+03         2.083994e+02        1.133635e+01         5.698000e+03         9.783756e+02        5.138138e-03                                           1.553587e+00    1.246430e+00                       0.271044            0.000474049               0.137863                 0.0412874                7.838980e+05 
2.043360e-01    2.807216e-01    2.507342e-01   1.000000e+03         1.000000e+04         1.168217e+03        1.133635e+01         5.698000e+03         2.993827e+03        1.209734e-03                                           2.242620e-03    4.735631e-02                       0.00194767          0.0113379                 0.0521542                1.02948                  5.421300e+04 
2.043360e-01    2.807216e-01    nan            1.000000e+04         1.000000e+05         nan                 1.133635e+01         5.698000e+03         nan                 nan                                                    0.000000e+00    nan                                nan                 nan                       nan                      nan                      nan 
2.807216e-01    3.856620e-01    nan            4.000000e+00         1.000000e+01         nan                 1.133635e+01         5.698000e+03         nan                 nan                                                    0.000000e+00    nan                                nan                 nan                       nan                      nan                      nan 
2.807216e-01    3.856620e-01    3.281573e-01   1.000000e+01         1.000000e+02         4.559065e+01        1.133635e+01         5.698000e+03         4.807519e+02        6.234133e-03                                           2.913381e+00    1.706863e+00                       0.753305            0.000329078               0.22923                  0.0600814                9.555350e+05 
2.807216e-01    3.856620e-01    3.309912e-01   1.000000e+02         1.000000e+03         2.261084e+02        1.133635e+01         5.698000e+03         9.049918e+02        2.792517e-03                                           1.703545e+00    1.305199e+00                       0.34057             0.000237954               0.150575                 0.0626799                8.427270e+05 
2.807216e-01    3.856620e-01    3.411003e-01   1.000000e+03         1.000000e+04         1.207739e+03        1.133635e+01         5.698000e+03         2.521225e+03        5.247131e-04                                           6.605672e-03    8.127528e-02                       0.00313311          0.00416667                0.0416667                0.528125                 1.017510e+05 
2.807216e-01    3.856620e-01    nan            1.000000e+04         1.000000e+05         nan                 1.133635e+01         5.698000e+03         nan                 nan                                                    0.000000e+00    nan                                nan                 nan                       nan                      nan                      nan 
3.856620e-01    5.298317e-01    nan            4.000000e+00         1.000000e+01         nan                 1.133635e+01         5.698000e+03         nan                 nan                                                    0.000000e+00    nan                                nan                 nan                       nan                      nan                      nan 
3.856620e-01    5.298317e-01    4.433898e-01   1.000000e+01         1.000000e+02         4.951807e+01        1.133635e+01         5.698000e+03         4.576408e+02        2.955360e-03                                           1.815556e+00    1.347426e+00                       0.360428            0.000470184               0.188346                 0.0369848                9.078900e+05 
3.856620e-01    5.298317e-01    4.462209e-01   1.000000e+02         1.000000e+03         2.457534e+02        1.133635e+01         5.698000e+03         8.368834e+02        1.328334e-03                                           1.429368e+00    1.195562e+00                       0.197611            0.000285739               0.0769895                0.0944163                8.849540e+05 
3.856620e-01    5.298317e-01    4.527301e-01   1.000000e+03         1.000000e+04         1.242271e+03        1.133635e+01         5.698000e+03         2.181111e+03        2.490503e-04                                           1.230512e-02    1.109284e-01                       0.00585089          0.00454725                0.208976                 0.162119                 1.714250e+05 
3.856620e-01    5.298317e-01    nan            1.000000e+04         1.000000e+05         nan                 1.133635e+01         5.698000e+03         nan                 nan                                                    0.000000e+00    nan                                nan                 nan                       nan                      nan                      nan 
5.298317e-01    7.278954e-01    nan            4.000000e+00         1.000000e+01         nan                 1.133635e+01         5.698000e+03         nan                 nan                                                    0.000000e+00    nan                                nan                 nan                       nan                      nan                      nan 
5.298317e-01    7.278954e-01    5.989715e-01   1.000000e+01         1.000000e+02         5.407762e+01        1.133635e+01         5.698000e+03         4.361448e+02        7.615304e-04                                           6.133172e-01    7.831457e-01                       0.204718            0.000485643               0.257945                 0.253373                 8.392650e+05 
5.298317e-01    7.278954e-01    6.031817e-01   1.000000e+02         1.000000e+03         2.649589e+02        1.133635e+01         5.698000e+03         7.683543e+02        3.268958e-04                                           6.284238e-01    7.927319e-01                       0.263209            0.000554305               0.482031                 0.0271499                9.162070e+05 
5.298317e-01    7.278954e-01    6.125633e-01   1.000000e+03         1.000000e+04         1.284760e+03        1.133635e+01         5.698000e+03         1.893175e+03        6.751377e-05                                           1.073500e-02    1.036099e-01                       0.00969082          0.00383661                0.856466                 0.0873392                2.697540e+05 
5.298317e-01    7.278954e-01    nan            1.000000e+04         1.000000e+05         nan                 1.133635e+01         5.698000e+03         nan                 nan                                                    0.000000e+00    nan                                nan                 nan                       nan                      nan                      nan 
7.278954e-01    1.000000e+00    nan            4.000000e+00         1.000000e+01         nan                 1.133635e+01         5.698000e+03         nan                 nan                                                    0.000000e+00    nan                                nan                 nan                       nan                      nan                      nan 
7.278954e-01    1.000000e+00    7.843972e-01   1.000000e+01         1.000000e+02         5.892348e+01        1.133635e+01         5.698000e+03         4.202971e+02        9.429272e-05                                           6.312875e-02    2.512544e-01                       0.26678             0.00301138                3.31965                  2.28682                  6.222480e+05 
7.278954e-01    1.000000e+00    7.835380e-01   1.000000e+02         1.000000e+03         2.765183e+02        1.133635e+01         5.698000e+03         7.048314e+02        3.809794e-05                                           7.704606e-02    2.775717e-01                       0.410358            0.000825447               5.02768                  1.38764                  9.102770e+05 
7.278954e-01    1.000000e+00    7.827866e-01   1.000000e+03         1.000000e+04         1.315620e+03        1.133635e+01         5.698000e+03         1.672513e+03        8.576886e-06                                           1.681109e-03    4.100133e-02                       0.0121485           0.0114504                 8.10051                  0.0610687                4.027290e+05 
7.278954e-01    1.000000e+00    nan            1.000000e+04         1.000000e+05         nan                 1.133635e+01         5.698000e+03         nan                 nan                                                    0.000000e+00    nan                                nan                 nan                       nan                      nan                      nan 
