Experiment = FASERv | seed 2 | Neutrino = -12 | Exp. Target density (nucleons / cm3) = 10^(25.1) | Exp. Target Length = 80 cm | Total Events = 19.2 |        del_theta = 0.06 mrad, theta_max = 25.0 mrad |        del_Elepton = 30.0 % , Elepton_min = 100.00 GeV, Elepton_max = 10000.00 GeV|        del_Ehadron = 30.0 %, Ehadron_min = 100.00 GeV GeV, Ehadron_max = 10000.00 GeV
x_lower         x_upper         x_avg          Q2_lower[GeV^2]      Q2_upper[GeV^2]      Q2_avg[GeV^2]       E_nu_lower[GeV]      E_nu_upper[GeV]      E_nu_avg[GeV]       d^sigma/dxdQ2(x_avg,Q2_avg,Enu_avg) pb / GeV^2         N_events        N_events_errs = Sqrt[N_events]     N_sys_errs          Fractional_error_theta    Fractional_error_Elepton Fractional_error_Ehadron MC_Samples 
1.000000e-04    1.373824e-04    nan            4.000000e+00         1.000000e+01         nan                 1.133635e+01         5.698000e+03         nan                 nan                                                    0.000000e+00    nan                                nan                 nan                       nan                      nan                      nan 
1.000000e-04    1.373824e-04    nan            1.000000e+01         1.000000e+02         nan                 1.133635e+01         5.698000e+03         nan                 nan                                                    0.000000e+00    nan                                nan                 nan                       nan                      nan                      nan 
1.000000e-04    1.373824e-04    nan            1.000000e+02         1.000000e+03         nan                 1.133635e+01         5.698000e+03         nan                 nan                                                    0.000000e+00    nan                                nan                 nan                       nan                      nan                      nan 
1.000000e-04    1.373824e-04    nan            1.000000e+03         1.000000e+04         nan                 1.133635e+01         5.698000e+03         nan                 nan                                                    0.000000e+00    nan                                nan                 nan                       nan                      nan                      nan 
1.000000e-04    1.373824e-04    nan            1.000000e+04         1.000000e+05         nan                 1.133635e+01         5.698000e+03         nan                 nan                                                    0.000000e+00    nan                                nan                 nan                       nan                      nan                      nan 
1.373824e-04    1.887392e-04    nan            4.000000e+00         1.000000e+01         nan                 1.133635e+01         5.698000e+03         nan                 nan                                                    0.000000e+00    nan                                nan                 nan                       nan                      nan                      nan 
1.373824e-04    1.887392e-04    nan            1.000000e+01         1.000000e+02         nan                 1.133635e+01         5.698000e+03         nan                 nan                                                    0.000000e+00    nan                                nan                 nan                       nan                      nan                      nan 
1.373824e-04    1.887392e-04    nan            1.000000e+02         1.000000e+03         nan                 1.133635e+01         5.698000e+03         nan                 nan                                                    0.000000e+00    nan                                nan                 nan                       nan                      nan                      nan 
1.373824e-04    1.887392e-04    nan            1.000000e+03         1.000000e+04         nan                 1.133635e+01         5.698000e+03         nan                 nan                                                    0.000000e+00    nan                                nan                 nan                       nan                      nan                      nan 
1.373824e-04    1.887392e-04    nan            1.000000e+04         1.000000e+05         nan                 1.133635e+01         5.698000e+03         nan                 nan                                                    0.000000e+00    nan                                nan                 nan                       nan                      nan                      nan 
1.887392e-04    2.592944e-04    nan            4.000000e+00         1.000000e+01         nan                 1.133635e+01         5.698000e+03         nan                 nan                                                    0.000000e+00    nan                                nan                 nan                       nan                      nan                      nan 
1.887392e-04    2.592944e-04    nan            1.000000e+01         1.000000e+02         nan                 1.133635e+01         5.698000e+03         nan                 nan                                                    0.000000e+00    nan                                nan                 nan                       nan                      nan                      nan 
1.887392e-04    2.592944e-04    nan            1.000000e+02         1.000000e+03         nan                 1.133635e+01         5.698000e+03         nan                 nan                                                    0.000000e+00    nan                                nan                 nan                       nan                      nan                      nan 
1.887392e-04    2.592944e-04    nan            1.000000e+03         1.000000e+04         nan                 1.133635e+01         5.698000e+03         nan                 nan                                                    0.000000e+00    nan                                nan                 nan                       nan                      nan                      nan 
1.887392e-04    2.592944e-04    nan            1.000000e+04         1.000000e+05         nan                 1.133635e+01         5.698000e+03         nan                 nan                                                    0.000000e+00    nan                                nan                 nan                       nan                      nan                      nan 
2.592944e-04    3.562248e-04    nan            4.000000e+00         1.000000e+01         nan                 1.133635e+01         5.698000e+03         nan                 nan                                                    0.000000e+00    nan                                nan                 nan                       nan                      nan                      nan 
2.592944e-04    3.562248e-04    nan            1.000000e+01         1.000000e+02         nan                 1.133635e+01         5.698000e+03         nan                 nan                                                    0.000000e+00    nan                                nan                 nan                       nan                      nan                      nan 
2.592944e-04    3.562248e-04    nan            1.000000e+02         1.000000e+03         nan                 1.133635e+01         5.698000e+03         nan                 nan                                                    0.000000e+00    nan                                nan                 nan                       nan                      nan                      nan 
2.592944e-04    3.562248e-04    nan            1.000000e+03         1.000000e+04         nan                 1.133635e+01         5.698000e+03         nan                 nan                                                    0.000000e+00    nan                                nan                 nan                       nan                      nan                      nan 
2.592944e-04    3.562248e-04    nan            1.000000e+04         1.000000e+05         nan                 1.133635e+01         5.698000e+03         nan                 nan                                                    0.000000e+00    nan                                nan                 nan                       nan                      nan                      nan 
3.562248e-04    4.893901e-04    nan            4.000000e+00         1.000000e+01         nan                 1.133635e+01         5.698000e+03         nan                 nan                                                    0.000000e+00    nan                                nan                 nan                       nan                      nan                      nan 
3.562248e-04    4.893901e-04    nan            1.000000e+01         1.000000e+02         nan                 1.133635e+01         5.698000e+03         nan                 nan                                                    0.000000e+00    nan                                nan                 nan                       nan                      nan                      nan 
3.562248e-04    4.893901e-04    nan            1.000000e+02         1.000000e+03         nan                 1.133635e+01         5.698000e+03         nan                 nan                                                    0.000000e+00    nan                                nan                 nan                       nan                      nan                      nan 
3.562248e-04    4.893901e-04    nan            1.000000e+03         1.000000e+04         nan                 1.133635e+01         5.698000e+03         nan                 nan                                                    0.000000e+00    nan                                nan                 nan                       nan                      nan                      nan 
3.562248e-04    4.893901e-04    nan            1.000000e+04         1.000000e+05         nan                 1.133635e+01         5.698000e+03         nan                 nan                                                    0.000000e+00    nan                                nan                 nan                       nan                      nan                      nan 
4.893901e-04    6.723358e-04    6.467618e-04   4.000000e+00         1.000000e+01         4.677979e+00        1.133635e+01         5.698000e+03         4.181118e+03        3.344478e+00                                           1.838724e-04    1.355996e-02                       0.00017284          0.22                      0.46                     0.33                     6.116000e+04 
4.893901e-04    6.723358e-04    nan            1.000000e+01         1.000000e+02         nan                 1.133635e+01         5.698000e+03         nan                 nan                                                    0.000000e+00    nan                                nan                 nan                       nan                      nan                      nan 
4.893901e-04    6.723358e-04    nan            1.000000e+02         1.000000e+03         nan                 1.133635e+01         5.698000e+03         nan                 nan                                                    0.000000e+00    nan                                nan                 nan                       nan                      nan                      nan 
4.893901e-04    6.723358e-04    nan            1.000000e+03         1.000000e+04         nan                 1.133635e+01         5.698000e+03         nan                 nan                                                    0.000000e+00    nan                                nan                 nan                       nan                      nan                      nan 
4.893901e-04    6.723358e-04    nan            1.000000e+04         1.000000e+05         nan                 1.133635e+01         5.698000e+03         nan                 nan                                                    0.000000e+00    nan                                nan                 nan                       nan                      nan                      nan 
6.723358e-04    9.236709e-04    8.120576e-04   4.000000e+00         1.000000e+01         4.862459e+00        1.133635e+01         5.698000e+03         3.881541e+03        2.793534e+00                                           1.219411e-03    3.492006e-02                       0.00010716          0.0969697                 0.102273                 0.263636                 1.888880e+05 
6.723358e-04    9.236709e-04    nan            1.000000e+01         1.000000e+02         nan                 1.133635e+01         5.698000e+03         nan                 nan                                                    0.000000e+00    nan                                nan                 nan                       nan                      nan                      nan 
6.723358e-04    9.236709e-04    nan            1.000000e+02         1.000000e+03         nan                 1.133635e+01         5.698000e+03         nan                 nan                                                    0.000000e+00    nan                                nan                 nan                       nan                      nan                      nan 
6.723358e-04    9.236709e-04    nan            1.000000e+03         1.000000e+04         nan                 1.133635e+01         5.698000e+03         nan                 nan                                                    0.000000e+00    nan                                nan                 nan                       nan                      nan                      nan 
6.723358e-04    9.236709e-04    nan            1.000000e+04         1.000000e+05         nan                 1.133635e+01         5.698000e+03         nan                 nan                                                    0.000000e+00    nan                                nan                 nan                       nan                      nan                      nan 
9.236709e-04    1.268961e-03    1.129302e-03   4.000000e+00         1.000000e+01         5.405671e+00        1.133635e+01         5.698000e+03         3.352150e+03        2.006839e+00                                           4.781576e-03    6.914894e-02                       0.000255302         0.110714                  0.0571429                0.228393                 3.803970e+05 
9.236709e-04    1.268961e-03    1.166178e-03   1.000000e+01         1.000000e+02         1.034507e+01        1.133635e+01         5.698000e+03         5.032495e+03        2.424598e+00                                           3.767336e-05    6.137863e-03                       6.78121e-05         0.3                       0.666667                 1.83333                  1.493000e+03 
9.236709e-04    1.268961e-03    nan            1.000000e+02         1.000000e+03         nan                 1.133635e+01         5.698000e+03         nan                 nan                                                    0.000000e+00    nan                                nan                 nan                       nan                      nan                      nan 
9.236709e-04    1.268961e-03    nan            1.000000e+03         1.000000e+04         nan                 1.133635e+01         5.698000e+03         nan                 nan                                                    0.000000e+00    nan                                nan                 nan                       nan                      nan                      nan 
9.236709e-04    1.268961e-03    nan            1.000000e+04         1.000000e+05         nan                 1.133635e+01         5.698000e+03         nan                 nan                                                    0.000000e+00    nan                                nan                 nan                       nan                      nan                      nan 
1.268961e-03    1.743329e-03    1.536899e-03   4.000000e+00         1.000000e+01         5.742211e+00        1.133635e+01         5.698000e+03         2.777092e+03        1.412836e+00                                           1.396709e-02    1.181824e-01                       0.000330491         0.0243714                 0.0297228                0.151773                 5.458700e+05 
1.268961e-03    1.743329e-03    1.590811e-03   1.000000e+01         1.000000e+02         1.134226e+01        1.133635e+01         5.698000e+03         4.511741e+03        1.813580e+00                                           7.505468e-04    2.739611e-02                       0.00030371          0.0604651                 0.0767442                0.27907                  1.198500e+04 
1.268961e-03    1.743329e-03    nan            1.000000e+02         1.000000e+03         nan                 1.133635e+01         5.698000e+03         nan                 nan                                                    0.000000e+00    nan                                nan                 nan                       nan                      nan                      nan 
1.268961e-03    1.743329e-03    nan            1.000000e+03         1.000000e+04         nan                 1.133635e+01         5.698000e+03         nan                 nan                                                    0.000000e+00    nan                                nan                 nan                       nan                      nan                      nan 
1.268961e-03    1.743329e-03    nan            1.000000e+04         1.000000e+05         nan                 1.133635e+01         5.698000e+03         nan                 nan                                                    0.000000e+00    nan                                nan                 nan                       nan                      nan                      nan 
1.743329e-03    2.395027e-03    2.085864e-03   4.000000e+00         1.000000e+01         5.984898e+00        1.133635e+01         5.698000e+03         2.353697e+03        1.025878e+00                                           3.172957e-02    1.781280e-01                       0.00107794          0.0450931                 0.0230192                0.159327                 6.656720e+05 
1.743329e-03    2.395027e-03    2.125540e-03   1.000000e+01         1.000000e+02         1.242981e+01        1.133635e+01         5.698000e+03         3.927010e+03        1.344035e+00                                           4.480426e-03    6.693598e-02                       0.00142091          0.0332661                 0.0518145                0.140524                 3.469000e+04 
1.743329e-03    2.395027e-03    nan            1.000000e+02         1.000000e+03         nan                 1.133635e+01         5.698000e+03         nan                 nan                                                    0.000000e+00    nan                                nan                 nan                       nan                      nan                      nan 
1.743329e-03    2.395027e-03    nan            1.000000e+03         1.000000e+04         nan                 1.133635e+01         5.698000e+03         nan                 nan                                                    0.000000e+00    nan                                nan                 nan                       nan                      nan                      nan 
1.743329e-03    2.395027e-03    nan            1.000000e+04         1.000000e+05         nan                 1.133635e+01         5.698000e+03         nan                 nan                                                    0.000000e+00    nan                                nan                 nan                       nan                      nan                      nan 
2.395027e-03    3.290345e-03    2.858882e-03   4.000000e+00         1.000000e+01         6.255238e+00        1.133635e+01         5.698000e+03         1.977181e+03        7.462178e-01                                           6.053905e-02    2.460468e-01                       0.00122171          0.0308626                 0.0557775                0.132401                 7.514250e+05 
2.395027e-03    3.290345e-03    2.914556e-03   1.000000e+01         1.000000e+02         1.374267e+01        1.133635e+01         5.698000e+03         3.324081e+03        9.797816e-01                                           1.719005e-02    1.311108e-01                       0.00344843          0.0185777                 0.0792723                0.113671                 7.190400e+04 
2.395027e-03    3.290345e-03    nan            1.000000e+02         1.000000e+03         nan                 1.133635e+01         5.698000e+03         nan                 nan                                                    0.000000e+00    nan                                nan                 nan                       nan                      nan                      nan 
2.395027e-03    3.290345e-03    nan            1.000000e+03         1.000000e+04         nan                 1.133635e+01         5.698000e+03         nan                 nan                                                    0.000000e+00    nan                                nan                 nan                       nan                      nan                      nan 
2.395027e-03    3.290345e-03    nan            1.000000e+04         1.000000e+05         nan                 1.133635e+01         5.698000e+03         nan                 nan                                                    0.000000e+00    nan                                nan                 nan                       nan                      nan                      nan 
3.290345e-03    4.520354e-03    3.925253e-03   4.000000e+00         1.000000e+01         6.427237e+00        1.133635e+01         5.698000e+03         1.652694e+03        5.256527e-01                                           1.017138e-01    3.189261e-01                       0.00365805          0.0242168                 0.024591                 0.116281                 8.147390e+05 
3.290345e-03    4.520354e-03    3.955216e-03   1.000000e+01         1.000000e+02         1.497032e+01        1.133635e+01         5.698000e+03         2.819766e+03        6.922350e-01                                           5.042247e-02    2.245495e-01                       0.00428119          0.00550863                0.0434447                0.0248072                1.283830e+05 
3.290345e-03    4.520354e-03    nan            1.000000e+02         1.000000e+03         nan                 1.133635e+01         5.698000e+03         nan                 nan                                                    0.000000e+00    nan                                nan                 nan                       nan                      nan                      nan 
3.290345e-03    4.520354e-03    nan            1.000000e+03         1.000000e+04         nan                 1.133635e+01         5.698000e+03         nan                 nan                                                    0.000000e+00    nan                                nan                 nan                       nan                      nan                      nan 
3.290345e-03    4.520354e-03    nan            1.000000e+04         1.000000e+05         nan                 1.133635e+01         5.698000e+03         nan                 nan                                                    0.000000e+00    nan                                nan                 nan                       nan                      nan                      nan 
4.520354e-03    6.210169e-03    5.383688e-03   4.000000e+00         1.000000e+01         6.523238e+00        1.133635e+01         5.698000e+03         1.397554e+03        3.613744e-01                                           1.531253e-01    3.913123e-01                       0.00754675          0.0211717                 0.00999601               0.103055                 8.615450e+05 
4.520354e-03    6.210169e-03    5.431955e-03   1.000000e+01         1.000000e+02         1.678565e+01        1.133635e+01         5.698000e+03         2.456582e+03        4.742942e-01                                           1.180504e-01    3.435846e-01                       0.00616098          0.00396637                0.0492147                0.00516421               2.086090e+05 
4.520354e-03    6.210169e-03    nan            1.000000e+02         1.000000e+03         nan                 1.133635e+01         5.698000e+03         nan                 nan                                                    0.000000e+00    nan                                nan                 nan                       nan                      nan                      nan 
4.520354e-03    6.210169e-03    nan            1.000000e+03         1.000000e+04         nan                 1.133635e+01         5.698000e+03         nan                 nan                                                    0.000000e+00    nan                                nan                 nan                       nan                      nan                      nan 
4.520354e-03    6.210169e-03    nan            1.000000e+04         1.000000e+05         nan                 1.133635e+01         5.698000e+03         nan                 nan                                                    0.000000e+00    nan                                nan                 nan                       nan                      nan                      nan 
6.210169e-03    8.531679e-03    7.372761e-03   4.000000e+00         1.000000e+01         6.669430e+00        1.133635e+01         5.698000e+03         1.179170e+03        2.416861e-01                                           2.093767e-01    4.575770e-01                       0.00772913          0.0148518                 0.0170857                0.0759067                8.949400e+05 
6.210169e-03    8.531679e-03    7.435108e-03   1.000000e+01         1.000000e+02         1.932349e+01        1.133635e+01         5.698000e+03         2.187656e+03        3.189034e-01                                           2.327251e-01    4.824159e-01                       0.00507766          0.00270014                0.0375257                0.0177759                3.213020e+05 
6.210169e-03    8.531679e-03    nan            1.000000e+02         1.000000e+03         nan                 1.133635e+01         5.698000e+03         nan                 nan                                                    0.000000e+00    nan                                nan                 nan                       nan                      nan                      nan 
6.210169e-03    8.531679e-03    nan            1.000000e+03         1.000000e+04         nan                 1.133635e+01         5.698000e+03         nan                 nan                                                    0.000000e+00    nan                                nan                 nan                       nan                      nan                      nan 
6.210169e-03    8.531679e-03    nan            1.000000e+04         1.000000e+05         nan                 1.133635e+01         5.698000e+03         nan                 nan                                                    0.000000e+00    nan                                nan                 nan                       nan                      nan                      nan 
8.531679e-03    1.172102e-02    1.008066e-02   4.000000e+00         1.000000e+01         6.762126e+00        1.133635e+01         5.698000e+03         1.012051e+03        1.577638e-01                                           2.632350e-01    5.130644e-01                       0.0123191           0.0133426                 0.00741029               0.0612981                9.191730e+05 
8.531679e-03    1.172102e-02    1.018751e-02   1.000000e+01         1.000000e+02         2.224723e+01        1.133635e+01         5.698000e+03         1.934168e+03        2.084012e-01                                           4.172402e-01    6.459414e-01                       0.00235088          0.00149697                0.0188648                0.0252608                4.721470e+05 
8.531679e-03    1.172102e-02    1.134294e-02   1.000000e+02         1.000000e+03         1.064800e+02        1.133635e+01         5.698000e+03         5.346751e+03        2.106707e-01                                           9.185834e-05    9.584275e-03                       0.000206681         0.175                     0.2875                   1.65                     5.580000e+02 
8.531679e-03    1.172102e-02    nan            1.000000e+03         1.000000e+04         nan                 1.133635e+01         5.698000e+03         nan                 nan                                                    0.000000e+00    nan                                nan                 nan                       nan                      nan                      nan 
8.531679e-03    1.172102e-02    nan            1.000000e+04         1.000000e+05         nan                 1.133635e+01         5.698000e+03         nan                 nan                                                    0.000000e+00    nan                                nan                 nan                       nan                      nan                      nan 
1.172102e-02    1.610262e-02    1.382832e-02   4.000000e+00         1.000000e+01         6.830741e+00        1.133635e+01         5.698000e+03         8.984292e+02        1.076791e-01                                           3.045630e-01    5.518723e-01                       0.0211791           0.0151534                 0.0407982                0.0484664                9.369500e+05 
1.172102e-02    1.610262e-02    1.394427e-02   1.000000e+01         1.000000e+02         2.609044e+01        1.133635e+01         5.698000e+03         1.750734e+03        1.427955e-01                                           6.772031e-01    8.229235e-01                       0.0216621           0.000977943               0.00335066               0.0306663                6.104880e+05 
1.172102e-02    1.610262e-02    1.459617e-02   1.000000e+02         1.000000e+03         1.130880e+02        1.133635e+01         5.698000e+03         4.748875e+03        1.419288e-01                                           3.081163e-03    5.550823e-02                       0.00207907          0.0168224                 0.0542056                0.606854                 8.329000e+03 
1.172102e-02    1.610262e-02    nan            1.000000e+03         1.000000e+04         nan                 1.133635e+01         5.698000e+03         nan                 nan                                                    0.000000e+00    nan                                nan                 nan                       nan                      nan                      nan 
1.172102e-02    1.610262e-02    nan            1.000000e+04         1.000000e+05         nan                 1.133635e+01         5.698000e+03         nan                 nan                                                    0.000000e+00    nan                                nan                 nan                       nan                      nan                      nan 
1.610262e-02    2.212216e-02    1.893110e-02   4.000000e+00         1.000000e+01         6.929472e+00        1.133635e+01         5.698000e+03         7.973118e+02        7.111632e-02                                           3.289421e-01    5.735348e-01                       0.0366867           0.00834306                0.068989                 0.059449                 9.483800e+05 
1.610262e-02    2.212216e-02    1.910418e-02   1.000000e+01         1.000000e+02         2.995342e+01        1.133635e+01         5.698000e+03         1.572643e+03        9.631685e-02                                           1.006435e+00    1.003213e+00                       0.0627612           0.00122302                0.0212139                0.0396671                7.127070e+05 
1.610262e-02    2.212216e-02    1.967889e-02   1.000000e+02         1.000000e+03         1.217198e+02        1.133635e+01         5.698000e+03         4.014440e+03        9.657664e-02                                           2.012866e-02    1.418755e-01                       0.00479679          0.00707885                0.0393369                0.277823                 2.789800e+04 
1.610262e-02    2.212216e-02    nan            1.000000e+03         1.000000e+04         nan                 1.133635e+01         5.698000e+03         nan                 nan                                                    0.000000e+00    nan                                nan                 nan                       nan                      nan                      nan 
1.610262e-02    2.212216e-02    nan            1.000000e+04         1.000000e+05         nan                 1.133635e+01         5.698000e+03         nan                 nan                                                    0.000000e+00    nan                                nan                 nan                       nan                      nan                      nan 
2.212216e-02    3.039195e-02    2.580424e-02   4.000000e+00         1.000000e+01         7.411218e+00        1.133635e+01         5.698000e+03         7.488226e+02        4.605769e-02                                           2.793642e-01    5.285491e-01                       0.0450444           0.00529732                0.0779549                0.115704                 8.105190e+05 
2.212216e-02    3.039195e-02    2.622768e-02   1.000000e+01         1.000000e+02         3.379016e+01        1.133635e+01         5.698000e+03         1.399521e+03        6.189312e-02                                           1.381273e+00    1.175276e+00                       0.131057            0.000975825               0.0540888                0.0503271                7.864850e+05 
2.212216e-02    3.039195e-02    2.679579e-02   1.000000e+02         1.000000e+03         1.319511e+02        1.133635e+01         5.698000e+03         3.396527e+03        6.113401e-02                                           7.481867e-02    2.735300e-01                       0.00756902          0.00276804                0.0412826                0.144301                 6.120100e+04 
2.212216e-02    3.039195e-02    nan            1.000000e+03         1.000000e+04         nan                 1.133635e+01         5.698000e+03         nan                 nan                                                    0.000000e+00    nan                                nan                 nan                       nan                      nan                      nan 
2.212216e-02    3.039195e-02    nan            1.000000e+04         1.000000e+05         nan                 1.133635e+01         5.698000e+03         nan                 nan                                                    0.000000e+00    nan                                nan                 nan                       nan                      nan                      nan 
3.039195e-02    4.175319e-02    3.519008e-02   4.000000e+00         1.000000e+01         8.314949e+00        1.133635e+01         5.698000e+03         7.034342e+02        2.870461e-02                                           1.668969e-01    4.085301e-01                       0.037548            0.0022144                 0.0670562                0.175263                 5.186940e+05 
3.039195e-02    4.175319e-02    3.599752e-02   1.000000e+01         1.000000e+02         3.727175e+01        1.133635e+01         5.698000e+03         1.242183e+03        3.787676e-02                                           1.679997e+00    1.296147e+00                       0.185958            0.000785062               0.0700469                0.0441012                8.398770e+05 
3.039195e-02    4.175319e-02    3.661319e-02   1.000000e+02         1.000000e+03         1.431545e+02        1.133635e+01         5.698000e+03         2.874475e+03        3.651425e-02                                           1.975641e-01    4.444818e-01                       0.00439177          0.000767845               0.0667077                0.042696                 1.121490e+05 
3.039195e-02    4.175319e-02    nan            1.000000e+03         1.000000e+04         nan                 1.133635e+01         5.698000e+03         nan                 nan                                                    0.000000e+00    nan                                nan                 nan                       nan                      nan                      nan 
3.039195e-02    4.175319e-02    nan            1.000000e+04         1.000000e+05         nan                 1.133635e+01         5.698000e+03         nan                 nan                                                    0.000000e+00    nan                                nan                 nan                       nan                      nan                      nan 
4.175319e-02    5.736153e-02    4.540897e-02   4.000000e+00         1.000000e+01         9.263415e+00        1.133635e+01         5.698000e+03         6.826430e+02        1.865999e-02                                           4.008535e-02    2.002133e-01                       0.0135078           0.00346232                0.0639285                0.289907                 1.291680e+05 
4.175319e-02    5.736153e-02    4.922880e-02   1.000000e+01         1.000000e+02         4.015887e+01        1.133635e+01         5.698000e+03         1.113672e+03        2.199966e-02                                           1.843658e+00    1.357814e+00                       0.240414            0.000627346               0.0826091                0.049469                 8.748600e+05 
4.175319e-02    5.736153e-02    4.988662e-02   1.000000e+02         1.000000e+03         1.579343e+02        1.133635e+01         5.698000e+03         2.513033e+03        2.080591e-02                                           3.758948e-01    6.131026e-01                       0.028288            0.00142717                0.0659171                0.00648602               1.822160e+05 
4.175319e-02    5.736153e-02    nan            1.000000e+03         1.000000e+04         nan                 1.133635e+01         5.698000e+03         nan                 nan                                                    0.000000e+00    nan                                nan                 nan                       nan                      nan                      nan 
4.175319e-02    5.736153e-02    nan            1.000000e+04         1.000000e+05         nan                 1.133635e+01         5.698000e+03         nan                 nan                                                    0.000000e+00    nan                                nan                 nan                       nan                      nan                      nan 
5.736153e-02    7.880463e-02    nan            4.000000e+00         1.000000e+01         nan                 1.133635e+01         5.698000e+03         nan                 nan                                                    0.000000e+00    nan                                nan                 nan                       nan                      nan                      nan 
5.736153e-02    7.880463e-02    6.713335e-02   1.000000e+01         1.000000e+02         4.470242e+01        1.133635e+01         5.698000e+03         1.037225e+03        1.247883e-02                                           1.695089e+00    1.301956e+00                       0.250314            0.000499417               0.0951313                0.0545736                8.701290e+05 
5.736153e-02    7.880463e-02    6.807236e-02   1.000000e+02         1.000000e+03         1.771159e+02        1.133635e+01         5.698000e+03         2.251076e+03        1.099324e-02                                           5.873424e-01    7.663827e-01                       0.0564495           0.000662674               0.0698229                0.0214636                2.787440e+05 
5.736153e-02    7.880463e-02    nan            1.000000e+03         1.000000e+04         nan                 1.133635e+01         5.698000e+03         nan                 nan                                                    0.000000e+00    nan                                nan                 nan                       nan                      nan                      nan 
5.736153e-02    7.880463e-02    nan            1.000000e+04         1.000000e+05         nan                 1.133635e+01         5.698000e+03         nan                 nan                                                    0.000000e+00    nan                                nan                 nan                       nan                      nan                      nan 
7.880463e-02    1.082637e-01    nan            4.000000e+00         1.000000e+01         nan                 1.133635e+01         5.698000e+03         nan                 nan                                                    0.000000e+00    nan                                nan                 nan                       nan                      nan                      nan 
7.880463e-02    1.082637e-01    9.181357e-02   1.000000e+01         1.000000e+02         5.009178e+01        1.133635e+01         5.698000e+03         9.882217e+02        7.218074e-03                                           1.365203e+00    1.168419e+00                       0.220905            0.000294129               0.113566                 0.0564937                8.342340e+05 
7.880463e-02    1.082637e-01    9.291568e-02   1.000000e+02         1.000000e+03         2.005602e+02        1.133635e+01         5.698000e+03         2.047553e+03        6.285313e-03                                           7.764827e-01    8.811825e-01                       0.0988138           0.0010788                 0.0891039                0.0406074                4.065810e+05 
7.880463e-02    1.082637e-01    1.067438e-01   1.000000e+03         1.000000e+04         1.035052e+03        1.133635e+01         5.698000e+03         5.522120e+03        3.247020e-03                                           4.850592e-06    2.202406e-03                       8.24601e-06         0.5                       0.7                      2.1                      5.000000e+01 
7.880463e-02    1.082637e-01    nan            1.000000e+04         1.000000e+05         nan                 1.133635e+01         5.698000e+03         nan                 nan                                                    0.000000e+00    nan                                nan                 nan                       nan                      nan                      nan 
1.082637e-01    1.487352e-01    nan            4.000000e+00         1.000000e+01         nan                 1.133635e+01         5.698000e+03         nan                 nan                                                    0.000000e+00    nan                                nan                 nan                       nan                      nan                      nan 
1.082637e-01    1.487352e-01    1.258430e-01   1.000000e+01         1.000000e+02         5.559189e+01        1.133635e+01         5.698000e+03         9.513580e+02        3.750431e-03                                           9.801871e-01    9.900440e-01                       0.173225            0.00168256                0.136675                 0.0613491                7.752170e+05 
1.082637e-01    1.487352e-01    1.272323e-01   1.000000e+02         1.000000e+03         2.282973e+02        1.133635e+01         5.698000e+03         1.887113e+03        3.232788e-03                                           8.553341e-01    9.248427e-01                       0.127683            0.000962917               0.101944                 0.0610321                5.404210e+05 
1.082637e-01    1.487352e-01    1.363750e-01   1.000000e+03         1.000000e+04         1.090884e+03        1.133635e+01         5.698000e+03         5.017644e+03        1.881503e-03                                           1.038794e-03    3.223033e-02                       0.000385385         0.0167939                 0.247328                 0.561069                 3.685000e+03 
1.082637e-01    1.487352e-01    nan            1.000000e+04         1.000000e+05         nan                 1.133635e+01         5.698000e+03         nan                 nan                                                    0.000000e+00    nan                                nan                 nan                       nan                      nan                      nan 
1.487352e-01    2.043360e-01    nan            4.000000e+00         1.000000e+01         nan                 1.133635e+01         5.698000e+03         nan                 nan                                                    0.000000e+00    nan                                nan                 nan                       nan                      nan                      nan 
1.487352e-01    2.043360e-01    1.727879e-01   1.000000e+01         1.000000e+02         6.178870e+01        1.133635e+01         5.698000e+03         9.283838e+02        1.735732e-03                                           5.911380e-01    7.688550e-01                       0.0919615           0.000781486               0.124578                 0.0463219                6.872080e+05 
1.487352e-01    2.043360e-01    1.746732e-01   1.000000e+02         1.000000e+03         2.574415e+02        1.133635e+01         5.698000e+03         1.767983e+03        1.463093e-03                                           8.015084e-01    8.952700e-01                       0.110506            0.00164402                0.0842158                0.0738973                6.357210e+05 
1.487352e-01    2.043360e-01    1.811082e-01   1.000000e+03         1.000000e+04         1.161331e+03        1.133635e+01         5.698000e+03         4.461434e+03        9.233012e-04                                           6.081092e-03    7.798136e-02                       0.000915762         0.00931953                0.125296                 0.265828                 1.572700e+04 
1.487352e-01    2.043360e-01    nan            1.000000e+04         1.000000e+05         nan                 1.133635e+01         5.698000e+03         nan                 nan                                                    0.000000e+00    nan                                nan                 nan                       nan                      nan                      nan 
2.043360e-01    2.807216e-01    nan            4.000000e+00         1.000000e+01         nan                 1.133635e+01         5.698000e+03         nan                 nan                                                    0.000000e+00    nan                                nan                 nan                       nan                      nan                      nan 
2.043360e-01    2.807216e-01    2.360907e-01   1.000000e+01         1.000000e+02         6.933991e+01        1.133635e+01         5.698000e+03         9.271591e+02        6.798286e-04                                           2.706545e-01    5.202446e-01                       0.0148296           0.00120608                0.0366807                0.0113201                5.612070e+05 
2.043360e-01    2.807216e-01    2.390300e-01   1.000000e+02         1.000000e+03         2.851760e+02        1.133635e+01         5.698000e+03         1.663566e+03        5.517060e-04                                           5.814163e-01    7.625066e-01                       0.0143406           0.000688912               0.0228872                0.0374371                7.007030e+05 
2.043360e-01    2.807216e-01    2.446809e-01   1.000000e+03         1.000000e+04         1.248815e+03        1.133635e+01         5.698000e+03         3.957098e+03        3.415600e-04                                           1.255291e-02    1.120398e-01                       0.00166503          0.00897626                0.0610534                0.0597923                3.683100e+04 
2.043360e-01    2.807216e-01    nan            1.000000e+04         1.000000e+05         nan                 1.133635e+01         5.698000e+03         nan                 nan                                                    0.000000e+00    nan                                nan                 nan                       nan                      nan                      nan 
2.807216e-01    3.856620e-01    nan            4.000000e+00         1.000000e+01         nan                 1.133635e+01         5.698000e+03         nan                 nan                                                    0.000000e+00    nan                                nan                 nan                       nan                      nan                      nan 
2.807216e-01    3.856620e-01    3.182616e-01   1.000000e+01         1.000000e+02         7.846021e+01        1.133635e+01         5.698000e+03         9.361237e+02        2.039647e-04                                           8.635364e-02    2.938599e-01                       0.011719            0.0027727                 0.140717                 0.0979687                3.863060e+05 
2.807216e-01    3.856620e-01    3.241742e-01   1.000000e+02         1.000000e+03         3.046176e+02        1.133635e+01         5.698000e+03         1.588919e+03        1.564464e-04                                           3.204530e-01    5.660857e-01                       0.0756133           0.00154421                0.258152                 0.0371817                7.453530e+05 
2.807216e-01    3.856620e-01    3.293986e-01   1.000000e+03         1.000000e+04         1.337874e+03        1.133635e+01         5.698000e+03         3.569310e+03        8.866915e-05                                           1.325319e-02    1.151225e-01                       0.00496448          0.00351759                0.406963                 0.0305097                6.711600e+04 
2.807216e-01    3.856620e-01    nan            1.000000e+04         1.000000e+05         nan                 1.133635e+01         5.698000e+03         nan                 nan                                                    0.000000e+00    nan                                nan                 nan                       nan                      nan                      nan 
3.856620e-01    5.298317e-01    nan            4.000000e+00         1.000000e+01         nan                 1.133635e+01         5.698000e+03         nan                 nan                                                    0.000000e+00    nan                                nan                 nan                       nan                      nan                      nan 
3.856620e-01    5.298317e-01    4.195484e-01   1.000000e+01         1.000000e+02         8.917579e+01        1.133635e+01         5.698000e+03         9.591409e+02        8.620306e-05                                           1.372732e-02    1.171637e-01                       0.00616525          0.00649773                0.438532                 0.230799                 1.447810e+05 
3.856620e-01    5.298317e-01    4.337782e-01   1.000000e+02         1.000000e+03         3.194289e+02        1.133635e+01         5.698000e+03         1.537146e+03        5.462271e-05                                           1.271114e-01    3.565269e-01                       0.108886            0.000732729               0.769916                 0.194466                 7.762550e+05 
3.856620e-01    5.298317e-01    4.338929e-01   1.000000e+03         1.000000e+04         1.407964e+03        1.133635e+01         5.698000e+03         3.289849e+03        2.912852e-05                                           8.006993e-03    8.948180e-02                       0.00716563          0.00869074                1.07065                  0.16456                  1.042850e+05 
3.856620e-01    5.298317e-01    nan            1.000000e+04         1.000000e+05         nan                 1.133635e+01         5.698000e+03         nan                 nan                                                    0.000000e+00    nan                                nan                 nan                       nan                      nan                      nan 
5.298317e-01    7.278954e-01    nan            4.000000e+00         1.000000e+01         nan                 1.133635e+01         5.698000e+03         nan                 nan                                                    0.000000e+00    nan                                nan                 nan                       nan                      nan                      nan 
5.298317e-01    7.278954e-01    nan            1.000000e+01         1.000000e+02         nan                 1.133635e+01         5.698000e+03         nan                 nan                                                    0.000000e+00    nan                                nan                 nan                       nan                      nan                      nan 
5.298317e-01    7.278954e-01    6.089618e-01   1.000000e+02         1.000000e+03         3.438723e+02        1.133635e+01         5.698000e+03         1.504774e+03        8.536905e-06                                           3.614484e-02    1.901180e-01                       0.0796808           0.00433693                1.77375                  0.486362                 7.772180e+05 
5.298317e-01    7.278954e-01    6.179639e-01   1.000000e+03         1.000000e+04         1.509686e+03        1.133635e+01         5.698000e+03         3.012248e+03        3.991143e-06                                           3.684544e-03    6.070045e-02                       0.00726985          0.00773333                2.33733                  0.173067                 1.500340e+05 
5.298317e-01    7.278954e-01    nan            1.000000e+04         1.000000e+05         nan                 1.133635e+01         5.698000e+03         nan                 nan                                                    0.000000e+00    nan                                nan                 nan                       nan                      nan                      nan 
7.278954e-01    1.000000e+00    nan            4.000000e+00         1.000000e+01         nan                 1.133635e+01         5.698000e+03         nan                 nan                                                    0.000000e+00    nan                                nan                 nan                       nan                      nan                      nan 
7.278954e-01    1.000000e+00    nan            1.000000e+01         1.000000e+02         nan                 1.133635e+01         5.698000e+03         nan                 nan                                                    0.000000e+00    nan                                nan                 nan                       nan                      nan                      nan 
7.278954e-01    1.000000e+00    7.532071e-01   1.000000e+02         1.000000e+03         3.749767e+02        1.133635e+01         5.698000e+03         1.452919e+03        1.390486e-06                                           1.786132e-03    4.226265e-02                       0.0374006           0.0319249                 14.8629                  5.58451                  7.280770e+05 
7.278954e-01    1.000000e+00    7.540741e-01   1.000000e+03         1.000000e+04         1.596536e+03        1.133635e+01         5.698000e+03         2.840442e+03        6.502417e-07                                           2.735613e-04    1.653969e-02                       0.00549543          0.0769231                 21.8808                  1.73077                  2.005200e+05 
7.278954e-01    1.000000e+00    nan            1.000000e+04         1.000000e+05         nan                 1.133635e+01         5.698000e+03         nan                 nan                                                    0.000000e+00    nan                                nan                 nan                       nan                      nan                      nan 
