Experiment = FLArE100 | seed 2 | Neutrino = -14 | Exp. Target density (nucleons / cm3) = 10^(23.9) | Exp. Target Length = 3000 cm | Total Events = 83196.5 |        del_theta = 15.00 mrad, theta_max = 25.0 mrad |        del_Elepton = 30.0 % , Elepton_min = 2.00 GeV, Elepton_max = 10000.00 GeV|        del_Ehadron = 30.0 %, Ehadron_min = 0.01 GeV GeV, Ehadron_max = 10000.00 GeV
x_lower         x_upper         x_avg          Q2_lower[GeV^2]      Q2_upper[GeV^2]      Q2_avg[GeV^2]       E_nu_lower[GeV]      E_nu_upper[GeV]      E_nu_avg[GeV]       d^sigma/dxdQ2(x_avg,Q2_avg,Enu_avg) pb / GeV^2         N_events        N_events_errs = Sqrt[N_events]     N_sys_errs          fraction_error_theta      fraction_error_Elepton   fraction_error_Ehadron   MC_Samples 
3.290345e-03    4.520354e-03    3.944103e-03   4.000000e+00         1.000000e+01         6.000037e+00        1.133635e+01         5.698000e+03         1.258399e+03        1.295863e+00                                           1.162340e+02    1.078119e+01                       24.7181             0.183375                  0.0598654                0.136262                 8.310790e+05 
4.520354e-03    6.210169e-03    5.406449e-03   4.000000e+00         1.000000e+01         6.202113e+00        1.133635e+01         5.698000e+03         1.055672e+03        9.334246e-01                                           2.171412e+02    1.473571e+01                       12.4687             0.0145412                 0.0400347                0.147825                 8.758550e+05 
6.210169e-03    8.531679e-03    7.410828e-03   4.000000e+00         1.000000e+01         6.356091e+00        1.133635e+01         5.698000e+03         8.830887e+02        6.673595e-01                                           3.594924e+02    1.896028e+01                       8.00086             0.0361709                 0.0742516                0.105005                 9.085690e+05 
6.210169e-03    8.531679e-03    7.495352e-03   1.000000e+01         1.000000e+02         1.564918e+01        1.133635e+01         5.698000e+03         1.602756e+03        7.345673e-01                                           1.711440e+02    1.308220e+01                       21.0458             0.201572                  0.102519                 0.0514706                3.308050e+05 
8.531679e-03    1.172102e-02    1.012325e-02   4.000000e+00         1.000000e+01         6.448593e+00        1.133635e+01         5.698000e+03         7.560594e+02        4.774083e-01                                           5.416126e+02    2.327257e+01                       80.2818             0.147845                  0.0593164                0.094565                 9.314450e+05 
8.531679e-03    1.172102e-02    1.022922e-02   1.000000e+01         1.000000e+02         1.735803e+01        1.133635e+01         5.698000e+03         1.370247e+03        4.993737e-01                                           3.742505e+02    1.934555e+01                       93.7937             0.285538                  0.0714874                0.00984355               4.847260e+05 
1.172102e-02    1.610262e-02    1.389228e-02   4.000000e+00         1.000000e+01         6.521571e+00        1.133635e+01         5.698000e+03         6.543384e+02        3.584702e-01                                           7.503007e+02    2.739162e+01                       183.144             0.254074                  0.0267807                0.0825258                9.477120e+05 
1.172102e-02    1.610262e-02    1.399993e-02   1.000000e+01         1.000000e+02         1.969561e+01        1.133635e+01         5.698000e+03         1.224440e+03        3.574628e-01                                           7.118249e+02    2.668005e+01                       224.523             0.337704                  0.0696905                0.00789432               6.213260e+05 
1.610262e-02    2.212216e-02    1.904439e-02   4.000000e+00         1.000000e+01         6.612976e+00        1.133635e+01         5.698000e+03         5.733110e+02        2.666516e-01                                           9.805899e+02    3.131437e+01                       308.15              0.325474                  0.0167939                0.0625247                9.592920e+05 
1.610262e-02    2.212216e-02    1.919241e-02   1.000000e+01         1.000000e+02         2.239168e+01        1.133635e+01         5.698000e+03         1.098426e+03        2.547047e-01                                           1.249545e+03    3.534891e+01                       481.541             0.383096                  0.0508843                0.0126846                7.203990e+05 
2.212216e-02    3.039195e-02    2.616341e-02   4.000000e+00         1.000000e+01         6.667300e+00        1.133635e+01         5.698000e+03         5.187658e+02        1.957301e-01                                           1.210100e+03    3.478649e+01                       472.719             0.396397                  0.00497512               0.064425                 9.672770e+05 
2.212216e-02    3.039195e-02    2.632377e-02   1.000000e+01         1.000000e+02         2.550036e+01        1.133635e+01         5.698000e+03         9.936246e+02        1.784819e-01                                           1.967449e+03    4.435594e+01                       859.211             0.438193                  0.0181269                0.0262026                7.918920e+05 
3.039195e-02    4.175319e-02    3.596830e-02   4.000000e+00         1.000000e+01         6.702265e+00        1.133635e+01         5.698000e+03         4.677231e+02        1.407048e-01                                           1.403000e+03    3.745664e+01                       645.844             0.466491                  0.0408331                0.0469248                9.723800e+05 
3.039195e-02    4.175319e-02    3.613613e-02   1.000000e+01         1.000000e+02         2.867359e+01        1.133635e+01         5.698000e+03         9.098545e+02        1.230161e-01                                           2.844399e+03    5.333291e+01                       1357.33             0.466051                  0.00769209               0.029602                 8.413620e+05 
4.175319e-02    5.736153e-02    4.931697e-02   4.000000e+00         1.000000e+01         6.707006e+00        1.133635e+01         5.698000e+03         4.357240e+02        9.993939e-02                                           1.571746e+03    3.964525e+01                       815.066             0.522078                  0.0596389                0.0297226                9.758870e+05 
4.175319e-02    5.736153e-02    4.952955e-02   1.000000e+01         1.000000e+02         3.135990e+01        1.133635e+01         5.698000e+03         8.333509e+02        8.386478e-02                                           3.808435e+03    6.171252e+01                       1929.67             0.485831                  0.00193607               0.029754                 8.761980e+05 
4.175319e-02    5.736153e-02    5.043141e-02   1.000000e+02         1.000000e+03         1.364519e+02        1.133635e+01         5.698000e+03         2.047829e+03        5.985267e-02                                           1.978400e+02    1.406556e+01                       76.1388             0.461493                  0.0206516                0.145083                 1.827780e+05 
5.736153e-02    7.880463e-02    6.756715e-02   4.000000e+00         1.000000e+01         6.721505e+00        1.133635e+01         5.698000e+03         4.069476e+02        7.038153e-02                                           1.707087e+03    4.131691e+01                       993.052             0.583063                  0.102025                 0.023708                 9.780000e+05 
5.736153e-02    7.880463e-02    6.779932e-02   1.000000e+01         1.000000e+02         3.381220e+01        1.133635e+01         5.698000e+03         7.736406e+02        5.726632e-02                                           4.763683e+03    6.901944e+01                       2547.31             0.508889                  0.0207923                0.0255836                9.000390e+05 
5.736153e-02    7.880463e-02    6.878500e-02   1.000000e+02         1.000000e+03         1.472740e+02        1.133635e+01         5.698000e+03         1.802039e+03        3.747752e-02                                           4.335466e+02    2.082178e+01                       194.569             0.460464                  0.0552884                0.081853                 2.790290e+05 
7.880463e-02    1.082637e-01    9.275187e-02   4.000000e+00         1.000000e+01         6.748132e+00        1.133635e+01         5.698000e+03         3.892196e+02        5.183843e-02                                           1.780116e+03    4.219142e+01                       1147.74             0.641348                  0.153027                 0.028405                 9.797720e+05 
7.880463e-02    1.082637e-01    9.294685e-02   1.000000e+01         1.000000e+02         3.578451e+01        1.133635e+01         5.698000e+03         7.217929e+02        4.147980e-02                                           5.654559e+03    7.519680e+01                       3208.18             0.538205                  0.0545145                0.0291891                9.161750e+05 
7.880463e-02    1.082637e-01    9.390608e-02   1.000000e+02         1.000000e+03         1.601909e+02        1.133635e+01         5.698000e+03         1.610205e+03        2.522621e-02                                           8.115433e+02    2.848760e+01                       382.621             0.452027                  0.0670672                0.0232047                4.070520e+05 
1.082637e-01    1.487352e-01    1.273344e-01   4.000000e+00         1.000000e+01         6.754490e+00        1.133635e+01         5.698000e+03         3.741794e+02        3.718645e-02                                           1.843874e+03    4.294035e+01                       1286.67             0.692834                  0.205658                 0.0156507                9.806980e+05 
1.082637e-01    1.487352e-01    1.275976e-01   1.000000e+01         1.000000e+02         3.725830e+01        1.133635e+01         5.698000e+03         6.800159e+02        2.949544e-02                                           6.423602e+03    8.014738e+01                       3893.94             0.572319                  0.101743                 0.0377316                9.268900e+05 
1.082637e-01    1.487352e-01    1.285755e-01   1.000000e+02         1.000000e+03         1.739273e+02        1.133635e+01         5.698000e+03         1.467566e+03        1.709131e-02                                           1.286981e+03    3.587452e+01                       630.265             0.452024                  0.0904484                0.00803792               5.399770e+05 
1.487352e-01    2.043360e-01    1.751668e-01   4.000000e+00         1.000000e+01         6.770452e+00        1.133635e+01         5.698000e+03         3.642217e+02        2.579320e-02                                           1.829011e+03    4.276694e+01                       1375.11             0.747433                  0.291637                 0.0299946                9.813900e+05 
1.487352e-01    2.043360e-01    1.753990e-01   1.000000e+01         1.000000e+02         3.855162e+01        1.133635e+01         5.698000e+03         6.457144e+02        2.000572e-02                                           6.824086e+03    8.260803e+01                       4347.0              0.60328                   0.151266                 0.040002                 9.345540e+05 
1.487352e-01    2.043360e-01    1.766168e-01   1.000000e+02         1.000000e+03         1.892531e+02        1.133635e+01         5.698000e+03         1.367799e+03        1.116144e-02                                           1.826475e+03    4.273727e+01                       915.612             0.454423                  0.120491                 0.0376506                6.365220e+05 
2.043360e-01    2.807216e-01    2.402519e-01   4.000000e+00         1.000000e+01         6.778462e+00        1.133635e+01         5.698000e+03         3.511585e+02        1.695305e-02                                           1.723063e+03    4.150980e+01                       1371.62             0.791559                  0.359925                 0.0245412                9.822710e+05 
2.043360e-01    2.807216e-01    2.404157e-01   1.000000e+01         1.000000e+02         3.959866e+01        1.133635e+01         5.698000e+03         6.208661e+02        1.267701e-02                                           6.682361e+03    8.174571e+01                       4355.43             0.617592                  0.189564                 0.0401409                9.393190e+05 
2.043360e-01    2.807216e-01    2.419388e-01   1.000000e+02         1.000000e+03         2.065467e+02        1.133635e+01         5.698000e+03         1.291130e+03        6.970332e-03                                           2.265265e+03    4.759480e+01                       1126.81             0.429065                  0.131137                 0.04569                  7.015660e+05 
2.807216e-01    3.856620e-01    3.286037e-01   4.000000e+00         1.000000e+01         6.751172e+00        1.133635e+01         5.698000e+03         3.478235e+02        9.994268e-03                                           1.445317e+03    3.801733e+01                       1194.99             0.825801                  0.432229                 0.0283909                9.825460e+05 
2.807216e-01    3.856620e-01    3.285279e-01   1.000000e+01         1.000000e+02         4.026965e+01        1.133635e+01         5.698000e+03         5.975678e+02        7.084250e-03                                           5.662164e+03    7.524735e+01                       3638.06             0.610077                  0.214294                 0.0405584                9.428680e+05 
2.807216e-01    3.856620e-01    3.300580e-01   1.000000e+02         1.000000e+03         2.224147e+02        1.133635e+01         5.698000e+03         1.227767e+03        3.810359e-03                                           2.355424e+03    4.853271e+01                       1050.04             0.369891                  0.12932                  0.0850809                7.452350e+05 
3.856620e-01    5.298317e-01    4.459347e-01   4.000000e+00         1.000000e+01         6.740484e+00        1.133635e+01         5.698000e+03         3.419604e+02        5.100552e-03                                           9.752375e+02    3.122879e+01                       811.841             0.838151                  0.463606                 0.00023911               9.828760e+05 
3.856620e-01    5.298317e-01    4.445078e-01   1.000000e+01         1.000000e+02         4.060327e+01        1.133635e+01         5.698000e+03         5.800871e+02        3.430156e-03                                           3.724117e+03    6.102554e+01                       2030.29             0.510555                  0.124864                 0.000619772              9.455090e+05 
3.856620e-01    5.298317e-01    4.454268e-01   1.000000e+02         1.000000e+03         2.413323e+02        1.133635e+01         5.698000e+03         1.186843e+03        1.838293e-03                                           1.811761e+03    4.256479e+01                       411.838             0.137295                  0.0152662                0.103155                 7.752140e+05 
5.298317e-01    7.278954e-01    5.898063e-01   4.000000e+00         1.000000e+01         7.083793e+00        1.133635e+01         5.698000e+03         3.420034e+02        1.792827e-03                                           3.351893e+02    1.830818e+01                       254.531             0.78873                   0.295671                 0.169501                 7.315140e+05 
5.298317e-01    7.278954e-01    6.001947e-01   1.000000e+01         1.000000e+02         3.981786e+01        1.133635e+01         5.698000e+03         5.566564e+02        9.181347e-04                                           1.364543e+03    3.693973e+01                       24.7867             0.0141948                 0.447328                 0.373186                 9.473520e+05 
5.298317e-01    7.278954e-01    5.995123e-01   1.000000e+02         1.000000e+03         2.552619e+02        1.133635e+01         5.698000e+03         1.145445e+03        4.609450e-04                                           6.952750e+02    2.636807e+01                       669.065             1.14791                   0.869227                 0.137063                 7.953330e+05 
