Experiment = CompFv2_FCC | seed 2 | Neutrino = 14 | Exp. Target density (nucleons / cm3) = 10^(23.7) | Exp. Target Length = 660.0 cm | Total Events = 4142198.9 |        del_theta = 0.00 mrad, theta_max = 3141.6 mrad |        del_Elepton = 0.0 % , Elepton_min = 0.00 GeV, Elepton_max = 200000.00 GeV|        del_Ehadron = 0.0 %, Ehadron_min = 0.00 GeV GeV, Ehadron_max = 200000.00 GeV
x_lower         x_upper         x_avg          Q2_lower[GeV^2]      Q2_upper[GeV^2]      Q2_avg[GeV^2]       E_nu_lower[GeV]      E_nu_upper[GeV]      E_nu_avg[GeV]       d^sigma/dxdQ2(x_avg,Q2_avg,Enu_avg) pb / GeV^2         N_events        N_events_errs = Sqrt[N_events]     N_sys_errs          fraction_error_theta      fraction_error_Elepton   fraction_error_Ehadron   MC_Samples 
1.373824e-04    1.887392e-04    1.789508e-04   4.000000e+00         1.000000e+01         5.375428e+00        1.133635e+01         4.000000e+04         1.729600e+04        8.956031e+01                                           1.989324e+01    4.460184e+00                       0.0                 0.0                       0.0                      0.0                      4.232900e+04 
1.887392e-04    2.592944e-04    2.349810e-04   4.000000e+00         1.000000e+01         5.515851e+00        1.133635e+01         4.000000e+04         1.424105e+04        6.556550e+01                                           6.683790e+01    8.175445e+00                       0.0                 0.0                       0.0                      0.0                      5.800100e+04 
2.592944e-04    3.562248e-04    3.296368e-04   4.000000e+00         1.000000e+01         4.166055e+00        1.133635e+01         4.000000e+04         1.280779e+04        5.029159e+01                                           1.734158e+02    1.316874e+01                       0.0                 0.0                       0.0                      0.0                      6.957300e+04 
3.562248e-04    4.893901e-04    4.327778e-04   4.000000e+00         1.000000e+01         6.476680e+00        1.133635e+01         4.000000e+04         1.315200e+04        4.012135e+01                                           3.617358e+02    1.901935e+01                       0.0                 0.0                       0.0                      0.0                      7.758800e+04 
3.562248e-04    4.893901e-04    4.739516e-04   1.000000e+01         1.000000e+02         1.308489e+01        1.133635e+01         4.000000e+04         1.532626e+04        3.745836e+01                                           6.700179e+01    8.185462e+00                       0.0                 0.0                       0.0                      0.0                      8.286000e+03 
4.893901e-04    6.723358e-04    5.747436e-04   4.000000e+00         1.000000e+01         6.326004e+00        1.133635e+01         4.000000e+04         9.768638e+03        2.896728e+01                                           6.532594e+02    2.555894e+01                       0.0                 0.0                       0.0                      0.0                      8.375500e+04 
4.893901e-04    6.723358e-04    6.214439e-04   1.000000e+01         1.000000e+02         1.346881e+01        1.133635e+01         4.000000e+04         1.420576e+04        3.057713e+01                                           2.440257e+02    1.562132e+01                       0.0                 0.0                       0.0                      0.0                      1.460500e+04 
6.723358e-04    9.236709e-04    8.089276e-04   4.000000e+00         1.000000e+01         6.371573e+00        1.133635e+01         4.000000e+04         8.285542e+03        2.081593e+01                                           1.096358e+03    3.311130e+01                       0.0                 0.0                       0.0                      0.0                      8.826900e+04 
6.723358e-04    9.236709e-04    8.110290e-04   1.000000e+01         1.000000e+02         1.502477e+01        1.133635e+01         4.000000e+04         1.448100e+04        2.499570e+01                                           6.092899e+02    2.468380e+01                       0.0                 0.0                       0.0                      0.0                      2.316200e+04 
9.236709e-04    1.268961e-03    1.114937e-03   4.000000e+00         1.000000e+01         6.631357e+00        1.133635e+01         4.000000e+04         6.176909e+03        1.417258e+01                                           1.680670e+03    4.099598e+01                       0.0                 0.0                       0.0                      0.0                      9.138000e+04 
9.236709e-04    1.268961e-03    1.091005e-03   1.000000e+01         1.000000e+02         1.865782e+01        1.133635e+01         4.000000e+04         1.384099e+04        1.817707e+01                                           1.366782e+03    3.697002e+01                       0.0                 0.0                       0.0                      0.0                      3.550100e+04 
1.268961e-03    1.743329e-03    1.508796e-03   4.000000e+00         1.000000e+01         6.733469e+00        1.133635e+01         4.000000e+04         5.655909e+03        1.044448e+01                                           2.414216e+03    4.913467e+01                       0.0                 0.0                       0.0                      0.0                      9.375700e+04 
1.268961e-03    1.743329e-03    1.537289e-03   1.000000e+01         1.000000e+02         2.207973e+01        1.133635e+01         4.000000e+04         1.177426e+04        1.228674e+01                                           2.836203e+03    5.325601e+01                       0.0                 0.0                       0.0                      0.0                      5.096100e+04 
1.743329e-03    2.395027e-03    2.050531e-03   4.000000e+00         1.000000e+01         6.706078e+00        1.133635e+01         4.000000e+04         4.897108e+03        7.747539e+00                                           3.188861e+03    5.647000e+01                       0.0                 0.0                       0.0                      0.0                      9.549700e+04 
1.743329e-03    2.395027e-03    2.067875e-03   1.000000e+01         1.000000e+02         2.421312e+01        1.133635e+01         4.000000e+04         1.020664e+04        8.999458e+00                                           4.864894e+03    6.974879e+01                       0.0                 0.0                       0.0                      0.0                      6.425500e+04 
2.395027e-03    3.290345e-03    2.822202e-03   4.000000e+00         1.000000e+01         6.813038e+00        1.133635e+01         4.000000e+04         4.387712e+03        5.690454e+00                                           4.204732e+03    6.484390e+01                       0.0                 0.0                       0.0                      0.0                      9.682600e+04 
2.395027e-03    3.290345e-03    2.860604e-03   1.000000e+01         1.000000e+02         2.769637e+01        1.133635e+01         4.000000e+04         8.807849e+03        6.449914e+00                                           8.644044e+03    9.297335e+01                       0.0                 0.0                       0.0                      0.0                      7.382100e+04 
2.395027e-03    3.290345e-03    3.239685e-03   1.000000e+02         1.000000e+03         1.137688e+02        1.133635e+01         4.000000e+04         3.001463e+04        6.550045e+00                                           8.938617e+01    9.454426e+00                       0.0                 0.0                       0.0                      0.0                      3.290000e+03 
3.290345e-03    4.520354e-03    3.911585e-03   4.000000e+00         1.000000e+01         6.930539e+00        1.133635e+01         4.000000e+04         3.716367e+03        4.019704e+00                                           5.064543e+03    7.116560e+01                       0.0                 0.0                       0.0                      0.0                      9.762500e+04 
3.290345e-03    4.520354e-03    3.924600e-03   1.000000e+01         1.000000e+02         3.120514e+01        1.133635e+01         4.000000e+04         7.713412e+03        4.638539e+00                                           1.345208e+04    1.159831e+02                       0.0                 0.0                       0.0                      0.0                      8.086100e+04 
3.290345e-03    4.520354e-03    3.948962e-03   1.000000e+02         1.000000e+03         1.215987e+02        1.133635e+01         4.000000e+04         2.006299e+04        4.708231e+00                                           4.459887e+02    2.111844e+01                       0.0                 0.0                       0.0                      0.0                      7.224000e+03 
4.520354e-03    6.210169e-03    5.320740e-03   4.000000e+00         1.000000e+01         6.747645e+00        1.133635e+01         4.000000e+04         3.141543e+03        2.833123e+00                                           6.042470e+03    7.773333e+01                       0.0                 0.0                       0.0                      0.0                      9.829300e+04 
4.520354e-03    6.210169e-03    5.353366e-03   1.000000e+01         1.000000e+02         3.393740e+01        1.133635e+01         4.000000e+04         6.854443e+03        3.333818e+00                                           2.022245e+04    1.422057e+02                       0.0                 0.0                       0.0                      0.0                      8.623300e+04 
4.520354e-03    6.210169e-03    5.442165e-03   1.000000e+02         1.000000e+03         1.431555e+02        1.133635e+01         4.000000e+04         1.810250e+04        3.263712e+00                                           1.628081e+03    4.034948e+01                       0.0                 0.0                       0.0                      0.0                      1.267000e+04 
6.210169e-03    8.531679e-03    7.379461e-03   4.000000e+00         1.000000e+01         7.170993e+00        1.133635e+01         4.000000e+04         2.635368e+03        1.956834e+00                                           6.935218e+03    8.327796e+01                       0.0                 0.0                       0.0                      0.0                      9.872400e+04 
6.210169e-03    8.531679e-03    7.417133e-03   1.000000e+01         1.000000e+02         3.779970e+01        1.133635e+01         4.000000e+04         5.922863e+03        2.297343e+00                                           2.824252e+04    1.680551e+02                       0.0                 0.0                       0.0                      0.0                      9.000200e+04 
6.210169e-03    8.531679e-03    7.465115e-03   1.000000e+02         1.000000e+03         1.540020e+02        1.133635e+01         4.000000e+04         1.531474e+04        2.227660e+00                                           4.245710e+03    6.515911e+01                       0.0                 0.0                       0.0                      0.0                      2.050500e+04 
8.531679e-03    1.172102e-02    1.005808e-02   4.000000e+00         1.000000e+01         6.956142e+00        1.133635e+01         4.000000e+04         2.592941e+03        1.368578e+00                                           7.735511e+03    8.795175e+01                       0.0                 0.0                       0.0                      0.0                      9.907700e+04 
8.531679e-03    1.172102e-02    1.009524e-02   1.000000e+01         1.000000e+02         3.879658e+01        1.133635e+01         4.000000e+04         5.129266e+03        1.593766e+00                                           3.791385e+04    1.947148e+02                       0.0                 0.0                       0.0                      0.0                      9.267200e+04 
8.531679e-03    1.172102e-02    1.031716e-02   1.000000e+02         1.000000e+03         1.673153e+02        1.133635e+01         4.000000e+04         1.300262e+04        1.500533e+00                                           9.207337e+03    9.595487e+01                       0.0                 0.0                       0.0                      0.0                      3.207300e+04 
1.172102e-02    1.610262e-02    1.370023e-02   4.000000e+00         1.000000e+01         7.006923e+00        1.133635e+01         4.000000e+04         2.096758e+03        9.917517e-01                                           8.479521e+03    9.208432e+01                       0.0                 0.0                       0.0                      0.0                      9.933400e+04 
1.172102e-02    1.610262e-02    1.386266e-02   1.000000e+01         1.000000e+02         4.116725e+01        1.133635e+01         4.000000e+04         4.560879e+03        1.155839e+00                                           5.041745e+04    2.245383e+02                       0.0                 0.0                       0.0                      0.0                      9.473800e+04 
1.172102e-02    1.610262e-02    1.400624e-02   1.000000e+02         1.000000e+03         1.926437e+02        1.133635e+01         4.000000e+04         1.148047e+04        1.039114e+00                                           1.789204e+04    1.337611e+02                       0.0                 0.0                       0.0                      0.0                      4.728100e+04 
1.610262e-02    2.212216e-02    1.897539e-02   4.000000e+00         1.000000e+01         6.887934e+00        1.133635e+01         4.000000e+04         1.943891e+03        7.010007e-01                                           9.103692e+03    9.541327e+01                       0.0                 0.0                       0.0                      0.0                      9.952000e+04 
1.610262e-02    2.212216e-02    1.904536e-02   1.000000e+01         1.000000e+02         4.309409e+01        1.133635e+01         4.000000e+04         3.920132e+03        8.168219e-01                                           6.125765e+04    2.475028e+02                       0.0                 0.0                       0.0                      0.0                      9.615300e+04 
1.610262e-02    2.212216e-02    1.918476e-02   1.000000e+02         1.000000e+03         2.218150e+02        1.133635e+01         4.000000e+04         1.006787e+04        7.161382e-01                                           3.200754e+04    1.789065e+02                       0.0                 0.0                       0.0                      0.0                      6.140100e+04 
1.610262e-02    2.212216e-02    2.022097e-02   1.000000e+03         1.000000e+04         1.307579e+03        1.133635e+01         4.000000e+04         3.764840e+04        4.816677e-01                                           3.793903e+01    6.159466e+00                       0.0                 0.0                       0.0                      0.0                      7.370000e+02 
2.212216e-02    3.039195e-02    2.604443e-02   4.000000e+00         1.000000e+01         6.917330e+00        1.133635e+01         4.000000e+04         1.910197e+03        4.966459e-01                                           9.716303e+03    9.857131e+01                       0.0                 0.0                       0.0                      0.0                      9.965400e+04 
2.212216e-02    3.039195e-02    2.616456e-02   1.000000e+01         1.000000e+02         4.530848e+01        1.133635e+01         4.000000e+04         3.411016e+03        5.672665e-01                                           7.383321e+04    2.717227e+02                       0.0                 0.0                       0.0                      0.0                      9.712700e+04 
2.212216e-02    3.039195e-02    2.639325e-02   1.000000e+02         1.000000e+03         2.458469e+02        1.133635e+01         4.000000e+04         8.691556e+03        4.860797e-01                                           5.156848e+04    2.270869e+02                       0.0                 0.0                       0.0                      0.0                      7.190200e+04 
2.212216e-02    3.039195e-02    2.629303e-02   1.000000e+03         1.000000e+04         1.219943e+03        1.133635e+01         4.000000e+04         2.850083e+04        3.604552e-01                                           2.874121e+02    1.695323e+01                       0.0                 0.0                       0.0                      0.0                      2.636000e+03 
3.039195e-02    4.175319e-02    3.586199e-02   4.000000e+00         1.000000e+01         7.064387e+00        1.133635e+01         4.000000e+04         1.631424e+03        3.445809e-01                                           1.004259e+04    1.002127e+02                       0.0                 0.0                       0.0                      0.0                      9.975300e+04 
3.039195e-02    4.175319e-02    3.596398e-02   1.000000e+01         1.000000e+02         4.746862e+01        1.133635e+01         4.000000e+04         2.961167e+03        3.859938e-01                                           8.504911e+04    2.916318e+02                       0.0                 0.0                       0.0                      0.0                      9.802500e+04 
3.039195e-02    4.175319e-02    3.627883e-02   1.000000e+02         1.000000e+03         2.774020e+02        1.133635e+01         4.000000e+04         7.464004e+03        3.244218e-01                                           8.104160e+04    2.846781e+02                       0.0                 0.0                       0.0                      0.0                      7.966400e+04 
3.039195e-02    4.175319e-02    3.715404e-02   1.000000e+03         1.000000e+04         1.249060e+03        1.133635e+01         4.000000e+04         2.340254e+04        2.371373e-01                                           1.462092e+03    3.823731e+01                       0.0                 0.0                       0.0                      0.0                      5.892000e+03 
4.175319e-02    5.736153e-02    4.939971e-02   4.000000e+00         1.000000e+01         6.957075e+00        1.133635e+01         4.000000e+04         1.695207e+03        2.379517e-01                                           1.036459e+04    1.018066e+02                       0.0                 0.0                       0.0                      0.0                      9.985400e+04 
4.175319e-02    5.736153e-02    4.925233e-02   1.000000e+01         1.000000e+02         4.896904e+01        1.133635e+01         4.000000e+04         2.624716e+03        2.598670e-01                                           9.404366e+04    3.066654e+02                       0.0                 0.0                       0.0                      0.0                      9.850900e+04 
4.175319e-02    5.736153e-02    4.968560e-02   1.000000e+02         1.000000e+03         3.063009e+02        1.133635e+01         4.000000e+04         6.531009e+03        2.170626e-01                                           1.225348e+05    3.500497e+02                       0.0                 0.0                       0.0                      0.0                      8.488300e+04 
4.175319e-02    5.736153e-02    5.051108e-02   1.000000e+03         1.000000e+04         1.311275e+03        1.133635e+01         4.000000e+04         1.810733e+04        1.556520e-01                                           5.417958e+03    7.360678e+01                       0.0                 0.0                       0.0                      0.0                      1.114100e+04 
5.736153e-02    7.880463e-02    6.716478e-02   4.000000e+00         1.000000e+01         6.807864e+00        1.133635e+01         4.000000e+04         1.658892e+03        1.667988e-01                                           1.071171e+04    1.034974e+02                       0.0                 0.0                       0.0                      0.0                      9.988200e+04 
5.736153e-02    7.880463e-02    6.748531e-02   1.000000e+01         1.000000e+02         4.986077e+01        1.133635e+01         4.000000e+04         2.339042e+03        1.745307e-01                                           1.025158e+05    3.201810e+02                       0.0                 0.0                       0.0                      0.0                      9.895100e+04 
5.736153e-02    7.880463e-02    6.793518e-02   1.000000e+02         1.000000e+03         3.383590e+02        1.133635e+01         4.000000e+04         5.661918e+03        1.435357e-01                                           1.645555e+05    4.056544e+02                       0.0                 0.0                       0.0                      0.0                      8.925300e+04 
5.736153e-02    7.880463e-02    6.877744e-02   1.000000e+03         1.000000e+04         1.424939e+03        1.133635e+01         4.000000e+04         1.514989e+04        1.007958e-01                                           1.422922e+04    1.192863e+02                       0.0                 0.0                       0.0                      0.0                      1.822600e+04 
7.880463e-02    1.082637e-01    9.245474e-02   4.000000e+00         1.000000e+01         7.017061e+00        1.133635e+01         4.000000e+04         1.680594e+03        1.195708e-01                                           1.076940e+04    1.037757e+02                       0.0                 0.0                       0.0                      0.0                      9.991300e+04 
7.880463e-02    1.082637e-01    9.276430e-02   1.000000e+01         1.000000e+02         5.057468e+01        1.133635e+01         4.000000e+04         2.054530e+03        1.216347e-01                                           1.109019e+05    3.330194e+02                       0.0                 0.0                       0.0                      0.0                      9.924600e+04 
7.880463e-02    1.082637e-01    9.339409e-02   1.000000e+02         1.000000e+03         3.608008e+02        1.133635e+01         4.000000e+04         4.825294e+03        9.977609e-02                                           2.221023e+05    4.712773e+02                       0.0                 0.0                       0.0                      0.0                      9.218700e+04 
7.880463e-02    1.082637e-01    9.429955e-02   1.000000e+03         1.000000e+04         1.577373e+03        1.133635e+01         4.000000e+04         1.302473e+04        6.746318e-02                                           3.080343e+04    1.755091e+02                       0.0                 0.0                       0.0                      0.0                      2.873600e+04 
1.082637e-01    1.487352e-01    1.275374e-01   4.000000e+00         1.000000e+01         6.970734e+00        1.133635e+01         4.000000e+04         1.541786e+03        8.310173e-02                                           1.062590e+04    1.030820e+02                       0.0                 0.0                       0.0                      0.0                      9.996400e+04 
1.082637e-01    1.487352e-01    1.274093e-01   1.000000e+01         1.000000e+02         5.062171e+01        1.133635e+01         4.000000e+04         1.896389e+03        8.252622e-02                                           1.133776e+05    3.367159e+02                       0.0                 0.0                       0.0                      0.0                      9.944500e+04 
1.082637e-01    1.487352e-01    1.279853e-01   1.000000e+02         1.000000e+03         3.876853e+02        1.133635e+01         4.000000e+04         4.183043e+03        6.719036e-02                                           2.734135e+05    5.228896e+02                       0.0                 0.0                       0.0                      0.0                      9.411600e+04 
1.082637e-01    1.487352e-01    1.293461e-01   1.000000e+03         1.000000e+04         1.730804e+03        1.133635e+01         4.000000e+04         1.088362e+04        4.357554e-02                                           5.947085e+04    2.438665e+02                       0.0                 0.0                       0.0                      0.0                      4.265900e+04 
1.487352e-01    2.043360e-01    1.764453e-01   4.000000e+00         1.000000e+01         7.117322e+00        1.133635e+01         4.000000e+04         1.158397e+03        5.541091e-02                                           1.011476e+04    1.005722e+02                       0.0                 0.0                       0.0                      0.0                      9.998200e+04 
1.487352e-01    2.043360e-01    1.749051e-01   1.000000e+01         1.000000e+02         5.145205e+01        1.133635e+01         4.000000e+04         1.778675e+03        5.349061e-02                                           1.133061e+05    3.366097e+02                       0.0                 0.0                       0.0                      0.0                      9.960700e+04 
1.487352e-01    2.043360e-01    1.756606e-01   1.000000e+02         1.000000e+03         4.043191e+02        1.133635e+01         4.000000e+04         3.560819e+03        4.295801e-02                                           3.158683e+05    5.620216e+02                       0.0                 0.0                       0.0                      0.0                      9.584700e+04 
1.487352e-01    2.043360e-01    1.771641e-01   1.000000e+03         1.000000e+04         1.917523e+03        1.133635e+01         4.000000e+04         9.327326e+03        2.633130e-02                                           9.592964e+04    3.097251e+02                       0.0                 0.0                       0.0                      0.0                      5.809200e+04 
2.043360e-01    2.807216e-01    2.405367e-01   4.000000e+00         1.000000e+01         6.941406e+00        1.133635e+01         4.000000e+04         1.348277e+03        3.545515e-02                                           8.534212e+03    9.238080e+01                       0.0                 0.0                       0.0                      0.0                      9.998900e+04 
2.043360e-01    2.807216e-01    2.403491e-01   1.000000e+01         1.000000e+02         5.121208e+01        1.133635e+01         4.000000e+04         1.693883e+03        3.213083e-02                                           1.018962e+05    3.192119e+02                       0.0                 0.0                       0.0                      0.0                      9.974000e+04 
2.043360e-01    2.807216e-01    2.407980e-01   1.000000e+02         1.000000e+03         4.215782e+02        1.133635e+01         4.000000e+04         3.081113e+03        2.519988e-02                                           3.251686e+05    5.702355e+02                       0.0                 0.0                       0.0                      0.0                      9.702200e+04 
2.043360e-01    2.807216e-01    2.423788e-01   1.000000e+03         1.000000e+04         2.091256e+03        1.133635e+01         4.000000e+04         8.027369e+03        1.447411e-02                                           1.353669e+05    3.679224e+02                       0.0                 0.0                       0.0                      0.0                      6.916500e+04 
2.043360e-01    2.807216e-01    2.624079e-01   1.000000e+04         1.000000e+05         1.155349e+04        1.133635e+01         4.000000e+04         2.721201e+04        3.537373e-03                                           1.628558e+02    1.276150e+01                       0.0                 0.0                       0.0                      0.0                      2.027000e+03 
2.807216e-01    3.856620e-01    3.250849e-01   4.000000e+00         1.000000e+01         6.992666e+00        1.133635e+01         4.000000e+04         1.305280e+03        2.063830e-02                                           7.305880e+03    8.547444e+01                       0.0                 0.0                       0.0                      0.0                      9.999900e+04 
2.807216e-01    3.856620e-01    3.280292e-01   1.000000e+01         1.000000e+02         5.179947e+01        1.133635e+01         4.000000e+04         1.470360e+03        1.686650e-02                                           7.967168e+04    2.822617e+02                       0.0                 0.0                       0.0                      0.0                      9.980600e+04 
2.807216e-01    3.856620e-01    3.281993e-01   1.000000e+02         1.000000e+03         4.345179e+02        1.133635e+01         4.000000e+04         2.725575e+03        1.269593e-02                                           2.856859e+05    5.344959e+02                       0.0                 0.0                       0.0                      0.0                      9.784600e+04 
2.807216e-01    3.856620e-01    3.306588e-01   1.000000e+03         1.000000e+04         2.282492e+03        1.133635e+01         4.000000e+04         6.775706e+03        6.824148e-03                                           1.543031e+05    3.928143e+02                       0.0                 0.0                       0.0                      0.0                      7.815200e+04 
2.807216e-01    3.856620e-01    3.422132e-01   1.000000e+04         1.000000e+05         1.207999e+04        1.133635e+01         4.000000e+04         2.360865e+04        1.793681e-03                                           7.097180e+02    2.664053e+01                       0.0                 0.0                       0.0                      0.0                      4.921000e+03 
3.856620e-01    5.298317e-01    4.473678e-01   4.000000e+00         1.000000e+01         6.836056e+00        1.133635e+01         4.000000e+04         1.395014e+03        1.010526e-02                                           4.603979e+03    6.785263e+01                       0.0                 0.0                       0.0                      0.0                      1.000000e+05 
3.856620e-01    5.298317e-01    4.445020e-01   1.000000e+01         1.000000e+02         5.134434e+01        1.133635e+01         4.000000e+04         1.547855e+03        7.666006e-03                                           4.823539e+04    2.196256e+02                       0.0                 0.0                       0.0                      0.0                      9.986800e+04 
3.856620e-01    5.298317e-01    4.442286e-01   1.000000e+02         1.000000e+03         4.416678e+02        1.133635e+01         4.000000e+04         2.429024e+03        5.449530e-03                                           1.800091e+05    4.242749e+02                       0.0                 0.0                       0.0                      0.0                      9.841600e+04 
3.856620e-01    5.298317e-01    4.454682e-01   1.000000e+03         1.000000e+04         2.449873e+03        1.133635e+01         4.000000e+04         5.819079e+03        2.757364e-03                                           1.143509e+05    3.381582e+02                       0.0                 0.0                       0.0                      0.0                      8.402500e+04 
3.856620e-01    5.298317e-01    4.551755e-01   1.000000e+04         1.000000e+05         1.259130e+04        1.133635e+01         4.000000e+04         1.938817e+04        6.536200e-04                                           1.380377e+03    3.715343e+01                       0.0                 0.0                       0.0                      0.0                      9.606000e+03 
5.298317e-01    7.278954e-01    5.808200e-01   4.000000e+00         1.000000e+01         7.246409e+00        1.133635e+01         4.000000e+04         1.222799e+03        3.908051e-03                                           1.664749e+03    4.080134e+01                       0.0                 0.0                       0.0                      0.0                      7.450800e+04 
5.298317e-01    7.278954e-01    6.013649e-01   1.000000e+01         1.000000e+02         5.036884e+01        1.133635e+01         4.000000e+04         1.312638e+03        1.933672e-03                                           1.715321e+04    1.309703e+02                       0.0                 0.0                       0.0                      0.0                      9.992000e+04 
5.298317e-01    7.278954e-01    5.966588e-01   1.000000e+02         1.000000e+03         4.452882e+02        1.133635e+01         4.000000e+04         2.068338e+03        1.243797e-03                                           6.014024e+04    2.452351e+02                       0.0                 0.0                       0.0                      0.0                      9.885400e+04 
5.298317e-01    7.278954e-01    5.985276e-01   1.000000e+03         1.000000e+04         2.573970e+03        1.133635e+01         4.000000e+04         5.055651e+03        5.709130e-04                                           4.517638e+04    2.125474e+02                       0.0                 0.0                       0.0                      0.0                      8.834400e+04 
5.298317e-01    7.278954e-01    6.218511e-01   1.000000e+04         1.000000e+05         1.307288e+04        1.133635e+01         4.000000e+04         1.524511e+04        1.191086e-04                                           1.004859e+03    3.169951e+01                       0.0                 0.0                       0.0                      0.0                      1.633000e+04 
7.278954e-01    1.000000e+00    7.815929e-01   1.000000e+01         1.000000e+02         5.104868e+01        1.133635e+01         4.000000e+04         1.567396e+03        2.493952e-04                                           1.921006e+03    4.382928e+01                       0.0                 0.0                       0.0                      0.0                      7.358500e+04 
7.278954e-01    1.000000e+00    7.848959e-01   1.000000e+02         1.000000e+03         4.453214e+02        1.133635e+01         4.000000e+04         1.662327e+03        1.235618e-04                                           5.878927e+03    7.667416e+01                       0.0                 0.0                       0.0                      0.0                      9.633100e+04 
7.278954e-01    1.000000e+00    7.873695e-01   1.000000e+03         1.000000e+04         2.979608e+03        1.133635e+01         4.000000e+04         4.574038e+03        4.736220e-05                                           4.742304e+03    6.886439e+01                       0.0                 0.0                       0.0                      0.0                      9.129900e+04 
7.278954e-01    1.000000e+00    8.169204e-01   1.000000e+04         1.000000e+05         1.406805e+04        1.133635e+01         4.000000e+04         1.277474e+04        7.921171e-06                                           1.614550e+02    1.270649e+01                       0.0                 0.0                       0.0                      0.0                      2.586200e+04 
