Experiment = FLArE10 | seed 2 | Neutrino = 14 | Exp. Target density (nucleons / cm3) = 10^(23.9) | Exp. Target Length = 700 cm | Total Events = 12060.1 |        del_theta = 15.00 mrad, theta_max = 25.0 mrad |        del_Elepton = 30.0 % , Elepton_min = 2.00 GeV, Elepton_max = 10000.00 GeV|        del_Ehadron = 30.0 %, Ehadron_min = 2.00 GeV GeV, Ehadron_max = 10000.00 GeV
x_lower         x_upper         x_avg          Q2_lower[GeV^2]      Q2_upper[GeV^2]      Q2_avg[GeV^2]       E_nu_lower[GeV]      E_nu_upper[GeV]      E_nu_avg[GeV]       d^sigma/dxdQ2(x_avg,Q2_avg,Enu_avg) pb / GeV^2         N_events        N_events_errs = Sqrt[N_events]     N_sys_errs          fraction_error_theta      fraction_error_Elepton   fraction_error_Ehadron   MC_Samples 
8.531679e-03    1.172102e-02    1.009586e-02   4.000000e+00         1.000000e+01         6.600040e+00        1.133635e+01         5.698000e+03         8.040110e+02        3.122403e-01                                           1.122417e+02    1.059442e+01                       22.6992             0.203634                  0.0679918                0.0785446                9.317720e+05 
8.531679e-03    1.172102e-02    1.020002e-02   1.000000e+01         1.000000e+02         2.038658e+01        1.133635e+01         5.698000e+03         1.666083e+03        4.211495e-01                                           1.222592e+02    1.105709e+01                       37.1921             0.313124                  0.0694386                0.0207974                4.831990e+05 
1.172102e-02    1.610262e-02    1.385726e-02   4.000000e+00         1.000000e+01         6.671756e+00        1.133635e+01         5.698000e+03         6.884231e+02        2.171959e-01                                           1.430798e+02    1.196160e+01                       44.8417             0.321333                  0.0269117                0.0757887                9.480010e+05 
1.172102e-02    1.610262e-02    1.397312e-02   1.000000e+01         1.000000e+02         2.328649e+01        1.133635e+01         5.698000e+03         1.470921e+03        2.910937e-01                                           2.093581e+02    1.446921e+01                       78.8787             0.378402                  0.0572698                0.0245243                6.205960e+05 
1.610262e-02    2.212216e-02    1.898097e-02   4.000000e+00         1.000000e+01         6.775371e+00        1.133635e+01         5.698000e+03         5.959016e+02        1.475991e-01                                           1.691631e+02    1.300627e+01                       64.0433             0.391712                  0.0100652                0.0531722                9.593840e+05 
1.610262e-02    2.212216e-02    1.915054e-02   1.000000e+01         1.000000e+02         2.622875e+01        1.133635e+01         5.698000e+03         1.299455e+03        1.992296e-01                                           3.348988e+02    1.830024e+01                       147.809             0.4336                    0.0308663                0.0307679                7.200900e+05 
2.212216e-02    3.039195e-02    2.606309e-02   4.000000e+00         1.000000e+01         6.829996e+00        1.133635e+01         5.698000e+03         5.376756e+02        9.666478e-02                                           1.843755e+02    1.357849e+01                       82.3195             0.463723                  0.0281141                0.0467958                9.669110e+05 
2.212216e-02    3.039195e-02    2.626011e-02   1.000000e+01         1.000000e+02         2.940217e+01        1.133635e+01         5.698000e+03         1.139765e+03        1.312790e-01                                           4.884013e+02    2.209980e+01                       239.564             0.478689                  0.00459225               0.0402138                7.905850e+05 
3.039195e-02    4.175319e-02    3.586107e-02   4.000000e+00         1.000000e+01         6.879070e+00        1.133635e+01         5.698000e+03         4.822015e+02        6.077199e-02                                           1.875925e+02    1.369644e+01                       94.005              0.518337                  0.0609883                0.0271428                9.720800e+05 
3.039195e-02    4.175319e-02    3.605037e-02   1.000000e+01         1.000000e+02         3.294814e+01        1.133635e+01         5.698000e+03         1.024975e+03        8.379395e-02                                           6.391145e+02    2.528071e+01                       333.702             0.502958                  0.0207274                0.0419461                8.406580e+05 
4.175319e-02    5.736153e-02    4.915519e-02   4.000000e+00         1.000000e+01         6.883763e+00        1.133635e+01         5.698000e+03         4.458061e+02        3.734416e-02                                           1.799747e+02    1.341547e+01                       98.6705             0.560032                  0.0785983                0.00478709               9.755030e+05 
4.175319e-02    5.736153e-02    4.939149e-02   1.000000e+01         1.000000e+02         3.592998e+01        1.133635e+01         5.698000e+03         9.178716e+02        5.147325e-02                                           7.645140e+02    2.764985e+01                       413.13              0.51781                   0.0298689                0.033867                 8.765730e+05 
5.736153e-02    7.880463e-02    6.732017e-02   4.000000e+00         1.000000e+01         6.878554e+00        1.133635e+01         5.698000e+03         4.146929e+02        2.317852e-02                                           1.696821e+02    1.302621e+01                       102.009             0.612737                  0.127707                 0.00582267               9.781940e+05 
5.736153e-02    7.880463e-02    6.754799e-02   1.000000e+01         1.000000e+02         3.874254e+01        1.133635e+01         5.698000e+03         8.391600e+02        3.114045e-02                                           8.487735e+02    2.913372e+01                       472.718             0.528365                  0.0450336                0.0302845                9.002860e+05 
5.736153e-02    7.880463e-02    6.842848e-02   1.000000e+02         1.000000e+03         1.706921e+02        1.133635e+01         5.698000e+03         2.132108e+03        2.963151e-02                                           1.675708e+02    1.294491e+01                       78.4068             0.454955                  0.0396669                0.0161234                2.789380e+05 
7.880463e-02    1.082637e-01    9.246860e-02   4.000000e+00         1.000000e+01         6.896947e+00        1.133635e+01         5.698000e+03         4.076942e+02        1.551384e-02                                           1.609532e+02    1.268673e+01                       105.42              0.666312                  0.174481                 0.00630417               9.795210e+05 
7.880463e-02    1.082637e-01    9.257347e-02   1.000000e+01         1.000000e+02         4.092029e+01        1.133635e+01         5.698000e+03         7.740077e+02        2.001504e-02                                           8.694864e+02    2.948705e+01                       499.986             0.545429                  0.07266                  0.0241527                9.166330e+05 
7.880463e-02    1.082637e-01    9.349247e-02   1.000000e+02         1.000000e+03         1.896704e+02        1.133635e+01         5.698000e+03         1.889847e+03        1.849049e-02                                           2.674089e+02    1.635264e+01                       130.972             0.45384                   0.0742792                0.0200663                4.059470e+05 
1.082637e-01    1.487352e-01    1.268797e-01   4.000000e+00         1.000000e+01         6.876201e+00        1.133635e+01         5.698000e+03         3.909712e+02        1.002207e-02                                           1.468017e+02    1.211618e+01                       103.346             0.713611                  0.232814                 0.004832                 9.808240e+05 
1.082637e-01    1.487352e-01    1.270656e-01   1.000000e+01         1.000000e+02         4.228631e+01        1.133635e+01         5.698000e+03         7.206401e+02        1.227632e-02                                           8.507512e+02    2.916764e+01                       508.655             0.568237                  0.118387                 0.0283316                9.269520e+05 
1.082637e-01    1.487352e-01    1.280476e-01   1.000000e+02         1.000000e+03         2.123656e+02        1.133635e+01         5.698000e+03         1.708581e+03        1.103065e-02                                           3.639040e+02    1.907627e+01                       179.846             0.444359                  0.0974147                0.0387528                5.401560e+05 
1.487352e-01    2.043360e-01    1.743130e-01   4.000000e+00         1.000000e+01         6.917297e+00        1.133635e+01         5.698000e+03         3.887442e+02        6.041030e-03                                           1.253837e+02    1.119748e+01                       93.6588             0.757874                  0.29798                  0.00477502               9.814860e+05 
1.487352e-01    2.043360e-01    1.746289e-01   1.000000e+01         1.000000e+02         4.339280e+01        1.133635e+01         5.698000e+03         6.850283e+02        7.179932e-03                                           7.776162e+02    2.788577e+01                       472.679             0.579843                  0.147535                 0.0222665                9.347560e+05 
1.487352e-01    2.043360e-01    1.757866e-01   1.000000e+02         1.000000e+03         2.353980e+02        1.133635e+01         5.698000e+03         1.584377e+03        6.204696e-03                                           4.307053e+02    2.075344e+01                       209.86              0.427062                  0.122327                 0.0620085                6.355700e+05 
2.043360e-01    2.807216e-01    2.394509e-01   1.000000e+01         1.000000e+02         4.414386e+01        1.133635e+01         5.698000e+03         6.580382e+02        3.878222e-03                                           6.295343e+02    2.509052e+01                       377.231             0.575225                  0.158535                 0.00515557               9.402100e+05 
2.043360e-01    2.807216e-01    2.405199e-01   1.000000e+02         1.000000e+03         2.598486e+02        1.133635e+01         5.698000e+03         1.484019e+03        3.193343e-03                                           4.370954e+02    2.090683e+01                       187.619             0.357987                  0.100917                 0.0542858                7.021530e+05 
2.807216e-01    3.856620e-01    3.271202e-01   1.000000e+01         1.000000e+02         4.481865e+01        1.133635e+01         5.698000e+03         6.398324e+02        1.789816e-03                                           4.429034e+02    2.104527e+01                       244.301             0.529863                  0.135426                 0.0476555                9.431700e+05 
2.807216e-01    3.856620e-01    3.281963e-01   1.000000e+02         1.000000e+03         2.777514e+02        1.133635e+01         5.698000e+03         1.406750e+03        1.400691e-03                                           3.546191e+02    1.883133e+01                       109.124             0.22708                   0.0474188                0.0410374                7.453940e+05 
3.856620e-01    5.298317e-01    4.454651e-01   1.000000e+01         1.000000e+02         4.477540e+01        1.133635e+01         5.698000e+03         6.211021e+02        8.524693e-04                                           2.847431e+02    1.687433e+01                       133.026             0.457563                  0.113025                 0.0635757                9.454200e+05 
3.856620e-01    5.298317e-01    4.455736e-01   1.000000e+02         1.000000e+03         2.936606e+02        1.133635e+01         5.698000e+03         1.347365e+03        6.373530e-04                                           2.499411e+02    1.580952e+01                       18.7847             0.0115762                 0.0311849                0.0545986                7.746800e+05 
5.298317e-01    7.278954e-01    5.999524e-01   1.000000e+01         1.000000e+02         4.593394e+01        1.133635e+01         5.698000e+03         6.143785e+02        2.783868e-04                                           1.110309e+02    1.053712e+01                       0.894437            0.0277788                 0.269942                 0.373194                 9.474360e+05 
