1.129463e+01 7.744449e+10
1.421909e+01 6.518850e+10
1.790078e+01 1.099674e+11
2.253574e+01 2.479605e+11
2.837082e+01 3.192025e+11
3.571675e+01 4.084606e+11
4.496472e+01 5.853114e+11
5.660723e+01 8.426373e+11
7.126428e+01 1.248408e+12
8.971641e+01 1.479705e+12
1.129463e+02 1.815775e+12
1.421909e+02 2.352614e+12
1.790078e+02 2.531517e+12
2.253574e+02 2.661490e+12
2.837082e+02 2.750986e+12
3.571675e+02 2.550961e+12
4.496472e+02 2.325642e+12
5.660723e+02 2.104288e+12
7.126428e+02 1.795218e+12
8.971641e+02 1.415975e+12
1.129463e+03 1.036386e+12
1.421909e+03 7.067070e+11
1.790078e+03 3.639267e+11
2.253574e+03 1.841773e+11
2.837082e+03 7.603342e+10
3.571675e+03 2.530964e+10
4.496472e+03 6.429809e+09
5.660723e+03 1.129375e+09
7.126428e+03 3.148951e+07
8.971641e+03 2.393263e+05
