1.129463e+01 6.595887e+12
1.421909e+01 8.452106e+12
1.790078e+01 9.784670e+12
2.253574e+01 1.155089e+13
2.837082e+01 1.292553e+13
3.571675e+01 1.458079e+13
4.496472e+01 1.557107e+13
5.660723e+01 1.649409e+13
7.126428e+01 1.749095e+13
8.971641e+01 1.756154e+13
1.129463e+02 1.767267e+13
1.421909e+02 1.654506e+13
1.790078e+02 1.572872e+13
2.253574e+02 1.415831e+13
2.837082e+02 1.247911e+13
3.571675e+02 1.117352e+13
4.496472e+02 9.156589e+12
5.660723e+02 7.253424e+12
7.126428e+02 5.103604e+12
8.971641e+02 4.029066e+12
1.129463e+03 2.413733e+12
1.421909e+03 1.536237e+12
1.790078e+03 8.001765e+11
2.253574e+03 3.948727e+11
2.837082e+03 2.355494e+11
3.571675e+03 6.487211e+10
4.496472e+03 3.794881e+10
5.660723e+03 1.026952e+10
7.126428e+03 6.783774e+07
8.971641e+03 1.527792e+05
