1.129463e+01 1.487688e+08
1.421909e+01 2.507385e+09
1.790078e+01 2.031154e+09
2.253574e+01 7.558452e+09
2.837082e+01 1.020867e+10
3.571675e+01 1.930569e+10
4.496472e+01 2.688711e+10
5.660723e+01 3.149796e+10
7.126428e+01 4.977360e+10
8.971641e+01 8.143923e+10
1.129463e+02 9.581610e+10
1.421909e+02 1.129889e+11
1.790078e+02 1.397238e+11
2.253574e+02 1.386359e+11
2.837082e+02 1.276382e+11
3.571675e+02 1.193391e+11
4.496472e+02 1.034582e+11
5.660723e+02 9.191424e+10
7.126428e+02 7.983605e+10
8.971641e+02 6.735418e+10
1.129463e+03 4.700987e+10
1.421909e+03 3.508229e+10
1.790078e+03 1.866068e+10
2.253574e+03 9.270626e+09
2.837082e+03 3.175808e+09
3.571675e+03 8.942978e+08
4.496472e+03 2.402401e+08
5.660723e+03 2.501576e+07
7.126428e+03 2.513261e+06
8.971641e+03 1.343490e+04
