0     0     0.00
0     1     0.00
0     2     0.00
0     3     0.00
0     4     0.00
0     5     0.00
0     6     0.00
0     7     0.00
0     8     0.00
0     9     0.00
0     10     0.00
0     11     0.00
0     12     0.00
0     13     0.00
0     14     0.00
0     15     0.00
0     16     0.00
0     17     0.00
0     18     0.00
0     19     0.00
0     20     0.00
0     21     0.00
0     22     0.00
0     23     0.00
0     24     0.00
0     25     0.00
0     26     0.00
0     27     0.00
0     28     0.00
0     29     0.00
0     30     0.00
0     31     0.00
0     32     0.00
0     33     0.00
0     34     0.00
0     35     0.00
0     36     0.00
0     37     0.00
0     38     0.00
0     39     0.00
0     40     0.00
0     41     0.00
0     42     0.00
0     43     0.00
0     44     0.00
0     45     0.00
0     46     0.00
0     47     0.00
0     48     0.00
0     49     0.00
0     50     0.00
0     51     0.00
0     52     0.00
0     53     0.00
0     54     0.00
0     55     0.00
0     56     0.00
0     57     0.00
0     58     0.00
0     59     0.00
1     0     0.00
1     1     0.00
1     2     0.00
1     3     0.00
1     4     0.00
1     5     0.00
1     6     0.00
1     7     0.00
1     8     0.00
1     9     0.00
1     10     0.00
1     11     0.00
1     12     0.00
1     13     0.00
1     14     0.00
1     15     0.00
1     16     0.00
1     17     0.01
1     18     0.00
1     19     0.00
1     20     0.01
1     21     0.00
1     22     0.00
1     23     0.00
1     24     0.00
1     25     0.00
1     26     0.01
1     27     0.01
1     28     0.00
1     29     0.00
1     30     0.01
1     31     0.00
1     32     0.00
1     33     0.01
1     34     0.00
1     35     0.02
1     36     0.00
1     37     0.02
1     38     0.01
1     39     0.00
1     40     0.01
1     41     0.00
1     42     0.00
1     43     0.01
1     44     0.01
1     45     0.00
1     46     0.01
1     47     0.01
1     48     0.00
1     49     0.01
1     50     0.01
1     51     0.00
1     52     0.00
1     53     0.00
1     54     0.00
1     55     0.00
1     56     0.00
1     57     0.00
1     58     0.00
1     59     0.00
2     0     0.00
2     1     0.00
2     2     0.00
2     3     0.00
2     4     0.00
2     5     0.00
2     6     0.00
2     7     0.00
2     8     0.00
2     9     0.01
2     10     0.00
2     11     0.02
2     12     0.00
2     13     0.03
2     14     0.01
2     15     0.04
2     16     0.02
2     17     0.10
2     18     0.06
2     19     0.00
2     20     0.09
2     21     0.09
2     22     0.00
2     23     0.09
2     24     0.10
2     25     0.00
2     26     0.12
2     27     0.18
2     28     0.00
2     29     0.07
2     30     0.23
2     31     0.01
2     32     0.02
2     33     0.22
2     34     0.02
2     35     0.28
2     36     0.05
2     37     0.37
2     38     0.10
2     39     0.00
2     40     0.21
2     41     0.07
2     42     0.00
2     43     0.17
2     44     0.11
2     45     0.00
2     46     0.21
2     47     0.18
2     48     0.00
2     49     0.15
2     50     0.15
2     51     0.00
2     52     0.02
2     53     0.05
2     54     0.00
2     55     0.05
2     56     0.01
2     57     0.05
2     58     0.01
2     59     0.00
3     0     0.00
3     1     0.00
3     2     0.00
3     3     0.00
3     4     0.00
3     5     0.01
3     6     0.00
3     7     0.02
3     8     0.00
3     9     0.04
3     10     0.00
3     11     0.11
3     12     0.02
3     13     0.19
3     14     0.06
3     15     0.24
3     16     0.12
3     17     0.56
3     18     0.35
3     19     0.00
3     20     0.53
3     21     0.53
3     22     0.00
3     23     0.52
3     24     0.55
3     25     0.00
3     26     0.70
3     27     1.08
3     28     0.02
3     29     0.40
3     30     1.39
3     31     0.06
3     32     0.11
3     33     1.22
3     34     0.12
3     35     1.61
3     36     0.26
3     37     2.17
3     38     0.56
3     39     0.00
3     40     1.24
3     41     0.43
3     42     0.00
3     43     1.02
3     44     0.63
3     45     0.00
3     46     1.27
3     47     1.02
3     48     0.01
3     49     0.89
3     50     0.85
3     51     0.01
3     52     0.14
3     53     0.30
3     54     0.01
3     55     0.32
3     56     0.03
3     57     0.30
3     58     0.05
3     59     0.00
4     0     0.00
4     1     0.00
4     2     0.00
4     3     0.00
4     4     0.00
4     5     0.00
4     6     0.00
4     7     0.00
4     8     0.00
4     9     0.00
4     10     0.00
4     11     0.00
4     12     0.00
4     13     0.00
4     14     0.00
4     15     0.00
4     16     0.00
4     17     0.00
4     18     0.00
4     19     0.00
4     20     0.00
4     21     0.00
4     22     0.00
4     23     0.00
4     24     0.00
4     25     0.00
4     26     0.00
4     27     0.00
4     28     0.00
4     29     0.00
4     30     0.00
4     31     0.00
4     32     0.00
4     33     0.00
4     34     0.00
4     35     0.00
4     36     0.00
4     37     0.00
4     38     0.00
4     39     0.00
4     40     0.00
4     41     0.00
4     42     0.00
4     43     0.00
4     44     0.00
4     45     0.00
4     46     0.00
4     47     0.00
4     48     0.00
4     49     0.00
4     50     0.00
4     51     0.00
4     52     0.00
4     53     0.00
4     54     0.00
4     55     0.00
4     56     0.00
4     57     0.00
4     58     0.00
4     59     0.00
5     0     0.00
5     1     0.00
5     2     0.00
5     3     0.01
5     4     0.00
5     5     0.03
5     6     0.00
5     7     0.08
5     8     0.00
5     9     0.19
5     10     0.02
5     11     0.46
5     12     0.11
5     13     0.83
5     14     0.26
5     15     1.06
5     16     0.56
5     17     2.53
5     18     1.62
5     19     0.00
5     20     2.44
5     21     2.36
5     22     0.00
5     23     2.39
5     24     2.43
5     25     0.02
5     26     3.26
5     27     5.12
5     28     0.09
5     29     1.81
5     30     6.70
5     31     0.27
5     32     0.50
5     33     5.68
5     34     0.55
5     35     7.34
5     36     1.22
5     37     10.07
5     38     2.53
5     39     0.00
5     40     5.71
5     41     1.98
5     42     0.00
5     43     4.86
5     44     2.98
5     45     0.01
5     46     6.02
5     47     4.59
5     48     0.03
5     49     4.25
5     50     3.87
5     51     0.04
5     52     0.67
5     53     1.40
5     54     0.06
5     55     1.50
5     56     0.16
5     57     1.41
5     58     0.24
5     59     0.00
6     0     0.00
6     1     0.00
6     2     0.00
6     3     0.00
6     4     0.00
6     5     0.00
6     6     0.00
6     7     0.00
6     8     0.00
6     9     0.00
6     10     0.00
6     11     0.00
6     12     0.00
6     13     0.01
6     14     0.00
6     15     0.01
6     16     0.00
6     17     0.02
6     18     0.01
6     19     0.00
6     20     0.02
6     21     0.02
6     22     0.00
6     23     0.02
6     24     0.02
6     25     0.00
6     26     0.02
6     27     0.04
6     28     0.00
6     29     0.01
6     30     0.05
6     31     0.00
6     32     0.00
6     33     0.04
6     34     0.00
6     35     0.05
6     36     0.01
6     37     0.07
6     38     0.02
6     39     0.00
6     40     0.04
6     41     0.01
6     42     0.00
6     43     0.04
6     44     0.02
6     45     0.00
6     46     0.05
6     47     0.03
6     48     0.00
6     49     0.03
6     50     0.03
6     51     0.00
6     52     0.01
6     53     0.01
6     54     0.00
6     55     0.01
6     56     0.00
6     57     0.01
6     58     0.00
6     59     0.00
7     0     0.00
7     1     0.00
7     2     0.00
7     3     0.02
7     4     0.00
7     5     0.08
7     6     0.00
7     7     0.24
7     8     0.01
7     9     0.53
7     10     0.06
7     11     1.23
7     12     0.30
7     13     2.37
7     14     0.69
7     15     2.72
7     16     1.50
7     17     6.75
7     18     4.32
7     19     0.00
7     20     6.23
7     21     6.17
7     22     0.00
7     23     7.11
7     24     7.09
7     25     0.05
7     26     9.01
7     27     13.48
7     28     0.24
7     29     4.59
7     30     19.13
7     31     0.77
7     32     1.12
7     33     17.52
7     34     1.60
7     35     20.65
7     36     3.69
7     37     27.11
7     38     7.13
7     39     0.00
7     40     14.47
7     41     5.41
7     42     0.00
7     43     13.19
7     44     8.50
7     45     0.01
7     46     17.09
7     47     14.18
7     48     0.08
7     49     11.63
7     50     11.48
7     51     0.12
7     52     1.66
7     53     4.28
7     54     0.17
7     55     4.12
7     56     0.48
7     57     4.39
7     58     0.75
7     59     0.00
8     0     0.00
8     1     0.00
8     2     0.00
8     3     0.00
8     4     0.00
8     5     0.00
8     6     0.00
8     7     0.01
8     8     0.00
8     9     0.02
8     10     0.00
8     11     0.06
8     12     0.01
8     13     0.11
8     14     0.03
8     15     0.14
8     16     0.07
8     17     0.33
8     18     0.21
8     19     0.00
8     20     0.32
8     21     0.31
8     22     0.00
8     23     0.32
8     24     0.32
8     25     0.00
8     26     0.43
8     27     0.67
8     28     0.01
8     29     0.24
8     30     0.89
8     31     0.04
8     32     0.07
8     33     0.76
8     34     0.07
8     35     0.97
8     36     0.16
8     37     1.33
8     38     0.34
8     39     0.00
8     40     0.75
8     41     0.26
8     42     0.00
8     43     0.64
8     44     0.40
8     45     0.00
8     46     0.80
8     47     0.61
8     48     0.00
8     49     0.56
8     50     0.51
8     51     0.01
8     52     0.09
8     53     0.19
8     54     0.01
8     55     0.20
8     56     0.02
8     57     0.19
8     58     0.03
8     59     0.00
9     0     0.00
9     1     0.00
9     2     0.01
9     3     0.04
9     4     0.00
9     5     0.19
9     6     0.00
9     7     0.53
9     8     0.02
9     9     1.17
9     10     0.14
9     11     2.82
9     12     0.67
9     13     5.32
9     14     1.55
9     15     6.24
9     16     3.37
9     17     15.29
9     18     9.69
9     19     0.00
9     20     14.09
9     21     14.07
9     22     0.01
9     23     15.69
9     24     15.88
9     25     0.10
9     26     20.04
9     27     29.99
9     28     0.53
9     29     10.46
9     30     41.71
9     31     1.70
9     32     2.64
9     33     38.20
9     34     3.52
9     35     46.02
9     36     8.06
9     37     60.44
9     38     15.93
9     39     0.00
9     40     32.67
9     41     12.05
9     42     0.00
9     43     29.09
9     44     18.68
9     45     0.03
9     46     37.51
9     47     31.27
9     48     0.17
9     49     25.57
9     50     25.44
9     51     0.26
9     52     3.69
9     53     9.33
9     54     0.36
9     55     9.12
9     56     1.04
9     57     9.59
9     58     1.63
9     59     0.00
10     0     0.00
10     1     0.00
10     2     0.00
10     3     0.00
10     4     0.00
10     5     0.02
10     6     0.00
10     7     0.06
10     8     0.00
10     9     0.14
10     10     0.02
10     11     0.34
10     12     0.08
10     13     0.63
10     14     0.19
10     15     0.76
10     16     0.41
10     17     1.85
10     18     1.19
10     19     0.00
10     20     1.74
10     21     1.70
10     22     0.00
10     23     1.89
10     24     1.89
10     25     0.01
10     26     2.46
10     27     3.75
10     28     0.07
10     29     1.28
10     30     5.19
10     31     0.21
10     32     0.32
10     33     4.63
10     34     0.43
10     35     5.59
10     36     0.98
10     37     7.46
10     38     1.93
10     39     0.00
10     40     4.06
10     41     1.48
10     42     0.00
10     43     3.63
10     44     2.30
10     45     0.00
10     46     4.64
10     47     3.72
10     48     0.02
10     49     3.20
10     50     3.05
10     51     0.03
10     52     0.47
10     53     1.13
10     54     0.04
10     55     1.13
10     56     0.13
10     57     1.15
10     58     0.20
10     59     0.00
11     0     0.00
11     1     0.00
11     2     0.02
11     3     0.11
11     4     0.00
11     5     0.46
11     6     0.00
11     7     1.23
11     8     0.06
11     9     2.82
11     10     0.34
11     11     7.96
11     12     1.73
11     13     14.55
11     14     3.95
11     15     17.28
11     16     8.53
11     17     40.87
11     18     24.26
11     19     0.00
11     20     35.24
11     21     38.28
11     22     0.01
11     23     39.39
11     24     43.12
11     25     0.23
11     26     49.02
11     27     68.88
11     28     1.24
11     29     27.42
11     30     90.78
11     31     3.98
11     32     7.47
11     33     91.51
11     34     8.42
11     35     116.50
11     36     19.09
11     37     145.37
11     38     40.89
11     39     0.00
11     40     79.92
11     41     29.34
11     42     0.00
11     43     64.93
11     44     43.21
11     45     0.08
11     46     85.61
11     47     81.13
11     48     0.36
11     49     56.31
11     50     65.50
11     51     0.60
11     52     7.64
11     53     22.09
11     54     0.78
11     55     21.50
11     56     2.38
11     57     23.44
11     58     3.83
11     59     0.00
12     0     0.00
12     1     0.00
12     2     0.00
12     3     0.02
12     4     0.00
12     5     0.11
12     6     0.00
12     7     0.30
12     8     0.01
12     9     0.67
12     10     0.08
12     11     1.73
12     12     0.41
12     13     3.15
12     14     0.93
12     15     3.87
12     16     2.01
12     17     9.24
12     18     5.78
12     19     0.00
12     20     8.54
12     21     8.61
12     22     0.00
12     23     8.97
12     24     9.32
12     25     0.06
12     26     11.71
12     27     17.62
12     28     0.31
12     29     6.42
12     30     23.45
12     31     0.97
12     32     1.73
12     33     21.31
12     34     2.01
12     35     26.92
12     36     4.51
12     37     35.53
12     38     9.34
12     39     0.00
12     40     19.75
12     41     7.06
12     42     0.00
12     43     16.77
12     44     10.65
12     45     0.02
12     46     21.35
12     47     17.77
12     48     0.10
12     49     14.65
12     50     14.64
12     51     0.15
12     52     2.18
12     53     5.20
12     54     0.20
12     55     5.29
12     56     0.58
12     57     5.35
12     58     0.90
12     59     0.00
13     0     0.00
13     1     0.00
13     2     0.03
13     3     0.19
13     4     0.00
13     5     0.83
13     6     0.01
13     7     2.37
13     8     0.11
13     9     5.32
13     10     0.63
13     11     14.55
13     12     3.15
13     13     27.37
13     14     7.21
13     15     31.07
13     16     15.66
13     17     74.92
13     18     44.45
13     19     0.00
13     20     63.35
13     21     69.51
13     22     0.02
13     23     75.70
13     24     81.87
13     25     0.43
13     26     91.51
13     27     125.87
13     28     2.35
13     29     49.15
13     30     173.23
13     31     7.53
13     32     12.64
13     33     179.22
13     34     16.06
13     35     218.69
13     36     37.14
13     37     268.27
13     38     76.75
13     39     0.00
13     40     143.18
13     41     54.53
13     42     0.01
13     43     120.71
13     44     82.05
13     45     0.15
13     46     162.40
13     47     157.83
13     48     0.67
13     49     105.12
13     50     125.57
13     51     1.17
13     52     13.45
13     53     43.18
13     54     1.51
13     55     40.14
13     56     4.58
13     57     46.01
13     58     7.61
13     59     0.00
14     0     0.00
14     1     0.00
14     2     0.01
14     3     0.06
14     4     0.00
14     5     0.26
14     6     0.00
14     7     0.69
14     8     0.03
14     9     1.55
14     10     0.19
14     11     3.95
14     12     0.93
14     13     7.21
14     14     2.14
14     15     8.85
14     16     4.62
14     17     21.17
14     18     13.29
14     19     0.00
14     20     19.65
14     21     19.71
14     22     0.01
14     23     20.58
14     24     21.29
14     25     0.14
14     26     26.94
14     27     40.70
14     28     0.70
14     29     14.74
14     30     54.24
14     31     2.25
14     32     3.96
14     33     48.98
14     34     4.62
14     35     61.82
14     36     10.39
14     37     81.88
14     38     21.44
14     39     0.00
14     40     45.52
14     41     16.25
14     42     0.00
14     43     38.78
14     44     24.56
14     45     0.04
14     46     49.28
14     47     40.67
14     48     0.23
14     49     33.90
14     50     33.56
14     51     0.34
14     52     5.07
14     53     11.97
14     54     0.46
14     55     12.20
14     56     1.35
14     57     12.29
14     58     2.06
14     59     0.00
15     0     0.00
15     1     0.00
15     2     0.04
15     3     0.24
15     4     0.00
15     5     1.06
15     6     0.01
15     7     2.72
15     8     0.14
15     9     6.24
15     10     0.76
15     11     17.28
15     12     3.87
15     13     31.07
15     14     8.85
15     15     38.26
15     16     19.04
15     17     89.89
15     18     54.42
15     19     0.00
15     20     80.34
15     21     84.45
15     22     0.03
15     23     84.65
15     24     91.51
15     25     0.53
15     26     108.98
15     27     159.02
15     28     2.78
15     29     61.80
15     30     205.72
15     31     8.86
15     32     17.24
15     33     196.18
15     34     18.47
15     35     255.07
15     36     41.34
15     37     328.11
15     38     89.16
15     39     0.00
15     40     183.87
15     41     65.57
15     42     0.01
15     43     149.19
15     44     96.38
15     45     0.18
15     46     191.92
15     47     170.64
15     48     0.84
15     49     129.49
15     50     139.99
15     51     1.33
15     52     18.77
15     53     47.63
15     54     1.75
15     55     48.38
15     56     5.25
15     57     49.83
15     58     8.15
15     59     0.00
16     0     0.00
16     1     0.00
16     2     0.02
16     3     0.12
16     4     0.00
16     5     0.56
16     6     0.00
16     7     1.50
16     8     0.07
16     9     3.37
16     10     0.41
16     11     8.53
16     12     2.01
16     13     15.66
16     14     4.62
16     15     19.04
16     16     9.98
16     17     45.74
16     18     28.70
16     19     0.00
16     20     42.26
16     21     42.50
16     22     0.02
16     23     44.91
16     24     46.37
16     25     0.30
16     26     58.38
16     27     87.80
16     28     1.53
16     29     31.68
16     30     117.95
16     31     4.88
16     32     8.42
16     33     107.27
16     34     10.06
16     35     134.18
16     36     22.71
16     37     177.00
16     38     46.54
16     39     0.00
16     40     97.82
16     41     35.18
16     42     0.00
16     43     83.92
16     44     53.39
16     45     0.09
16     46     107.10
16     47     89.06
16     48     0.49
16     49     73.42
16     50     73.21
16     51     0.74
16     52     10.87
16     53     26.20
16     54     1.01
16     55     26.44
16     56     2.94
16     57     26.94
16     58     4.52
16     59     0.00
17     0     0.00
17     1     0.01
17     2     0.10
17     3     0.56
17     4     0.00
17     5     2.53
17     6     0.02
17     7     6.75
17     8     0.33
17     9     15.29
17     10     1.85
17     11     40.87
17     12     9.24
17     13     74.92
17     14     21.17
17     15     89.89
17     16     45.74
17     17     214.32
17     18     130.78
17     19     0.00
17     20     191.21
17     21     199.90
17     22     0.07
17     23     208.75
17     24     222.01
17     25     1.30
17     26     265.29
17     27     385.86
17     28     6.85
17     29     145.99
17     30     514.26
17     31     21.87
17     32     39.23
17     33     491.98
17     34     45.65
17     35     620.11
17     36     103.38
17     37     795.45
17     38     216.37
17     39     0.00
17     40     438.15
17     41     159.31
17     42     0.02
17     43     366.55
17     44     238.43
17     45     0.43
17     46     475.37
17     47     422.20
17     48     2.08
17     49     319.40
17     50     343.71
17     51     3.33
17     52     45.36
17     53     119.47
17     54     4.40
17     55     118.29
17     56     13.12
17     57     124.81
17     58     20.67
17     59     0.00
18     0     0.00
18     1     0.00
18     2     0.06
18     3     0.35
18     4     0.00
18     5     1.62
18     6     0.01
18     7     4.32
18     8     0.21
18     9     9.69
18     10     1.19
18     11     24.26
18     12     5.78
18     13     44.45
18     14     13.29
18     15     54.42
18     16     28.70
18     17     130.78
18     18     82.69
18     19     0.00
18     20     122.14
18     21     121.46
18     22     0.04
18     23     128.30
18     24     131.48
18     25     0.87
18     26     168.14
18     27     255.43
18     28     4.42
18     29     91.13
18     30     342.97
18     31     14.11
18     32     24.25
18     33     307.21
18     34     28.93
18     35     384.56
18     36     65.19
18     37     511.65
18     38     133.16
18     39     0.00
18     40     283.53
18     41     101.43
18     42     0.01
18     43     244.26
18     44     154.33
18     45     0.27
18     46     310.07
18     47     252.79
18     48     1.43
18     49     213.87
18     50     208.60
18     51     2.14
18     52     32.09
18     53     75.15
18     54     2.92
18     55     76.46
18     56     8.48
18     57     76.94
18     58     12.96
18     59     0.00
19     0     0.00
19     1     0.00
19     2     0.00
19     3     0.00
19     4     0.00
19     5     0.00
19     6     0.00
19     7     0.00
19     8     0.00
19     9     0.00
19     10     0.00
19     11     0.00
19     12     0.00
19     13     0.00
19     14     0.00
19     15     0.00
19     16     0.00
19     17     0.00
19     18     0.00
19     19     0.00
19     20     0.00
19     21     0.00
19     22     0.00
19     23     0.00
19     24     0.00
19     25     0.00
19     26     0.00
19     27     0.00
19     28     0.00
19     29     0.00
19     30     0.00
19     31     0.00
19     32     0.00
19     33     0.00
19     34     0.00
19     35     0.00
19     36     0.00
19     37     0.00
19     38     0.00
19     39     0.00
19     40     0.00
19     41     0.00
19     42     0.00
19     43     0.00
19     44     0.00
19     45     0.00
19     46     0.00
19     47     0.00
19     48     0.00
19     49     0.00
19     50     0.00
19     51     0.00
19     52     0.00
19     53     0.00
19     54     0.00
19     55     0.00
19     56     0.00
19     57     0.00
19     58     0.00
19     59     0.00
20     0     0.00
20     1     0.01
20     2     0.09
20     3     0.53
20     4     0.00
20     5     2.44
20     6     0.02
20     7     6.23
20     8     0.32
20     9     14.09
20     10     1.74
20     11     35.24
20     12     8.54
20     13     63.35
20     14     19.65
20     15     80.34
20     16     42.26
20     17     191.21
20     18     122.14
20     19     0.00
20     20     182.84
20     21     178.42
20     22     0.06
20     23     182.49
20     24     186.14
20     25     1.30
20     26     245.84
20     27     382.42
20     28     6.46
20     29     135.85
20     30     502.92
20     31     20.57
20     32     37.24
20     33     434.09
20     34     41.75
20     35     556.78
20     36     92.83
20     37     756.27
20     38     192.36
20     39     0.00
20     40     426.52
20     41     148.88
20     42     0.02
20     43     363.11
20     44     224.90
20     45     0.39
20     46     453.11
20     47     353.29
20     48     2.14
20     49     317.65
20     50     295.88
20     51     3.09
20     52     49.64
20     53     106.62
20     54     4.25
20     55     112.45
20     56     12.24
20     57     108.05
20     58     18.16
20     59     0.00
21     0     0.00
21     1     0.00
21     2     0.09
21     3     0.53
21     4     0.00
21     5     2.36
21     6     0.02
21     7     6.17
21     8     0.31
21     9     14.07
21     10     1.70
21     11     38.28
21     12     8.61
21     13     69.51
21     14     19.71
21     15     84.45
21     16     42.50
21     17     199.90
21     18     121.46
21     19     0.00
21     20     178.42
21     21     187.12
21     22     0.06
21     23     191.52
21     24     205.38
21     25     1.19
21     26     244.84
21     27     356.52
21     28     6.29
21     29     136.76
21     30     468.31
21     31     20.04
21     32     37.45
21     33     447.65
21     34     41.83
21     35     572.80
21     36     94.18
21     37     735.50
21     38     200.06
21     39     0.00
21     40     408.54
21     41     147.16
21     42     0.02
21     43     336.60
21     44     218.29
21     45     0.40
21     46     434.93
21     47     386.82
21     48     1.91
21     49     292.73
21     50     316.04
21     51     3.03
21     52     41.96
21     53     108.69
21     54     4.00
21     55     108.92
21     56     11.95
21     57     113.64
21     58     18.70
21     59     0.00
22     0     0.00
22     1     0.00
22     2     0.00
22     3     0.00
22     4     0.00
22     5     0.00
22     6     0.00
22     7     0.00
22     8     0.00
22     9     0.01
22     10     0.00
22     11     0.01
22     12     0.00
22     13     0.02
22     14     0.01
22     15     0.03
22     16     0.02
22     17     0.07
22     18     0.04
22     19     0.00
22     20     0.06
22     21     0.06
22     22     0.00
22     23     0.07
22     24     0.07
22     25     0.00
22     26     0.09
22     27     0.14
22     28     0.00
22     29     0.05
22     30     0.18
22     31     0.01
22     32     0.01
22     33     0.16
22     34     0.01
22     35     0.20
22     36     0.03
22     37     0.27
22     38     0.07
22     39     0.00
22     40     0.15
22     41     0.05
22     42     0.00
22     43     0.13
22     44     0.08
22     45     0.00
22     46     0.16
22     47     0.13
22     48     0.00
22     49     0.11
22     50     0.11
22     51     0.00
22     52     0.02
22     53     0.04
22     54     0.00
22     55     0.04
22     56     0.00
22     57     0.04
22     58     0.01
22     59     0.00
23     0     0.00
23     1     0.00
23     2     0.09
23     3     0.52
23     4     0.00
23     5     2.39
23     6     0.02
23     7     7.11
23     8     0.32
23     9     15.69
23     10     1.89
23     11     39.39
23     12     8.97
23     13     75.70
23     14     20.58
23     15     84.65
23     16     44.91
23     17     208.75
23     18     128.30
23     19     0.00
23     20     182.49
23     21     191.52
23     22     0.07
23     23     219.35
23     24     227.51
23     25     1.33
23     26     268.04
23     27     381.07
23     28     7.06
23     29     137.90
23     30     541.81
23     31     22.66
23     32     33.60
23     33     533.22
23     34     47.71
23     35     629.20
23     36     111.04
23     37     791.95
23     38     219.17
23     39     0.00
23     40     417.45
23     41     159.99
23     42     0.02
23     43     371.77
23     44     248.05
23     45     0.44
23     46     494.62
23     47     450.43
23     48     2.11
23     49     326.28
23     50     359.09
23     51     3.55
23     52     43.24
23     53     129.19
23     54     4.72
23     55     119.95
23     56     13.95
23     57     135.47
23     58     22.91
23     59     0.00
24     0     0.00
24     1     0.00
24     2     0.10
24     3     0.55
24     4     0.00
24     5     2.43
24     6     0.02
24     7     7.09
24     8     0.32
24     9     15.88
24     10     1.89
24     11     43.12
24     12     9.32
24     13     81.87
24     14     21.29
24     15     91.51
24     16     46.37
24     17     222.01
24     18     131.48
24     19     0.00
24     20     186.14
24     21     205.38
24     22     0.07
24     23     227.51
24     24     245.50
24     25     1.27
24     26     272.26
24     27     371.17
24     28     7.00
24     29     144.46
24     30     517.56
24     31     22.48
24     32     36.46
24     33     541.23
24     34     48.12
24     35     652.36
24     36     111.89
24     37     794.67
24     38     229.00
24     39     0.00
24     40     419.99
24     41     161.97
24     42     0.02
24     43     357.74
24     44     245.11
24     45     0.45
24     46     484.88
24     47     476.52
24     48     1.97
24     49     311.88
24     50     377.29
24     51     3.50
24     52     39.01
24     53     130.29
24     54     4.52
24     55     119.30
24     56     13.75
24     57     139.09
24     58     23.06
24     59     0.00
25     0     0.00
25     1     0.00
25     2     0.00
25     3     0.00
25     4     0.00
25     5     0.02
25     6     0.00
25     7     0.05
25     8     0.00
25     9     0.10
25     10     0.01
25     11     0.23
25     12     0.06
25     13     0.43
25     14     0.14
25     15     0.53
25     16     0.30
25     17     1.30
25     18     0.87
25     19     0.00
25     20     1.30
25     21     1.19
25     22     0.00
25     23     1.33
25     24     1.27
25     25     0.01
25     26     1.80
25     27     2.89
25     28     0.05
25     29     0.93
25     30     4.01
25     31     0.16
25     32     0.23
25     33     3.31
25     34     0.31
25     35     3.99
25     36     0.71
25     37     5.58
25     38     1.37
25     39     0.00
25     40     3.07
25     41     1.09
25     42     0.00
25     43     2.81
25     44     1.73
25     45     0.00
25     46     3.50
25     47     2.54
25     48     0.02
25     49     2.49
25     50     2.12
25     51     0.02
25     52     0.39
25     53     0.82
25     54     0.03
25     55     0.84
25     56     0.10
25     57     0.81
25     58     0.14
25     59     0.00
26     0     0.00
26     1     0.01
26     2     0.12
26     3     0.70
26     4     0.00
26     5     3.26
26     6     0.02
26     7     9.01
26     8     0.43
26     9     20.04
26     10     2.46
26     11     49.02
26     12     11.71
26     13     91.51
26     14     26.94
26     15     108.98
26     16     58.38
26     17     265.29
26     18     168.14
26     19     0.00
26     20     245.84
26     21     244.84
26     22     0.09
26     23     268.04
26     24     272.26
26     25     1.80
26     26     345.65
26     27     520.33
26     28     9.16
26     29     182.73
26     30     715.11
26     31     29.27
26     32     46.94
26     33     649.35
26     34     60.25
26     35     792.23
26     36     137.24
26     37     1045.78
26     38     274.19
26     39     0.00
26     40     570.31
26     41     208.01
26     42     0.03
26     43     502.30
26     44     320.61
26     45     0.56
26     46     644.01
26     47     531.95
26     48     2.93
26     49     440.90
26     50     434.99
26     51     4.50
26     52     64.57
26     53     158.66
26     54     6.13
26     55     157.33
26     56     17.76
26     57     162.82
26     58     27.63
26     59     0.00
27     0     0.00
27     1     0.01
27     2     0.18
27     3     1.08
27     4     0.00
27     5     5.12
27     6     0.04
27     7     13.48
27     8     0.67
27     9     29.99
27     10     3.75
27     11     68.88
27     12     17.62
27     13     125.87
27     14     40.70
27     15     159.02
27     16     87.80
27     17     385.86
27     18     255.43
27     19     0.00
27     20     382.42
27     21     356.52
27     22     0.14
27     23     381.07
27     24     371.17
27     25     2.89
27     26     520.33
27     27     832.94
27     28     14.00
27     29     277.33
27     30     1125.39
27     31     44.59
27     32     73.12
27     33     930.50
27     34     89.42
27     35     1157.39
27     36     200.00
27     37     1613.17
27     38     396.77
27     39     0.00
27     40     901.67
27     41     315.71
27     42     0.04
27     43     801.80
27     44     489.50
27     45     0.83
27     46     992.38
27     47     723.73
27     48     4.83
27     49     705.67
27     50     609.17
27     51     6.76
27     52     112.38
27     53     229.83
27     54     9.53
27     55     242.33
27     56     26.81
27     57     229.12
27     58     39.40
27     59     0.00
28     0     0.00
28     1     0.00
28     2     0.00
28     3     0.02
28     4     0.00
28     5     0.09
28     6     0.00
28     7     0.24
28     8     0.01
28     9     0.53
28     10     0.07
28     11     1.24
28     12     0.31
28     13     2.35
28     14     0.70
28     15     2.78
28     16     1.53
28     17     6.85
28     18     4.42
28     19     0.00
28     20     6.46
28     21     6.29
28     22     0.00
28     23     7.06
28     24     7.00
28     25     0.05
28     26     9.16
28     27     14.00
28     28     0.25
28     29     4.74
28     30     19.52
28     31     0.79
28     32     1.19
28     33     17.32
28     34     1.61
28     35     20.79
28     36     3.67
28     37     27.81
28     38     7.17
28     39     0.00
28     40     15.09
28     41     5.52
28     42     0.00
28     43     13.61
28     44     8.62
28     45     0.01
28     46     17.37
28     47     13.88
28     48     0.08
28     49     11.99
28     50     11.37
28     51     0.12
28     52     1.78
28     53     4.24
28     54     0.17
28     55     4.21
28     56     0.48
28     57     4.32
28     58     0.74
28     59     0.00
29     0     0.00
29     1     0.00
29     2     0.07
29     3     0.40
29     4     0.00
29     5     1.81
29     6     0.01
29     7     4.59
29     8     0.24
29     9     10.46
29     10     1.28
29     11     27.42
29     12     6.42
29     13     49.15
29     14     14.74
29     15     61.80
29     16     31.68
29     17     145.99
29     18     91.13
29     19     0.00
29     20     135.85
29     21     136.76
29     22     0.05
29     23     137.90
29     24     144.46
29     25     0.93
29     26     182.73
29     27     277.33
29     28     4.74
29     29     102.46
29     30     360.98
29     31     15.09
29     32     28.43
29     33     323.77
29     34     30.94
29     35     419.45
29     36     68.86
29     37     557.66
29     38     145.65
29     39     0.00
29     40     314.46
29     41     110.40
29     42     0.01
29     43     261.68
29     44     164.57
29     45     0.29
29     46     330.01
29     47     271.34
29     48     1.52
29     49     228.12
29     50     225.55
29     51     2.26
29     52     34.76
29     53     79.16
29     54     3.05
29     55     82.55
29     56     8.95
29     57     81.27
29     58     13.48
29     59     0.00
30     0     0.00
30     1     0.01
30     2     0.23
30     3     1.39
30     4     0.00
30     5     6.70
30     6     0.05
30     7     19.13
30     8     0.89
30     9     41.71
30     10     5.19
30     11     90.78
30     12     23.45
30     13     173.23
30     14     54.24
30     15     205.72
30     16     117.95
30     17     514.26
30     18     342.97
30     19     0.00
30     20     502.92
30     21     468.31
30     22     0.18
30     23     541.81
30     24     517.56
30     25     4.01
30     26     715.11
30     27     1125.39
30     28     19.52
30     29     360.98
30     30     1592.28
30     31     62.45
30     32     87.79
30     33     1355.43
30     34     126.25
30     35     1596.90
30     36     288.80
30     37     2191.71
30     38     546.78
30     39     0.00
30     40     1185.52
30     41     431.82
30     42     0.05
30     43     1104.06
30     44     687.60
30     45     1.14
30     46     1393.43
30     47     1046.12
30     48     6.64
30     49     976.52
30     50     862.85
30     51     9.67
30     52     148.74
30     53     333.82
30     54     13.65
30     55     333.84
30     56     38.30
30     57     334.81
30     58     58.43
30     59     0.00
31     0     0.00
31     1     0.00
31     2     0.01
31     3     0.06
31     4     0.00
31     5     0.27
31     6     0.00
31     7     0.77
31     8     0.04
31     9     1.70
31     10     0.21
31     11     3.98
31     12     0.97
31     13     7.53
31     14     2.25
31     15     8.86
31     16     4.88
31     17     21.87
31     18     14.11
31     19     0.00
31     20     20.57
31     21     20.04
31     22     0.01
31     23     22.66
31     24     22.48
31     25     0.16
31     26     29.27
31     27     44.59
31     28     0.79
31     29     15.09
31     30     62.45
31     31     2.51
31     32     3.75
31     33     55.72
31     34     5.15
31     35     66.55
31     36     11.79
31     37     88.76
31     38     22.95
31     39     0.00
31     40     47.97
31     41     17.62
31     42     0.00
31     43     43.44
31     44     27.59
31     45     0.05
31     46     55.60
31     47     44.68
31     48     0.26
31     49     38.27
31     50     36.51
31     51     0.39
31     52     5.63
31     53     13.65
31     54     0.54
31     55     13.44
31     56     1.54
31     57     13.91
31     58     2.39
31     59     0.00
32     0     0.00
32     1     0.00
32     2     0.02
32     3     0.11
32     4     0.00
32     5     0.50
32     6     0.00
32     7     1.12
32     8     0.07
32     9     2.64
32     10     0.32
32     11     7.47
32     12     1.73
32     13     12.64
32     14     3.96
32     15     17.24
32     16     8.42
32     17     39.23
32     18     24.25
32     19     0.00
32     20     37.24
32     21     37.45
32     22     0.01
32     23     33.60
32     24     36.46
32     25     0.23
32     26     46.94
32     27     73.12
32     28     1.19
32     29     28.43
32     30     87.79
32     31     3.75
32     32     8.63
32     33     75.29
32     34     7.60
32     35     107.22
32     36     16.25
32     37     145.80
32     38     37.31
32     39     0.00
32     40     86.28
32     41     28.57
32     42     0.00
32     43     66.86
32     44     40.70
32     45     0.08
32     46     81.61
32     47     64.56
32     48     0.39
32     49     57.77
32     50     55.40
32     51     0.54
32     52     9.48
32     53     18.48
32     54     0.72
32     55     21.11
32     56     2.15
32     57     18.84
32     58     3.02
32     59     0.00
33     0     0.00
33     1     0.01
33     2     0.22
33     3     1.22
33     4     0.00
33     5     5.68
33     6     0.04
33     7     17.52
33     8     0.76
33     9     38.20
33     10     4.63
33     11     91.51
33     12     21.31
33     13     179.22
33     14     48.98
33     15     196.18
33     16     107.27
33     17     491.98
33     18     307.21
33     19     0.00
33     20     434.09
33     21     447.65
33     22     0.16
33     23     533.22
33     24     541.23
33     25     3.31
33     26     649.35
33     27     930.50
33     28     17.32
33     29     323.77
33     30     1355.43
33     31     55.72
33     32     75.29
33     33     1316.91
33     34     116.97
33     35     1514.93
33     36     274.30
33     37     1918.69
33     38     525.98
33     39     0.00
33     40     997.37
33     41     387.39
33     42     0.04
33     43     918.37
33     44     611.60
33     45     1.06
33     46     1222.86
33     47     1091.60
33     48     5.26
33     49     809.33
33     50     867.49
33     51     8.80
33     52     107.11
33     53     319.61
33     54     11.84
33     55     293.00
33     56     34.62
33     57     333.36
33     58     57.06
33     59     0.00
34     0     0.00
34     1     0.00
34     2     0.02
34     3     0.12
34     4     0.00
34     5     0.55
34     6     0.00
34     7     1.60
34     8     0.07
34     9     3.52
34     10     0.43
34     11     8.42
34     12     2.01
34     13     16.06
34     14     4.62
34     15     18.47
34     16     10.06
34     17     45.65
34     18     28.93
34     19     0.00
34     20     41.75
34     21     41.83
34     22     0.01
34     23     47.71
34     24     48.12
34     25     0.31
34     26     60.25
34     27     89.42
34     28     1.61
34     29     30.94
34     30     126.25
34     31     5.15
34     32     7.60
34     33     116.97
34     34     10.66
34     35     138.68
34     36     24.59
34     37     180.85
34     38     48.00
34     39     0.00
34     40     96.68
34     41     36.15
34     42     0.00
34     43     87.26
34     44     56.48
34     45     0.10
34     46     113.37
34     47     95.66
34     48     0.51
34     49     76.79
34     50     77.35
34     51     0.80
34     52     10.87
34     53     28.53
34     54     1.09
34     55     27.41
34     56     3.16
34     57     29.40
34     58     5.02
34     59     0.00
35     0     0.00
35     1     0.02
35     2     0.28
35     3     1.61
35     4     0.00
35     5     7.34
35     6     0.05
35     7     20.65
35     8     0.97
35     9     46.02
35     10     5.59
35     11     116.50
35     12     26.92
35     13     218.69
35     14     61.82
35     15     255.07
35     16     134.18
35     17     620.11
35     18     384.56
35     19     0.00
35     20     556.78
35     21     572.80
35     22     0.20
35     23     629.20
35     24     652.36
35     25     3.99
35     26     792.23
35     27     1157.39
35     28     20.79
35     29     419.45
35     30     1596.90
35     31     66.55
35     32     107.22
35     33     1514.93
35     34     138.68
35     35     1841.68
35     36     317.91
35     37     2370.58
35     38     640.36
35     39     0.00
35     40     1280.86
35     41     475.08
35     42     0.06
35     43     1116.61
35     44     727.94
35     45     1.29
35     46     1455.38
35     47     1271.44
35     48     6.41
35     49     978.13
35     50     1028.50
35     51     10.27
35     52     137.20
35     53     368.37
35     54     13.76
35     55     356.36
35     56     40.47
35     57     382.95
35     58     64.48
35     59     0.00
36     0     0.00
36     1     0.00
36     2     0.05
36     3     0.26
36     4     0.00
36     5     1.22
36     6     0.01
36     7     3.69
36     8     0.16
36     9     8.06
36     10     0.98
36     11     19.09
36     12     4.51
36     13     37.14
36     14     10.39
36     15     41.34
36     16     22.71
36     17     103.38
36     18     65.19
36     19     0.00
36     20     92.83
36     21     94.18
36     22     0.03
36     23     111.04
36     24     111.89
36     25     0.71
36     26     137.24
36     27     200.00
36     28     3.67
36     29     68.86
36     30     288.80
36     31     11.79
36     32     16.25
36     33     274.30
36     34     24.59
36     35     317.91
36     36     57.36
36     37     408.27
36     38     110.15
36     39     0.00
36     40     214.23
36     41     82.06
36     42     0.01
36     43     196.87
36     44     129.46
36     45     0.22
36     46     259.42
36     47     225.20
36     48     1.14
36     49     173.53
36     50     180.15
36     51     1.85
36     52     23.66
36     53     66.73
36     54     2.51
36     55     62.25
36     56     7.30
36     57     69.18
36     58     11.86
36     59     0.00
37     0     0.00
37     1     0.02
37     2     0.37
37     3     2.17
37     4     0.00
37     5     10.07
37     6     0.07
37     7     27.11
37     8     1.33
37     9     60.44
37     10     7.46
37     11     145.37
37     12     35.53
37     13     268.27
37     14     81.88
37     15     328.11
37     16     177.00
37     17     795.45
37     18     511.65
37     19     0.00
37     20     756.27
37     21     735.50
37     22     0.27
37     23     791.95
37     24     794.67
37     25     5.58
37     26     1045.78
37     27     1613.17
37     28     27.81
37     29     557.66
37     30     2191.71
37     31     88.76
37     32     145.80
37     33     1918.69
37     34     180.85
37     35     2370.58
37     36     408.27
37     37     3196.13
37     38     817.82
37     39     0.00
37     40     1765.10
37     41     631.55
37     42     0.08
37     43     1552.36
37     44     972.64
37     45     1.68
37     46     1960.37
37     47     1545.78
37     48     9.17
37     49     1363.20
37     50     1279.13
37     51     13.54
37     52     207.21
37     53     470.70
37     54     18.68
37     55     479.85
37     56     53.55
37     57     477.96
37     58     81.33
37     59     0.00
38     0     0.00
38     1     0.01
38     2     0.10
38     3     0.56
38     4     0.00
38     5     2.53
38     6     0.02
38     7     7.13
38     8     0.34
38     9     15.93
38     10     1.93
38     11     40.89
38     12     9.34
38     13     76.75
38     14     21.44
38     15     89.16
38     16     46.54
38     17     216.37
38     18     133.16
38     19     0.00
38     20     192.36
38     21     200.06
38     22     0.07
38     23     219.17
38     24     229.00
38     25     1.37
38     26     274.19
38     27     396.77
38     28     7.17
38     29     145.65
38     30     546.78
38     31     22.95
38     32     37.31
38     33     525.98
38     34     48.00
38     35     640.36
38     36     110.15
38     37     817.82
38     38     223.02
38     39     0.00
38     40     441.23
38     41     164.26
38     42     0.02
38     43     382.29
38     44     250.83
38     45     0.45
38     46     500.66
38     47     445.24
38     48     2.18
38     49     334.54
38     50     359.20
38     51     3.54
38     52     46.31
38     53     127.70
38     54     4.72
38     55     122.82
38     56     13.95
38     57     133.31
38     58     22.37
38     59     0.00
39     0     0.00
39     1     0.00
39     2     0.00
39     3     0.00
39     4     0.00
39     5     0.00
39     6     0.00
39     7     0.00
39     8     0.00
39     9     0.00
39     10     0.00
39     11     0.00
39     12     0.00
39     13     0.00
39     14     0.00
39     15     0.00
39     16     0.00
39     17     0.00
39     18     0.00
39     19     0.00
39     20     0.00
39     21     0.00
39     22     0.00
39     23     0.00
39     24     0.00
39     25     0.00
39     26     0.00
39     27     0.00
39     28     0.00
39     29     0.00
39     30     0.00
39     31     0.00
39     32     0.00
39     33     0.00
39     34     0.00
39     35     0.00
39     36     0.00
39     37     0.00
39     38     0.00
39     39     0.00
39     40     0.00
39     41     0.00
39     42     0.00
39     43     0.00
39     44     0.00
39     45     0.00
39     46     0.00
39     47     0.00
39     48     0.00
39     49     0.00
39     50     0.00
39     51     0.00
39     52     0.00
39     53     0.00
39     54     0.00
39     55     0.00
39     56     0.00
39     57     0.00
39     58     0.00
39     59     0.00
40     0     0.00
40     1     0.01
40     2     0.21
40     3     1.24
40     4     0.00
40     5     5.71
40     6     0.04
40     7     14.47
40     8     0.75
40     9     32.67
40     10     4.06
40     11     79.92
40     12     19.75
40     13     143.18
40     14     45.52
40     15     183.87
40     16     97.82
40     17     438.15
40     18     283.53
40     19     0.00
40     20     426.52
40     21     408.54
40     22     0.15
40     23     417.45
40     24     419.99
40     25     3.07
40     26     570.31
40     27     901.67
40     28     15.09
40     29     314.46
40     30     1185.52
40     31     47.97
40     32     86.28
40     33     997.37
40     34     96.68
40     35     1280.86
40     36     214.23
40     37     1765.10
40     38     441.23
40     39     0.00
40     40     999.49
40     41     346.07
40     42     0.04
40     43     857.09
40     44     524.97
40     45     0.91
40     46     1060.55
40     47     798.59
40     48     5.10
40     49     750.79
40     50     673.62
40     51     7.19
40     52     119.61
40     53     245.72
40     54     9.99
40     55     262.69
40     56     28.52
40     57     246.96
40     58     41.72
40     59     0.00
41     0     0.00
41     1     0.00
41     2     0.07
41     3     0.43
41     4     0.00
41     5     1.98
41     6     0.01
41     7     5.41
41     8     0.26
41     9     12.05
41     10     1.48
41     11     29.34
41     12     7.06
41     13     54.53
41     14     16.25
41     15     65.57
41     16     35.18
41     17     159.31
41     18     101.43
41     19     0.00
41     20     148.88
41     21     147.16
41     22     0.05
41     23     159.99
41     24     161.97
41     25     1.09
41     26     208.01
41     27     315.71
41     28     5.52
41     29     110.40
41     30     431.82
41     31     17.62
41     32     28.57
41     33     387.39
41     34     36.15
41     35     475.08
41     36     82.06
41     37     631.55
41     38     164.26
41     39     0.00
41     40     346.07
41     41     125.34
41     42     0.02
41     43     304.32
41     44     193.01
41     45     0.34
41     46     388.12
41     47     315.79
41     48     1.78
41     49     267.13
41     50     259.29
41     51     2.70
41     52     39.64
41     53     94.78
41     54     3.69
41     55     94.92
41     56     10.67
41     57     96.93
41     58     16.46
41     59     0.00
42     0     0.00
42     1     0.00
42     2     0.00
42     3     0.00
42     4     0.00
42     5     0.00
42     6     0.00
42     7     0.00
42     8     0.00
42     9     0.00
42     10     0.00
42     11     0.00
42     12     0.00
42     13     0.01
42     14     0.00
42     15     0.01
42     16     0.00
42     17     0.02
42     18     0.01
42     19     0.00
42     20     0.02
42     21     0.02
42     22     0.00
42     23     0.02
42     24     0.02
42     25     0.00
42     26     0.03
42     27     0.04
42     28     0.00
42     29     0.01
42     30     0.05
42     31     0.00
42     32     0.00
42     33     0.04
42     34     0.00
42     35     0.06
42     36     0.01
42     37     0.08
42     38     0.02
42     39     0.00
42     40     0.04
42     41     0.02
42     42     0.00
42     43     0.04
42     44     0.02
42     45     0.00
42     46     0.05
42     47     0.04
42     48     0.00
42     49     0.03
42     50     0.03
42     51     0.00
42     52     0.00
42     53     0.01
42     54     0.00
42     55     0.01
42     56     0.00
42     57     0.01
42     58     0.00
42     59     0.00
43     0     0.00
43     1     0.01
43     2     0.17
43     3     1.02
43     4     0.00
43     5     4.86
43     6     0.04
43     7     13.19
43     8     0.64
43     9     29.09
43     10     3.63
43     11     64.93
43     12     16.77
43     13     120.71
43     14     38.78
43     15     149.19
43     16     83.92
43     17     366.55
43     18     244.26
43     19     0.00
43     20     363.11
43     21     336.60
43     22     0.13
43     23     371.77
43     24     357.74
43     25     2.81
43     26     502.30
43     27     801.80
43     28     13.61
43     29     261.68
43     30     1104.06
43     31     43.44
43     32     66.86
43     33     918.37
43     34     87.26
43     35     1116.61
43     36     196.87
43     37     1552.36
43     38     382.29
43     39     0.00
43     40     857.09
43     41     304.32
43     42     0.04
43     43     778.05
43     44     477.63
43     45     0.80
43     46     968.80
43     47     708.80
43     48     4.69
43     49     686.39
43     50     592.58
43     51     6.64
43     52     107.85
43     53     226.73
43     54     9.39
43     55     234.59
43     56     26.33
43     57     226.13
43     58     39.19
43     59     0.00
44     0     0.00
44     1     0.01
44     2     0.11
44     3     0.63
44     4     0.00
44     5     2.98
44     6     0.02
44     7     8.50
44     8     0.40
44     9     18.68
44     10     2.30
44     11     43.21
44     12     10.65
44     13     82.05
44     14     24.56
44     15     96.38
44     16     53.39
44     17     238.43
44     18     154.33
44     19     0.00
44     20     224.90
44     21     218.29
44     22     0.08
44     23     248.05
44     24     245.11
44     25     1.73
44     26     320.61
44     27     489.50
44     28     8.62
44     29     164.57
44     30     687.60
44     31     27.59
44     32     40.70
44     33     611.60
44     34     56.48
44     35     727.94
44     36     129.46
44     37     972.64
44     38     250.83
44     39     0.00
44     40     524.97
44     41     193.01
44     42     0.02
44     43     477.63
44     44     303.08
44     45     0.52
44     46     610.96
44     47     488.56
44     48     2.82
44     49     421.01
44     50     399.29
44     51     4.27
44     52     62.05
44     53     149.83
44     54     5.91
44     55     147.49
44     56     16.88
44     57     152.53
44     58     26.25
44     59     0.00
45     0     0.00
45     1     0.00
45     2     0.00
45     3     0.00
45     4     0.00
45     5     0.01
45     6     0.00
45     7     0.01
45     8     0.00
45     9     0.03
45     10     0.00
45     11     0.08
45     12     0.02
45     13     0.15
45     14     0.04
45     15     0.18
45     16     0.09
45     17     0.43
45     18     0.27
45     19     0.00
45     20     0.39
45     21     0.40
45     22     0.00
45     23     0.44
45     24     0.45
45     25     0.00
45     26     0.56
45     27     0.83
45     28     0.01
45     29     0.29
45     30     1.14
45     31     0.05
45     32     0.08
45     33     1.06
45     34     0.10
45     35     1.29
45     36     0.22
45     37     1.68
45     38     0.45
45     39     0.00
45     40     0.91
45     41     0.34
45     42     0.00
45     43     0.80
45     44     0.52
45     45     0.00
45     46     1.03
45     47     0.88
45     48     0.00
45     49     0.70
45     50     0.71
45     51     0.01
45     52     0.10
45     53     0.26
45     54     0.01
45     55     0.25
45     56     0.03
45     57     0.27
45     58     0.05
45     59     0.00
46     0     0.00
46     1     0.01
46     2     0.21
46     3     1.27
46     4     0.00
46     5     6.02
46     6     0.05
46     7     17.09
46     8     0.80
46     9     37.51
46     10     4.64
46     11     85.61
46     12     21.35
46     13     162.40
46     14     49.28
46     15     191.92
46     16     107.10
46     17     475.37
46     18     310.07
46     19     0.00
46     20     453.11
46     21     434.93
46     22     0.16
46     23     494.62
46     24     484.88
46     25     3.50
46     26     644.01
46     27     992.38
46     28     17.37
46     29     330.01
46     30     1393.43
46     31     55.60
46     32     81.61
46     33     1222.86
46     34     113.37
46     35     1455.38
46     36     259.42
46     37     1960.37
46     38     500.66
46     39     0.00
46     40     1060.55
46     41     388.12
46     42     0.05
46     43     968.80
46     44     610.96
46     45     1.03
46     46     1233.39
46     47     968.33
46     48     5.75
46     49     854.55
46     50     794.08
46     51     8.60
46     52     127.43
46     53     300.05
46     54     11.96
46     55     297.41
46     56     34.00
46     57     304.14
46     58     52.50
46     59     0.00
47     0     0.00
47     1     0.01
47     2     0.18
47     3     1.02
47     4     0.00
47     5     4.59
47     6     0.03
47     7     14.18
47     8     0.61
47     9     31.27
47     10     3.72
47     11     81.13
47     12     17.77
47     13     157.83
47     14     40.67
47     15     170.64
47     16     89.06
47     17     422.20
47     18     252.79
47     19     0.00
47     20     353.29
47     21     386.82
47     22     0.13
47     23     450.43
47     24     476.52
47     25     2.54
47     26     531.95
47     27     723.73
47     28     13.88
47     29     271.34
47     30     1046.12
47     31     44.68
47     32     64.56
47     33     1091.60
47     34     95.66
47     35     1271.44
47     36     225.20
47     37     1545.78
47     38     445.24
47     39     0.00
47     40     798.59
47     41     315.79
47     42     0.04
47     43     708.80
47     44     488.56
47     45     0.88
47     46     968.33
47     47     945.36
47     48     3.92
47     49     621.07
47     50     742.91
47     51     7.06
47     52     75.88
47     53     262.94
47     54     9.20
47     55     234.58
47     56     27.69
47     57     279.93
47     58     47.05
47     59     0.00
48     0     0.00
48     1     0.00
48     2     0.00
48     3     0.01
48     4     0.00
48     5     0.03
48     6     0.00
48     7     0.08
48     8     0.00
48     9     0.17
48     10     0.02
48     11     0.36
48     12     0.10
48     13     0.67
48     14     0.23
48     15     0.84
48     16     0.49
48     17     2.08
48     18     1.43
48     19     0.00
48     20     2.14
48     21     1.91
48     22     0.00
48     23     2.11
48     24     1.97
48     25     0.02
48     26     2.93
48     27     4.83
48     28     0.08
48     29     1.52
48     30     6.64
48     31     0.26
48     32     0.39
48     33     5.26
48     34     0.51
48     35     6.41
48     36     1.14
48     37     9.17
48     38     2.18
48     39     0.00
48     40     5.10
48     41     1.78
48     42     0.00
48     43     4.69
48     44     2.82
48     45     0.00
48     46     5.75
48     47     3.92
48     48     0.03
48     49     4.15
48     50     3.33
48     51     0.04
48     52     0.67
48     53     1.31
48     54     0.06
48     55     1.39
48     56     0.16
48     57     1.28
48     58     0.22
48     59     0.00
49     0     0.00
49     1     0.01
49     2     0.15
49     3     0.89
49     4     0.00
49     5     4.25
49     6     0.03
49     7     11.63
49     8     0.56
49     9     25.57
49     10     3.20
49     11     56.31
49     12     14.65
49     13     105.12
49     14     33.90
49     15     129.49
49     16     73.42
49     17     319.40
49     18     213.87
49     19     0.00
49     20     317.65
49     21     292.73
49     22     0.11
49     23     326.28
49     24     311.88
49     25     2.49
49     26     440.90
49     27     705.67
49     28     11.99
49     29     228.12
49     30     976.52
49     31     38.27
49     32     57.77
49     33     809.33
49     34     76.79
49     35     978.13
49     36     173.53
49     37     1363.20
49     38     334.54
49     39     0.00
49     40     750.79
49     41     267.13
49     42     0.03
49     43     686.39
49     44     421.01
49     45     0.70
49     46     854.55
49     47     621.07
49     48     4.15
49     49     606.06
49     50     519.08
49     51     5.86
49     52     95.27
49     53     199.91
49     54     8.31
49     55     206.37
49     56     23.25
49     57     199.06
49     58     34.61
49     59     0.00
50     0     0.00
50     1     0.01
50     2     0.15
50     3     0.85
50     4     0.00
50     5     3.87
50     6     0.03
50     7     11.48
50     8     0.51
50     9     25.44
50     10     3.05
50     11     65.50
50     12     14.64
50     13     125.57
50     14     33.56
50     15     139.99
50     16     73.21
50     17     343.71
50     18     208.60
50     19     0.00
50     20     295.88
50     21     316.04
50     22     0.11
50     23     359.09
50     24     377.29
50     25     2.12
50     26     434.99
50     27     609.17
50     28     11.37
50     29     225.55
50     30     862.85
50     31     36.51
50     32     55.40
50     33     867.49
50     34     77.35
50     35     1028.50
50     36     180.15
50     37     1279.13
50     38     359.20
50     39     0.00
50     40     673.62
50     41     259.29
50     42     0.03
50     43     592.58
50     44     399.29
50     45     0.71
50     46     794.08
50     47     742.91
50     48     3.33
50     49     519.08
50     50     590.37
50     51     5.71
50     52     67.32
50     53     209.71
50     54     7.52
50     55     193.30
50     56     22.45
50     57     221.27
50     58     37.20
50     59     0.00
51     0     0.00
51     1     0.00
51     2     0.00
51     3     0.01
51     4     0.00
51     5     0.04
51     6     0.00
51     7     0.12
51     8     0.01
51     9     0.26
51     10     0.03
51     11     0.60
51     12     0.15
51     13     1.17
51     14     0.34
51     15     1.33
51     16     0.74
51     17     3.33
51     18     2.14
51     19     0.00
51     20     3.09
51     21     3.03
51     22     0.00
51     23     3.55
51     24     3.50
51     25     0.02
51     26     4.50
51     27     6.76
51     28     0.12
51     29     2.26
51     30     9.67
51     31     0.39
51     32     0.54
51     33     8.80
51     34     0.80
51     35     10.27
51     36     1.85
51     37     13.54
51     38     3.54
51     39     0.00
51     40     7.19
51     41     2.70
51     42     0.00
51     43     6.64
51     44     4.27
51     45     0.01
51     46     8.60
51     47     7.06
51     48     0.04
51     49     5.86
51     50     5.71
51     51     0.06
51     52     0.84
51     53     2.15
51     54     0.08
51     55     2.06
51     56     0.24
51     57     2.20
51     58     0.38
51     59     0.00
52     0     0.00
52     1     0.00
52     2     0.02
52     3     0.14
52     4     0.00
52     5     0.67
52     6     0.01
52     7     1.66
52     8     0.09
52     9     3.69
52     10     0.47
52     11     7.64
52     12     2.18
52     13     13.45
52     14     5.07
52     15     18.77
52     16     10.87
52     17     45.36
52     18     32.09
52     19     0.00
52     20     49.64
52     21     41.96
52     22     0.02
52     23     43.24
52     24     39.01
52     25     0.39
52     26     64.57
52     27     112.38
52     28     1.78
52     29     34.76
52     30     148.74
52     31     5.63
52     32     9.48
52     33     107.11
52     34     10.87
52     35     137.20
52     36     23.66
52     37     207.21
52     38     46.31
52     39     0.00
52     40     119.61
52     41     39.64
52     42     0.00
52     43     107.85
52     44     62.05
52     45     0.10
52     46     127.43
52     47     75.88
52     48     0.67
52     49     95.27
52     50     67.32
52     51     0.84
52     52     16.71
52     53     26.93
52     54     1.24
52     55     31.08
52     56     3.35
52     57     25.57
52     58     4.50
52     59     0.00
53     0     0.00
53     1     0.00
53     2     0.05
53     3     0.30
53     4     0.00
53     5     1.40
53     6     0.01
53     7     4.28
53     8     0.19
53     9     9.33
53     10     1.13
53     11     22.09
53     12     5.20
53     13     43.18
53     14     11.97
53     15     47.63
53     16     26.20
53     17     119.47
53     18     75.15
53     19     0.00
53     20     106.62
53     21     108.69
53     22     0.04
53     23     129.19
53     24     130.29
53     25     0.82
53     26     158.66
53     27     229.83
53     28     4.24
53     29     79.16
53     30     333.82
53     31     13.65
53     32     18.48
53     33     319.61
53     34     28.53
53     35     368.37
53     36     66.73
53     37     470.70
53     38     127.70
53     39     0.00
53     40     245.72
53     41     94.78
53     42     0.01
53     43     226.73
53     44     149.83
53     45     0.26
53     46     300.05
53     47     262.94
53     48     1.31
53     49     199.91
53     50     209.71
53     51     2.15
53     52     26.93
53     53     77.69
53     54     2.91
53     55     71.87
53     56     8.47
53     57     80.70
53     58     13.84
53     59     0.00
54     0     0.00
54     1     0.00
54     2     0.00
54     3     0.01
54     4     0.00
54     5     0.06
54     6     0.00
54     7     0.17
54     8     0.01
54     9     0.36
54     10     0.04
54     11     0.78
54     12     0.20
54     13     1.51
54     14     0.46
54     15     1.75
54     16     1.01
54     17     4.40
54     18     2.92
54     19     0.00
54     20     4.25
54     21     4.00
54     22     0.00
54     23     4.72
54     24     4.52
54     25     0.03
54     26     6.13
54     27     9.53
54     28     0.17
54     29     3.05
54     30     13.65
54     31     0.54
54     32     0.72
54     33     11.84
54     34     1.09
54     35     13.76
54     36     2.51
54     37     18.68
54     38     4.72
54     39     0.00
54     40     9.99
54     41     3.69
54     42     0.00
54     43     9.39
54     44     5.91
54     45     0.01
54     46     11.96
54     47     9.20
54     48     0.06
54     49     8.31
54     50     7.52
54     51     0.08
54     52     1.24
54     53     2.91
54     54     0.12
54     55     2.85
54     56     0.33
54     57     2.94
54     58     0.51
54     59     0.00
55     0     0.00
55     1     0.00
55     2     0.05
55     3     0.32
55     4     0.00
55     5     1.50
55     6     0.01
55     7     4.12
55     8     0.20
55     9     9.12
55     10     1.13
55     11     21.50
55     12     5.29
55     13     40.14
55     14     12.20
55     15     48.38
55     16     26.44
55     17     118.29
55     18     76.46
55     19     0.00
55     20     112.45
55     21     108.92
55     22     0.04
55     23     119.95
55     24     119.30
55     25     0.84
55     26     157.33
55     27     242.33
55     28     4.21
55     29     82.55
55     30     333.84
55     31     13.44
55     32     21.11
55     33     293.00
55     34     27.41
55     35     356.36
55     36     62.25
55     37     479.85
55     38     122.82
55     39     0.00
55     40     262.69
55     41     94.92
55     42     0.01
55     43     234.59
55     44     147.49
55     45     0.25
55     46     297.41
55     47     234.58
55     48     1.39
55     49     206.37
55     50     193.30
55     51     2.06
55     52     31.08
55     53     71.87
55     54     2.85
55     55     72.35
55     56     8.16
55     57     72.96
55     58     12.49
55     59     0.00
56     0     0.00
56     1     0.00
56     2     0.01
56     3     0.03
56     4     0.00
56     5     0.16
56     6     0.00
56     7     0.48
56     8     0.02
56     9     1.04
56     10     0.13
56     11     2.38
56     12     0.58
56     13     4.58
56     14     1.35
56     15     5.25
56     16     2.94
56     17     13.12
56     18     8.48
56     19     0.00
56     20     12.24
56     21     11.95
56     22     0.00
56     23     13.95
56     24     13.75
56     25     0.10
56     26     17.76
56     27     26.81
56     28     0.48
56     29     8.95
56     30     38.30
56     31     1.54
56     32     2.15
56     33     34.62
56     34     3.16
56     35     40.47
56     36     7.30
56     37     53.55
56     38     13.95
56     39     0.00
56     40     28.52
56     41     10.67
56     42     0.00
56     43     26.33
56     44     16.88
56     45     0.03
56     46     34.00
56     47     27.69
56     48     0.16
56     49     23.25
56     50     22.45
56     51     0.24
56     52     3.35
56     53     8.47
56     54     0.33
56     55     8.16
56     56     0.95
56     57     8.65
56     58     1.49
56     59     0.00
57     0     0.00
57     1     0.00
57     2     0.05
57     3     0.30
57     4     0.00
57     5     1.41
57     6     0.01
57     7     4.39
57     8     0.19
57     9     9.59
57     10     1.15
57     11     23.44
57     12     5.35
57     13     46.01
57     14     12.29
57     15     49.83
57     16     26.94
57     17     124.81
57     18     76.94
57     19     0.00
57     20     108.05
57     21     113.64
57     22     0.04
57     23     135.47
57     24     139.09
57     25     0.81
57     26     162.82
57     27     229.12
57     28     4.32
57     29     81.27
57     30     334.81
57     31     13.91
57     32     18.84
57     33     333.36
57     34     29.40
57     35     382.95
57     36     69.18
57     37     477.96
57     38     133.31
57     39     0.00
57     40     246.96
57     41     96.93
57     42     0.01
57     43     226.13
57     44     152.53
57     45     0.27
57     46     304.14
57     47     279.93
57     48     1.28
57     49     199.06
57     50     221.27
57     51     2.20
57     52     25.57
57     53     80.70
57     54     2.94
57     55     72.96
57     56     8.65
57     57     84.75
57     58     14.45
57     59     0.00
58     0     0.00
58     1     0.00
58     2     0.01
58     3     0.05
58     4     0.00
58     5     0.24
58     6     0.00
58     7     0.75
58     8     0.03
58     9     1.63
58     10     0.20
58     11     3.83
58     12     0.90
58     13     7.61
58     14     2.06
58     15     8.15
58     16     4.52
58     17     20.67
58     18     12.96
58     19     0.00
58     20     18.16
58     21     18.70
58     22     0.01
58     23     22.91
58     24     23.06
58     25     0.14
58     26     27.63
58     27     39.40
58     28     0.74
58     29     13.48
58     30     58.43
58     31     2.39
58     32     3.02
58     33     57.06
58     34     5.02
58     35     64.48
58     36     11.86
58     37     81.33
58     38     22.37
58     39     0.00
58     40     41.72
58     41     16.46
58     42     0.00
58     43     39.19
58     44     26.25
58     45     0.05
58     46     52.50
58     47     47.05
58     48     0.22
58     49     34.61
58     50     37.20
58     51     0.38
58     52     4.50
58     53     13.84
58     54     0.51
58     55     12.49
58     56     1.49
58     57     14.45
58     58     2.49
58     59     0.00
59     0     0.00
59     1     0.00
59     2     0.00
59     3     0.00
59     4     0.00
59     5     0.00
59     6     0.00
59     7     0.00
59     8     0.00
59     9     0.00
59     10     0.00
59     11     0.00
59     12     0.00
59     13     0.00
59     14     0.00
59     15     0.00
59     16     0.00
59     17     0.00
59     18     0.00
59     19     0.00
59     20     0.00
59     21     0.00
59     22     0.00
59     23     0.00
59     24     0.00
59     25     0.00
59     26     0.00
59     27     0.00
59     28     0.00
59     29     0.00
59     30     0.00
59     31     0.00
59     32     0.00
59     33     0.00
59     34     0.00
59     35     0.00
59     36     0.00
59     37     0.00
59     38     0.00
59     39     0.00
59     40     0.00
59     41     0.00
59     42     0.00
59     43     0.00
59     44     0.00
59     45     0.00
59     46     0.00
59     47     0.00
59     48     0.00
59     49     0.00
59     50     0.00
59     51     0.00
59     52     0.00
59     53     0.00
59     54     0.00
59     55     0.00
59     56     0.00
59     57     0.00
59     58     0.00
59     59     0.00
