6.522737000000000023e-04 8.931740000000000235e-01 4.150568999999999953e+00 -6.142831320405821316e+01 1.076783811574477454e+02 6.503276511339183052e+00
8.186871999999999769e-04 8.230897000000000352e-01 4.826442000000000121e+00 3.319763985621136726e+00 3.446238612620687292e+01 1.145676582113078323e+00
1.123964999999999990e-03 7.661008999999999736e-01 5.196470999999999840e+00 1.175683386383958329e+01 1.121983751987668043e+01 5.683829519765620786e-01
1.142688999999999901e-03 9.201612999999999598e-01 1.035078999999999994e+01 1.185821579806706723e+02 2.441414026905560775e+02 6.080369540071956180e+00
1.524420999999999979e-03 7.122188000000000407e-01 5.739033000000000051e+00 7.736524417137267129e+00 4.789419090897009568e+00 5.874230969535362279e-01
1.572541999999999907e-03 8.830386999999999542e-01 1.102247999999999983e+01 2.024683783676045223e+01 3.000428975571438173e+01 2.988827483680112973e+00
2.068397999999999938e-03 6.408409000000000466e-01 6.047007999999999939e+00 -4.396114303777558519e-01 2.633050861086214223e+00 2.698998002383180550e-01
2.117077000000000195e-03 8.109585999999999739e-01 1.197883999999999993e+01 -6.852656109330468759e+00 8.942593955840074216e+00 9.712733882082372761e-01
2.873572999999999926e-03 5.719946999999999671e-01 6.301802999999999599e+00 2.960931192658203148e+00 1.325544301093359412e+00 1.977343995120544595e-01
2.918463000000000047e-03 7.740909999999999735e-01 1.361935000000000073e+01 6.419963596924245230e-01 2.891118510180590295e+00 2.454942765684052786e-01
3.921019000000000414e-03 5.122286000000000339e-01 6.436018999999999934e+00 7.034413635899973150e-01 6.918149155515558313e-01 1.750742647197896240e-01
3.979652999999999663e-03 7.211168999999999496e-01 1.513255999999999979e+01 1.602659942647019609e+00 1.124359853612867166e+00 1.046752808492202452e-01
5.297658000000000228e-03 4.455593999999999943e-01 6.539860000000000007e+00 -1.157896969055516867e-01 4.420634348730153595e-01 9.152450697101995047e-02
5.365222999999999694e-03 6.757197999999999816e-01 1.711965999999999966e+01 -1.232907278714402977e-01 5.805830552077709816e-01 2.052687660877975523e-02
7.412504000000000315e-03 3.802996000000000154e-01 6.611108999999999902e+00 1.744152970566892891e-01 2.619652114604060222e-01 3.587889258714649365e-02
7.472053000000000202e-03 6.325306000000000539e-01 1.999775999999999954e+01 5.806674361847887766e-01 2.850044680928853214e-01 2.929980600193895710e-02
1.011541999999999997e-02 3.236211999999999978e-01 6.722171000000000340e+00 4.595226631530627825e-01 1.463319554040638792e-01 5.477376721185695657e-02
1.021180999999999998e-02 5.988149000000000388e-01 2.331335999999999942e+01 9.126059760702942558e-02 1.349028873910468052e-01 3.286432004712094845e-02
1.125713000000000061e-02 9.552918999999999716e-01 1.060815000000000055e+02 -2.216496262122944927e+01 1.373346953390183955e+01 2.274695636134552057e+00
1.375042999999999925e-02 2.742678000000000060e-01 6.778972999999999693e+00 2.012802049053492304e-01 9.362629687123111277e-02 3.414184912293762725e-02
1.386237000000000059e-02 5.681528999999999607e-01 2.758427000000000007e+01 -7.490011928391326901e-03 7.917412797535491875e-02 2.511994002349085195e-02
1.463396999999999962e-02 8.830717999999999623e-01 1.110293000000000063e+02 -7.736207751799386578e-01 1.289055629237339184e+00 3.139657929379304213e-01
1.909428000000000167e-02 2.282530999999999866e-01 6.850213000000000108e+00 1.534362063552832667e-02 6.369761049210626025e-02 7.631502918912163452e-03
1.925672000000000147e-02 5.284649999999999626e-01 3.201908999999999850e+01 6.852739991409183273e-02 4.624887191380949725e-02 1.574375005473513389e-02
1.992599000000000106e-02 8.366708999999999952e-01 1.187626000000000062e+02 1.652576941260358590e-01 2.822271912108303416e-01 1.017397954173885899e-01
2.594890999999999864e-02 1.962676999999999894e-01 7.334703000000000195e+00 2.952353860126051555e-02 4.008663726322413134e-02 1.724817147294857231e-02
2.633473000000000064e-02 4.834625000000000172e-01 3.578730999999999796e+01 7.942192678649932780e-02 2.280921275859864455e-02 9.396228501939272656e-03
2.691964999999999983e-02 7.768127999999999700e-01 1.286331000000000131e+02 2.148754106004528430e-01 7.783235612140411430e-02 2.222407524924647354e-02
3.503690000000000276e-02 1.733977999999999908e-01 8.264335000000000875e+00 2.119660331010267407e-02 3.263942886445713593e-02 1.468935334532371628e-02
3.582164999999999655e-02 4.333546999999999816e-01 3.892246000000000095e+01 5.418651066192212151e-02 1.264460037156926384e-02 1.031618903504182352e-02
3.644816000000000028e-02 7.292334000000000316e-01 1.419932000000000016e+02 4.142246729923581422e-02 2.973895039926178346e-02 5.203166572858064325e-03
4.515837999999999797e-02 1.564603999999999995e-01 9.236819999999999808e+00 4.638249882561570892e-02 5.154576592405412522e-02 9.188538738562353203e-03
4.929135999999999934e-02 3.862257000000000051e-01 4.175609000000000037e+01 4.417038871830379632e-02 8.229208262242711930e-03 4.779395973817828110e-03
5.003043000000000073e-02 6.823339999999999961e-01 1.596901000000000010e+02 8.521037822904437703e-03 1.438575932786946565e-02 4.541732468119754479e-03
6.796377000000000668e-02 3.409102999999999994e-01 4.600150000000000006e+01 1.453135155305631393e-02 4.294338016131730475e-03 2.324504903822644138e-03
6.887896000000000296e-02 6.362138000000000515e-01 1.821269000000000062e+02 2.109096271219634833e-02 5.807219160634165440e-03 4.702124238620145145e-04
9.255811999999999373e-02 3.042270000000000252e-01 5.086059000000000196e+01 1.401713451779690138e-02 2.453732357235561580e-03 2.608571070067240705e-03
9.364442000000000599e-02 6.000278999999999474e-01 2.094188000000000045e+02 9.300726317830831577e-03 2.531602853680279229e-03 1.447526906787572091e-03
1.255108000000000057e-01 2.709594000000000169e-01 5.623062000000000182e+01 4.582994006000495196e-03 1.824559054561425593e-03 7.301642274243138079e-04
1.270177999999999863e-01 5.676018000000000452e-01 2.420766999999999882e+02 5.176618045816747116e-03 1.499092375144435744e-03 6.099012668307939380e-04
1.367147999999999974e-01 8.983427999999999969e-01 1.097582000000000107e+03 3.430981489737849888e-02 3.033381096327327289e-02 1.364975802691174335e-02
1.752073000000000103e-01 2.360522999999999927e-01 6.292931000000000097e+01 3.520826499115883509e-03 1.065849901928804218e-03 4.869670344539712395e-04
1.774875999999999954e-01 5.268855000000000066e-01 2.816711000000000240e+02 2.495752799143552067e-03 6.534120897563112408e-04 1.724481590263113383e-04
1.850642999999999871e-01 8.471092000000000066e-01 1.158288999999999987e+03 -6.687403581175649890e-03 4.232060578529051216e-03 2.325606912937572355e-03
2.383966999999999892e-01 2.060700000000000032e-01 7.055767000000000166e+01 2.925470827568269448e-03 6.133299642506778076e-04 5.666680061657988722e-04
2.417076999999999976e-01 4.856150000000000189e-01 3.165733000000000175e+02 6.910786186504019836e-04 2.767309926446784654e-04 3.109275242736098360e-04
2.474762000000000073e-01 7.931304000000000132e-01 1.246138999999999896e+03 1.058018238479549889e-03 9.430252128847339344e-04 3.540082294299385377e-04
3.165900999999999854e-01 1.852338000000000040e-01 7.888876000000000488e+01 6.689663072691171648e-04 4.619809838392201261e-04 1.696375463714464471e-04
3.217149000000000258e-01 4.391284999999999772e-01 3.418713999999999942e+02 4.537178196418985895e-04 1.515668146393655733e-04 7.751231763024835563e-05
3.263637999999999817e-01 7.437766999999999573e-01 1.336049999999999955e+03 8.045848225553028487e-04 3.423338315164136704e-04 3.857315304590711562e-05
4.330107999999999735e-01 1.599322999999999995e-01 9.039954000000000178e+01 6.631595041248160814e-04 4.306553841162345363e-04 7.683430115248276950e-05
4.580491999999999897e-01 3.795237000000000194e-01 3.667554000000000087e+02 2.282483852458541121e-04 6.304420447585893511e-05 2.031479538068168243e-05
4.649699999999999944e-01 6.836782999999999610e-01 1.488817000000000007e+03 5.337865571847457042e-05 9.620805994245856016e-05 1.750818540187256444e-05
5.312510000000000288e-01 2.139935000000000032e-01 9.979889000000000010e+01 5.500446507630476350e-02 7.095861184195582927e-02 1.930981807505524107e-04
6.223484999999999712e-01 3.383151999999999826e-01 4.041184000000000083e+02 2.062511729296243160e-05 1.456214447594096505e-05 1.637792296234432101e-05
6.313455000000000039e-01 6.378175999999999846e-01 1.656044000000000096e+03 3.402410179270288636e-05 1.386888524554349366e-05 4.178094904664615092e-06
8.197687999999999642e-01 3.089017000000000013e-01 4.552019999999999982e+02 2.161841115699261229e-06 7.396255891109051469e-07 6.009207490428316247e-07
8.280018000000000100e-01 5.989845000000000308e-01 1.827304000000000087e+03 8.317433119190995710e-07 4.700448197827048744e-07 2.823675949385724470e-07
