* FASER$\nu$ $\nu_{\mu}+\bar{\nu}_{\mu}$ CC DIS pseudodata
&Data
   Name = 'FASER$\nu$ $\nu_{\mu}+\bar{\nu}_{\mu}$'
   IndexDataset = 139
   Reaction = 'CC nup'

   NData = 145
   NColumn = 5
   ColumnType = 'Flag',2*'Bin','Sigma',1*'Error'
   ColumnName = 'binFlag','x','Q2','Sigma','stat'
   TheoryType = 'expression'
   TermType   = 'reaction','reaction'
   TermName   = 'P','A'
   TermSource = 'PineAPPL','PineAPPL'
   TermInfo   = 'GridName=datafiles/lhc/fpf/neutrinoDIS/pseudodata/grids/FASERv_14/nu_A_1-XSFPFCC.pineappl.lz4',
                'GridName=datafiles/lhc/fpf/neutrinoDIS/pseudodata/grids/FASERv_m14/nub_A_1-XSFPFCC.pineappl.lz4'
   TheorExpr  = 'P+A'

   Percent = 1*True
&End
&PlotDesc
   PlotN = 4
   PlotDefColumn = 'Q2'
   PlotVarColumn = 'x'
   PlotDefValue = 3., 5., 11., 110., 1100.
   PlotOptions(1)  = 'Experiment:FASER#nu #nu_{#mu}+#bar{#nu}_{#mu}@ExtraLabel:#nu p (CC) @XTitle: x @YTitle: d^{2}#sigma/dxdQ^{2} @Title:Q^{2} > 4 @Ymin:0.01@Xlog@Ylog'
   PlotOptions(2)  = 'Experiment:FASER#nu #nu_{#mu}+#bar{#nu}_{#mu}@ExtraLabel:#nu p (CC) @XTitle: x @YTitle: d^{2}#sigma/dxdQ^{2} @Title:Q^{2} > 10 @Ymin:0.01@Xlog@Ylog'
   PlotOptions(3)  = 'Experiment:FASER#nu #nu_{#mu}+#bar{#nu}_{#mu}@ExtraLabel:#nu p (CC) @XTitle: x @YTitle: d^{2}#sigma/dxdQ^{2} @Title:Q^{2} > 100 @Ymin:0.01@Xlog@Ylog'
   PlotOptions(4)  = 'Experiment:FASER#nu #nu_{#mu}+#bar{#nu}_{#mu}@ExtraLabel:#nu p (CC) @XTitle: x @YTitle: d^{2}#sigma/dxdQ^{2} @Title:Q^{2} > 1000 @Ymin:0.01@Xlog@Ylog'
&End
*binFlag          x              Q2           Sigma            stat
  0         0.00012               7               0               0
  0         0.00012              55               0               0
  0         0.00012             550               0               0
  0         0.00012            5500               0               0
  0         0.00012           55000               0               0
  0        0.000165               7               0               0
  0        0.000165              55               0               0
  0        0.000165             550               0               0
  0        0.000165            5500               0               0
  0        0.000165           55000               0               0
  0        0.000225               7               0               0
  0        0.000225              55               0               0
  0        0.000225             550               0               0
  0        0.000225            5500               0               0
  0        0.000225           55000               0               0
  0         0.00031               7               0               0
  0         0.00031              55               0               0
  0         0.00031             550               0               0
  0         0.00031            5500               0               0
  0         0.00031           55000               0               0
  0        0.000425               7              -0         9534.63
  0        0.000425              55               0               0
  0        0.000425             550               0               0
  0        0.000425            5500               0               0
  0        0.000425           55000               0               0
  0         0.00058               7               0         1502.44
  0         0.00058              55               0               0
  0         0.00058             550               0               0
  0         0.00058            5500               0               0
  0         0.00058           55000               0               0
  0        0.000795               7               0         550.816
  0        0.000795              55               0               0
  0        0.000795             550               0               0
  0        0.000795            5500               0               0
  0        0.000795           55000               0               0
  0        0.001095               7               0         234.823
  0        0.001095              55               0         4385.29
  0        0.001095             550               0               0
  0        0.001095            5500               0               0
  0        0.001095           55000               0               0
  0        0.001505               7              -0         126.477
  0        0.001505              55              -0         783.982
  0        0.001505             550               0               0
  0        0.001505            5500               0               0
  0        0.001505           55000               0               0
  0         0.00207               7               0         87.4817
  0         0.00207              55              -0         308.167
  0         0.00207             550               0               0
  0         0.00207            5500               0               0
  0         0.00207           55000               0               0
  0        0.002845               7               0          58.513
  0        0.002845              55               0          134.42
  0        0.002845             550               0               0
  0        0.002845            5500               0               0
  0        0.002845           55000               0               0
  1        0.003905               7         6.74774         43.8518
  0        0.003905              55               0         66.1992
  0        0.003905             550               0               0
  0        0.003905            5500               0               0
  0        0.003905           55000               0               0
  1        0.005365               7         3.56664          40.796
  1        0.005365              55          2.7125         41.4491
  0        0.005365             550               0               0
  0        0.005365            5500               0               0
  0        0.005365           55000               0               0
  1         0.00737               7         2.51646         38.3204
  1         0.00737              55         1.19411         26.4882
  0         0.00737             550               0               0
  0         0.00737            5500               0               0
  0         0.00737           55000               0               0
  1        0.010125               7         1.25968          34.125
  1        0.010125              55         1.11258         16.7873
  0        0.010125             550              -0         2635.23
  0        0.010125            5500               0               0
  0        0.010125           55000               0               0
  1         0.01391               7         1.00334         32.9945
  1         0.01391              55        0.973046         13.3303
  0         0.01391             550               0         409.994
  0         0.01391            5500               0               0
  0         0.01391           55000               0               0
  1         0.01911               7        0.681896         34.6749
  1         0.01911              55         0.80051          12.497
  0         0.01911             550               0         140.521
  0         0.01911            5500               0               0
  0         0.01911           55000               0               0
  1        0.026255               7        0.513015         34.0182
  1        0.026255              55        0.494363         10.6014
  0        0.026255             550              -0         58.6611
  0        0.026255            5500               0               0
  0        0.026255           55000               0               0
  1         0.03607               7        0.490195         43.4341
  1         0.03607              55        0.376776         10.2131
  1         0.03607             550        0.180955         31.0648
  0         0.03607            5500               0               0
  0         0.03607           55000               0               0
  0        0.049555               7               0         107.059
  1        0.049555              55         0.25838         11.4858
  1        0.049555             550       0.0605914         21.1958
  0        0.049555            5500               0               0
  0        0.049555           55000               0               0
  0         0.06808               7               0               0
  1         0.06808              55        0.155635         10.5835
  1         0.06808             550       0.0901947         13.5168
  0         0.06808            5500               0               0
  0         0.06808           55000               0               0
  0         0.09353               7               0               0
  1         0.09353              55       0.0966741         9.98473
  1         0.09353             550       0.0642687         10.0161
  0         0.09353            5500               0         4152.27
  0         0.09353           55000               0               0
  0          0.1285               7               0               0
  1          0.1285              55       0.0653636         11.3742
  1          0.1285             550       0.0360484         9.68047
  0          0.1285            5500               0         385.271
  0          0.1285           55000               0               0
  0         0.17654               7               0               0
  1         0.17654              55       0.0454122         12.2808
  1         0.17654             550       0.0239659          8.5634
  0         0.17654            5500               0         114.245
  0         0.17654           55000               0               0
  0         0.24253               7               0               0
  1         0.24253              55       0.0307233         13.7823
  1         0.24253             550       0.0155904         7.29028
  0         0.24253            5500               0         51.1432
  0         0.24253           55000               0               0
  0         0.33319               7               0               0
  1         0.33319              55       0.0152857         21.2544
  1         0.33319             550      0.00717149         7.46237
  1         0.33319            5500      0.00396729         34.0389
  0         0.33319           55000               0               0
  0        0.457745               7               0               0
  0        0.457745              55               0         51.1333
  1        0.457745             550      0.00259114         7.93284
  1        0.457745            5500     0.000830667         23.3235
  0        0.457745           55000               0               0
  0        0.628865               7               0               0
  0        0.628865              55               0               0
  1        0.628865             550      0.00057793         7.69222
  1        0.628865            5500     6.89484e-05         15.5711
  0        0.628865           55000               0               0
  0         0.86395               7               0               0
  0         0.86395              55               0               0
  1         0.86395             550     3.21331e-05         10.3854
  1         0.86395            5500     4.94426e-06         15.4239
  0         0.86395           55000               0               0
