Experiment = FASERv2_optimistic | Neutrino = -12 | Exp. Target density (nucleons / cm3) = 10^(25.1) | Exp. Target Length = 200 cm | Total Events = 13232.5 |        del_theta = 0.5 mrad, theta_max = 463.6 mrad |        del_Elepton = 15.0 % , Elepton_min = 100.00 GeV, Elepton_max = 5698.00 GeV|        del_Ehadron = 25.0 %, Ehadron_min = 100.00 GeV GeV, Ehadron_max = 5698.00 GeV
x_lower x_upper x_avg     Q2_lower[GeV^2] Q2_upper[GeV^2] Q2_avg[GeV^2] E_nu_lower[GeV] E_nu_upper[GeV] E_nu_avg[GeV] log10(d^sigma/dxdQ2(x_avg,Q2_avg,Enu_avg) / (pb / GeV^-2)) N_events N_events_errs = Sqrt[N_events] N_sys_errs MC_Samples
0.00010 0.00014 nan     4.0               10.0                nan     11.34            5698.00            nan                nan                                  0.00000      0.00000  0.00000         9  
0.00010 0.00014 nan     10.0               100.0                nan     11.34            5698.00            nan                nan                                  0.00000      0.00000  0.00000         9  
0.00010 0.00014 nan     100.0               1000.0                nan     11.34            5698.00            nan                nan                                  0.00000      0.00000  0.00000         9  
0.00010 0.00014 nan     1000.0               10000.0                nan     11.34            5698.00            nan                nan                                  0.00000      0.00000  0.00000         9  
0.00010 0.00014 nan     10000.0               100000.0                nan     11.34            5698.00            nan                nan                                  0.00000      0.00000  0.00000         9  
0.00014 0.00019 nan     4.0               10.0                nan     11.34            5698.00            nan                nan                                  0.00000      0.00000  0.00000         9  
0.00014 0.00019 nan     10.0               100.0                nan     11.34            5698.00            nan                nan                                  0.00000      0.00000  0.00000         9  
0.00014 0.00019 nan     100.0               1000.0                nan     11.34            5698.00            nan                nan                                  0.00000      0.00000  0.00000         9  
0.00014 0.00019 nan     1000.0               10000.0                nan     11.34            5698.00            nan                nan                                  0.00000      0.00000  0.00000         9  
0.00014 0.00019 nan     10000.0               100000.0                nan     11.34            5698.00            nan                nan                                  0.00000      0.00000  0.00000         9  
0.00019 0.00026 nan     4.0               10.0                nan     11.34            5698.00            nan                nan                                  0.00000      0.00000  0.00000         9  
0.00019 0.00026 nan     10.0               100.0                nan     11.34            5698.00            nan                nan                                  0.00000      0.00000  0.00000         9  
0.00019 0.00026 nan     100.0               1000.0                nan     11.34            5698.00            nan                nan                                  0.00000      0.00000  0.00000         9  
0.00019 0.00026 nan     1000.0               10000.0                nan     11.34            5698.00            nan                nan                                  0.00000      0.00000  0.00000         9  
0.00019 0.00026 nan     10000.0               100000.0                nan     11.34            5698.00            nan                nan                                  0.00000      0.00000  0.00000         9  
0.00026 0.00036 nan     4.0               10.0                nan     11.34            5698.00            nan                nan                                  0.00000      0.00000  0.00000         9  
0.00026 0.00036 nan     10.0               100.0                nan     11.34            5698.00            nan                nan                                  0.00000      0.00000  0.00000         9  
0.00026 0.00036 nan     100.0               1000.0                nan     11.34            5698.00            nan                nan                                  0.00000      0.00000  0.00000         9  
0.00026 0.00036 nan     1000.0               10000.0                nan     11.34            5698.00            nan                nan                                  0.00000      0.00000  0.00000         9  
0.00026 0.00036 nan     10000.0               100000.0                nan     11.34            5698.00            nan                nan                                  0.00000      0.00000  0.00000         9  
0.00036 0.00049 0.00046     4.0               10.0                4.3     11.34            5698.00            5358.38                1.2290                                  0.00000      0.00186  0.00000         1466  
0.00036 0.00049 nan     10.0               100.0                nan     11.34            5698.00            nan                nan                                  0.00000      0.00000  0.00000         9  
0.00036 0.00049 nan     100.0               1000.0                nan     11.34            5698.00            nan                nan                                  0.00000      0.00000  0.00000         9  
0.00036 0.00049 nan     1000.0               10000.0                nan     11.34            5698.00            nan                nan                                  0.00000      0.00000  0.00000         9  
0.00036 0.00049 nan     10000.0               100000.0                nan     11.34            5698.00            nan                nan                                  0.00000      0.00000  0.00000         9  
0.00049 0.00067 0.00060     4.0               10.0                4.7     11.34            5698.00            4991.19                1.1436                                  0.00058      0.02400  0.00003         16918  
0.00049 0.00067 nan     10.0               100.0                nan     11.34            5698.00            nan                nan                                  0.00000      0.00000  0.00000         9  
0.00049 0.00067 nan     100.0               1000.0                nan     11.34            5698.00            nan                nan                                  0.00000      0.00000  0.00000         9  
0.00049 0.00067 nan     1000.0               10000.0                nan     11.34            5698.00            nan                nan                                  0.00000      0.00000  0.00000         9  
0.00049 0.00067 nan     10000.0               100000.0                nan     11.34            5698.00            nan                nan                                  0.00000      0.00000  0.00000         9  
0.00067 0.00092 0.00081     4.0               10.0                5.4     11.34            5698.00            4671.34                0.9004                                  0.01051      0.10252  0.00041         51303  
0.00067 0.00092 nan     10.0               100.0                nan     11.34            5698.00            nan                nan                                  0.00000      0.00000  0.00000         9  
0.00067 0.00092 nan     100.0               1000.0                nan     11.34            5698.00            nan                nan                                  0.00000      0.00000  0.00000         9  
0.00067 0.00092 nan     1000.0               10000.0                nan     11.34            5698.00            nan                nan                                  0.00000      0.00000  0.00000         9  
0.00067 0.00092 nan     10000.0               100000.0                nan     11.34            5698.00            nan                nan                                  0.00000      0.00000  0.00000         9  
0.00092 0.00127 0.00110     4.0               10.0                6.2     11.34            5698.00            4400.33                0.8665                                  0.10846      0.32934  0.00289         96161  
0.00092 0.00127 0.00119     10.0               100.0                10.8     11.34            5698.00            5325.51                0.8370                                  0.00002      0.00414  0.00000         3370  
0.00092 0.00127 nan     100.0               1000.0                nan     11.34            5698.00            nan                nan                                  0.00000      0.00000  0.00000         9  
0.00092 0.00127 nan     1000.0               10000.0                nan     11.34            5698.00            nan                nan                                  0.00000      0.00000  0.00000         9  
0.00092 0.00127 nan     10000.0               100000.0                nan     11.34            5698.00            nan                nan                                  0.00000      0.00000  0.00000         9  
0.00127 0.00174 0.00150     4.0               10.0                6.6     11.34            5698.00            4074.75                0.7868                                  0.59179      0.76928  0.01667         125885  
0.00127 0.00174 0.00155     10.0               100.0                11.9     11.34            5698.00            4948.58                0.7550                                  0.00248      0.04984  0.00008         31582  
0.00127 0.00174 nan     100.0               1000.0                nan     11.34            5698.00            nan                nan                                  0.00000      0.00000  0.00000         9  
0.00127 0.00174 nan     1000.0               10000.0                nan     11.34            5698.00            nan                nan                                  0.00000      0.00000  0.00000         9  
0.00127 0.00174 nan     10000.0               100000.0                nan     11.34            5698.00            nan                nan                                  0.00000      0.00000  0.00000         9  
0.00174 0.00240 0.00205     4.0               10.0                6.8     11.34            5698.00            3769.68                0.5664                                  1.76065      1.32690  0.02205         134116  
0.00174 0.00240 0.00209     10.0               100.0                13.6     11.34            5698.00            4637.20                0.5185                                  0.03701      0.19237  0.00156         88729  
0.00174 0.00240 nan     100.0               1000.0                nan     11.34            5698.00            nan                nan                                  0.00000      0.00000  0.00000         9  
0.00174 0.00240 nan     1000.0               10000.0                nan     11.34            5698.00            nan                nan                                  0.00000      0.00000  0.00000         9  
0.00174 0.00240 nan     10000.0               100000.0                nan     11.34            5698.00            nan                nan                                  0.00000      0.00000  0.00000         9  
0.00240 0.00329 0.00281     4.0               10.0                6.9     11.34            5698.00            3519.23                0.4785                                  5.23068      2.28707  0.13385         128858  
0.00240 0.00329 0.00286     10.0               100.0                16.1     11.34            5698.00            4402.54                0.4609                                  0.35536      0.59612  0.00396         167607  
0.00240 0.00329 nan     100.0               1000.0                nan     11.34            5698.00            nan                nan                                  0.00000      0.00000  0.00000         9  
0.00240 0.00329 nan     1000.0               10000.0                nan     11.34            5698.00            nan                nan                                  0.00000      0.00000  0.00000         9  
0.00240 0.00329 nan     10000.0               100000.0                nan     11.34            5698.00            nan                nan                                  0.00000      0.00000  0.00000         9  
0.00329 0.00452 0.00386     4.0               10.0                6.9     11.34            5698.00            3317.54                0.4044                                  13.44587      3.66686  0.25295         118890  
0.00329 0.00452 0.00391     10.0               100.0                19.6     11.34            5698.00            4232.89                0.4025                                  2.01237      1.41858  0.02805         259373  
0.00329 0.00452 nan     100.0               1000.0                nan     11.34            5698.00            nan                nan                                  0.00000      0.00000  0.00000         9  
0.00329 0.00452 nan     1000.0               10000.0                nan     11.34            5698.00            nan                nan                                  0.00000      0.00000  0.00000         9  
0.00329 0.00452 nan     10000.0               100000.0                nan     11.34            5698.00            nan                nan                                  0.00000      0.00000  0.00000         9  
0.00452 0.00621 0.00530     4.0               10.0                7.0     11.34            5698.00            3167.70                0.2168                                  22.49882      4.74329  0.61133         105069  
0.00452 0.00621 0.00536     10.0               100.0                24.5     11.34            5698.00            4108.12                0.2066                                  6.07778      2.46532  0.09410         366055  
0.00452 0.00621 nan     100.0               1000.0                nan     11.34            5698.00            nan                nan                                  0.00000      0.00000  0.00000         9  
0.00452 0.00621 nan     1000.0               10000.0                nan     11.34            5698.00            nan                nan                                  0.00000      0.00000  0.00000         9  
0.00452 0.00621 nan     10000.0               100000.0                nan     11.34            5698.00            nan                nan                                  0.00000      0.00000  0.00000         9  
0.00621 0.00853 0.00728     4.0               10.0                7.0     11.34            5698.00            3048.38                0.0422                                  35.97859      5.99822  0.89084         92591  
0.00621 0.00853 0.00736     10.0               100.0                31.2     11.34            5698.00            4013.30                0.0217                                  16.33207      4.04130  0.30710         483022  
0.00621 0.00853 nan     100.0               1000.0                nan     11.34            5698.00            nan                nan                                  0.00000      0.00000  0.00000         9  
0.00621 0.00853 nan     1000.0               10000.0                nan     11.34            5698.00            nan                nan                                  0.00000      0.00000  0.00000         9  
0.00621 0.00853 nan     10000.0               100000.0                nan     11.34            5698.00            nan                nan                                  0.00000      0.00000  0.00000         9  
0.00853 0.01172 0.01000     4.0               10.0                7.0     11.34            5698.00            2958.36                -0.0348                                  63.29550      7.95585  2.34437         79988  
0.00853 0.01172 0.01010     10.0               100.0                39.9     11.34            5698.00            3931.32                -0.0583                                  45.08575      6.71459  0.44435         610684  
0.00853 0.01172 0.01116     100.0               1000.0                105.4     11.34            5698.00            5419.71                -0.1615                                  0.00005      0.00682  0.00000         3892  
0.00853 0.01172 nan     1000.0               10000.0                nan     11.34            5698.00            nan                nan                                  0.00000      0.00000  0.00000         9  
0.00853 0.01172 nan     10000.0               100000.0                nan     11.34            5698.00            nan                nan                                  0.00000      0.00000  0.00000         9  
0.01172 0.01610 0.01373     4.0               10.0                7.0     11.34            5698.00            2885.34                -0.1984                                  83.61842      9.14431  2.21764         68177  
0.01172 0.01610 0.01382     10.0               100.0                46.8     11.34            5698.00            3777.98                -0.2221                                  82.92893      9.10653  1.33424         692763  
0.01172 0.01610 0.01442     100.0               1000.0                115.5     11.34            5698.00            5040.43                -0.3414                                  0.00700      0.08368  0.00021         67702  
0.01172 0.01610 nan     1000.0               10000.0                nan     11.34            5698.00            nan                nan                                  0.00000      0.00000  0.00000         9  
0.01172 0.01610 nan     10000.0               100000.0                nan     11.34            5698.00            nan                nan                                  0.00000      0.00000  0.00000         9  
0.01610 0.02212 0.01885     4.0               10.0                7.1     11.34            5698.00            2837.87                -0.4307                                  88.09301      9.38579  1.79315         57100  
0.01610 0.02212 0.01894     10.0               100.0                50.4     11.34            5698.00            3568.47                -0.4607                                  123.76151      11.12481  1.62227         700384  
0.01610 0.02212 0.01940     100.0               1000.0                131.4     11.34            5698.00            4709.35                -0.5767                                  0.15878      0.39847  0.00329         230289  
0.01610 0.02212 nan     1000.0               10000.0                nan     11.34            5698.00            nan                nan                                  0.00000      0.00000  0.00000         9  
0.01610 0.02212 nan     10000.0               100000.0                nan     11.34            5698.00            nan                nan                                  0.00000      0.00000  0.00000         9  
0.02212 0.03039 0.02577     4.0               10.0                7.4     11.34            5698.00            2801.78                -0.5025                                  119.62873      10.93749  1.93725         42331  
0.02212 0.03039 0.02598     10.0               100.0                52.3     11.34            5698.00            3378.04                -0.5124                                  250.79496      15.83651  2.78125         659213  
0.02212 0.03039 0.02643     100.0               1000.0                154.2     11.34            5698.00            4458.19                -0.6489                                  1.75605      1.32516  0.02533         461930  
0.02212 0.03039 nan     1000.0               10000.0                nan     11.34            5698.00            nan                nan                                  0.00000      0.00000  0.00000         9  
0.02212 0.03039 nan     10000.0               100000.0                nan     11.34            5698.00            nan                nan                                  0.00000      0.00000  0.00000         9  
0.03039 0.04175 0.03515     4.0               10.0                7.9     11.34            5698.00            2748.95                -0.6372                                  138.34454      11.76200  3.84407         25606  
0.03039 0.04175 0.03566     10.0               100.0                53.4     11.34            5698.00            3219.50                -0.6443                                  396.86579      19.92149  4.38488         596951  
0.03039 0.04175 0.03616     100.0               1000.0                186.3     11.34            5698.00            4273.97                -0.8132                                  9.05786      3.00963  0.12053         744291  
0.03039 0.04175 nan     1000.0               10000.0                nan     11.34            5698.00            nan                nan                                  0.00000      0.00000  0.00000         9  
0.03039 0.04175 nan     10000.0               100000.0                nan     11.34            5698.00            nan                nan                                  0.00000      0.00000  0.00000         9  
0.04175 0.05736 0.04764     4.0               10.0                8.3     11.34            5698.00            2721.79                -0.9120                                  115.03657      10.72551  12.78422         10333  
0.04175 0.05736 0.04895     10.0               100.0                54.3     11.34            5698.00            3092.79                -0.9404                                  436.21538      20.88577  7.77172         524746  
0.04175 0.05736 0.04957     100.0               1000.0                230.9     11.34            5698.00            4134.49                -1.1674                                  23.50176      4.84786  0.15709         1067901  
0.04175 0.05736 nan     1000.0               10000.0                nan     11.34            5698.00            nan                nan                                  0.00000      0.00000  0.00000         9  
0.04175 0.05736 nan     10000.0               100000.0                nan     11.34            5698.00            nan                nan                                  0.00000      0.00000  0.00000         9  
0.05736 0.07880 0.06506     4.0               10.0                8.5     11.34            5698.00            2702.01                -0.9768                                  116.05892      10.77306  16.47539         2824  
0.05736 0.07880 0.06719     10.0               100.0                55.7     11.34            5698.00            2992.09                -0.9957                                  667.16411      25.82952  8.23893         446254  
0.05736 0.07880 0.06799     100.0               1000.0                292.6     11.34            5698.00            4031.57                -1.2467                                  77.31450      8.79287  0.90896         1431559  
0.05736 0.07880 nan     1000.0               10000.0                nan     11.34            5698.00            nan                nan                                  0.00000      0.00000  0.00000         9  
0.05736 0.07880 nan     10000.0               100000.0                nan     11.34            5698.00            nan                nan                                  0.00000      0.00000  0.00000         9  
0.07880 0.10826 0.08921     4.0               10.0                8.3     11.34            5698.00            2685.80                -1.0944                                  87.32459      9.34476  16.53077         615  
0.07880 0.10826 0.09223     10.0               100.0                58.0     11.34            5698.00            2923.23                -1.1191                                  869.80283      29.49242  12.10107         367196  
0.07880 0.10826 0.09331     100.0               1000.0                376.5     11.34            5698.00            3954.55                -1.4073                                  183.37728      13.54169  0.95544         1832182  
0.07880 0.10826 0.10491     1000.0               10000.0                1031.6     11.34            5698.00            5521.16                -1.7666                                  0.00002      0.00399  0.00000         2780  
0.07880 0.10826 nan     10000.0               100000.0                nan     11.34            5698.00            nan                nan                                  0.00000      0.00000  0.00000         9  
0.10826 0.14874 0.12439     4.0               10.0                8.1     11.34            5698.00            2434.01                -1.3660                                  40.03858      6.32760  31.03403         156  
0.10826 0.14874 0.12662     10.0               100.0                61.1     11.34            5698.00            2866.81                -1.4327                                  756.94730      27.51268  8.00168         292665  
0.10826 0.14874 0.12774     100.0               1000.0                455.4     11.34            5698.00            3825.85                -1.8270                                  230.21128      15.17272  1.54034         2152864  
0.10826 0.14874 0.13464     1000.0               10000.0                1125.4     11.34            5698.00            5134.80                -2.2321                                  0.00332      0.05764  0.00007         132822  
0.10826 0.14874 nan     10000.0               100000.0                nan     11.34            5698.00            nan                nan                                  0.00000      0.00000  0.00000         9  
0.14874 0.20434 0.16796     4.0               10.0                7.7     11.34            5698.00            2648.35                -1.4797                                  5.83984      2.41658  7.23186         48  
0.14874 0.20434 0.17368     10.0               100.0                65.1     11.34            5698.00            2831.59                -1.5340                                  842.86495      29.03214  15.59898         221190  
0.14874 0.20434 0.17498     100.0               1000.0                497.7     11.34            5698.00            3624.57                -1.8821                                  410.09062      20.25069  2.34710         2225634  
0.14874 0.20434 0.17975     1000.0               10000.0                1268.3     11.34            5698.00            4787.09                -2.2915                                  0.13765      0.37101  0.00139         574731  
0.14874 0.20434 nan     10000.0               100000.0                nan     11.34            5698.00            nan                nan                                  0.00000      0.00000  0.00000         9  
0.20434 0.28072 nan     4.0               10.0                nan     11.34            5698.00            nan                nan                                  1.17187      1.08253  3.31454         14  
0.20434 0.28072 0.23795     10.0               100.0                70.3     11.34            5698.00            2799.87                -1.6665                                  976.19408      31.24410  16.09383         156529  
0.20434 0.28072 0.24005     100.0               1000.0                519.6     11.34            5698.00            3428.25                -1.9722                                  727.41799      26.97069  6.24774         2118019  
0.20434 0.28072 0.24443     1000.0               10000.0                1478.1     11.34            5698.00            4514.69                -2.4343                                  1.50793      1.22798  0.00701         1261478  
0.20434 0.28072 nan     10000.0               100000.0                nan     11.34            5698.00            nan                nan                                  0.00000      0.00000  0.00000         9  
0.28072 0.38566 nan     4.0               10.0                nan     11.34            5698.00            nan                nan                                  0.00000      0.00000  0.00000         9  
0.28072 0.38566 0.32498     10.0               100.0                76.2     11.34            5698.00            2772.99                -1.9827                                  693.23972      26.32945  28.22337         94993  
0.28072 0.38566 0.32940     100.0               1000.0                532.7     11.34            5698.00            3260.34                -2.2968                                  696.13775      26.38442  5.46891         1922548  
0.28072 0.38566 0.33424     1000.0               10000.0                1774.8     11.34            5698.00            4313.89                -2.9210                                  3.85859      1.96433  0.01677         2115881  
0.28072 0.38566 nan     10000.0               100000.0                nan     11.34            5698.00            nan                nan                                  0.00000      0.00000  0.00000         9  
0.38566 0.52983 nan     4.0               10.0                nan     11.34            5698.00            nan                nan                                  0.00000      0.00000  0.00000         9  
0.38566 0.52983 0.44098     10.0               100.0                81.0     11.34            5698.00            2740.38                -2.2872                                  510.72971      22.59933  24.45643         42768  
0.38566 0.52983 0.45171     100.0               1000.0                542.6     11.34            5698.00            3121.74                -2.5884                                  661.11848      25.71222  5.43222         1664690  
0.38566 0.52983 0.45770     1000.0               10000.0                2188.4     11.34            5698.00            4165.22                -3.3724                                  8.05568      2.83825  0.04573         3075918  
0.38566 0.52983 nan     10000.0               100000.0                nan     11.34            5698.00            nan                nan                                  0.00000      0.00000  0.00000         9  
0.52983 0.72790 nan     4.0               10.0                nan     11.34            5698.00            nan                nan                                  0.00000      0.00000  0.00000         9  
0.52983 0.72790 0.60104     10.0               100.0                83.2     11.34            5698.00            2724.81                -2.4287                                  501.56194      22.39558  49.57084         12484  
0.52983 0.72790 0.61799     100.0               1000.0                555.4     11.34            5698.00            3013.43                -2.6999                                  966.85715      31.09433  8.38746         1293613  
0.52983 0.72790 0.62595     1000.0               10000.0                2774.4     11.34            5698.00            4049.72                -3.5111                                  28.48600      5.33723  0.14642         3901875  
0.52983 0.72790 nan     10000.0               100000.0                nan     11.34            5698.00            nan                nan                                  0.00000      0.00000  0.00000         9  
0.72790 1.00000 nan     4.0               10.0                nan     11.34            5698.00            nan                nan                                  0.00000      0.00000  0.00000         9  
0.72790 1.00000 0.82662     10.0               100.0                82.3     11.34            5698.00            2651.17                -2.7837                                  311.14363      17.63926  56.18485         2913  
0.72790 1.00000 0.84188     100.0               1000.0                569.3     11.34            5698.00            2975.30                -3.0496                                  730.94552      27.03600  7.57638         798460  
0.72790 1.00000 0.84801     1000.0               10000.0                3516.3     11.34            5698.00            3970.10                -3.8959                                  44.32972      6.65806  0.32027         3607457  
0.72790 1.00000 0.98755     10000.0               100000.0                10118.7     11.34            5698.00            5638.67                -6.3298                                  0.00000      0.00002  0.00000         202  
