           1
     5249747
 FASER$\nu$2 $\nu_{\mu}+\bar{\nu}_{\mu}$                                         
Plot1@Experiment:FASER#nu2 #nu_{#mu}+#bar{#nu}_{#mu}@ExtraLabel:#nu p (CC) @XTitle: x @YTitle: d^{2}#sigma/dxdQ^{2} @Title:Q^{2} > 4 @Ymin:0.01@Xlog@Ylog
Plot2@Experiment:FASER#nu2 #nu_{#mu}+#bar{#nu}_{#mu}@ExtraLabel:#nu p (CC) @XTitle: x @YTitle: d^{2}#sigma/dxdQ^{2} @Title:Q^{2} > 10 @Ymin:0.01@Xlog@Ylog
Plot3@Experiment:FASER#nu2 #nu_{#mu}+#bar{#nu}_{#mu}@ExtraLabel:#nu p (CC) @XTitle: x @YTitle: d^{2}#sigma/dxdQ^{2} @Title:Q^{2} > 100 @Ymin:0.01@Xlog@Ylog
Plot4@Experiment:FASER#nu2 #nu_{#mu}+#bar{#nu}_{#mu}@ExtraLabel:#nu p (CC) @XTitle: x @YTitle: d^{2}#sigma/dxdQ^{2} @Title:Q^{2} > 1000 @Ymin:0.01@Xlog@Ylog
 x           Q2          dummy          data      +- uncor     +- tot     th orig         th mod   therr+         therr-     pull    iset       iplot
 0.10950E-02 0.70000E+01 0.00000E+00 0.14868E+02 0.42427E+01 0.64162E+01 0.65045E+01 0.28169E+03 0.34574E+01 0.27022E+01 -.62890E+02      5249747   2/0.10950E-02
 0.15050E-02 0.70000E+01 0.00000E+00 0.12299E+02 0.18119E+01 0.27921E+01 0.52117E+01 0.18297E+03 0.23502E+01 0.18574E+01 -.94197E+02      5249747   2/0.15050E-02
 0.20700E-02 0.70000E+01 0.00000E+00 0.73745E+01 0.84287E+00 0.11263E+01 0.41672E+01 0.11144E+03 0.15819E+01 0.12509E+01 -.12346E+03      5249747   2/0.20700E-02
 0.28450E-02 0.70000E+01 0.00000E+00 0.60016E+01 0.44154E+00 0.60871E+00 0.32953E+01 0.64015E+02 0.10548E+01 0.81739E+00 -.13139E+03      5249747   2/0.28450E-02
 0.28450E-02 0.55000E+02 0.00000E+00 0.59205E+01 0.10428E+01 0.14484E+01 0.30881E+01 0.83263E+02 0.10381E+01 0.77381E+00 -.74165E+02      5249747   3/0.28450E-02
 0.39050E-02 0.70000E+01 0.00000E+00 0.50379E+01 0.24062E+00 0.34328E+00 0.25725E+01 0.33361E+02 0.69591E+00 0.52152E+00 -.11771E+03      5249747   2/0.39050E-02
 0.39050E-02 0.55000E+02 0.00000E+00 0.51447E+01 0.42810E+00 0.62882E+00 0.24069E+01 0.51893E+02 0.68703E+00 0.49633E+00 -.10920E+03      5249747   3/0.39050E-02
 0.53650E-02 0.70000E+01 0.00000E+00 0.32753E+01 0.13901E+00 0.18098E+00 0.19795E+01 0.15130E+02 0.45532E+00 0.32988E+00 -.85279E+02      5249747   2/0.53650E-02
 0.53650E-02 0.55000E+02 0.00000E+00 0.33146E+01 0.19489E+00 0.26250E+00 0.18799E+01 0.33588E+02 0.46968E+00 0.31949E+00 -.15533E+03      5249747   3/0.53650E-02
 0.73700E-02 0.70000E+01 0.00000E+00 0.21951E+01 0.85153E-01 0.10936E+00 0.15077E+01 0.61141E+01 0.29766E+00 0.20687E+00 -.46023E+02      5249747   2/0.73700E-02
 0.73700E-02 0.55000E+02 0.00000E+00 0.21884E+01 0.91536E-01 0.11656E+00 0.14204E+01 0.20662E+02 0.30670E+00 0.19775E+00 -.20182E+03      5249747   3/0.73700E-02
 0.10125E-01 0.70000E+01 0.00000E+00 0.18411E+01 0.51811E-01 0.67613E-01 0.11355E+01 0.24392E+01 0.19508E+00 0.12835E+00 -.11544E+02      5249747   2/0.10125E-01
 0.10125E-01 0.55000E+02 0.00000E+00 0.18200E+01 0.46962E-01 0.63725E-01 0.10635E+01 0.13102E+02 0.20079E+00 0.12134E+00 -.24023E+03      5249747   3/0.10125E-01
 0.13910E-01 0.70000E+01 0.00000E+00 0.12666E+01 0.36028E-01 0.51293E-01 0.84488E+00 0.12971E+01 0.12571E+00 0.79035E-01 -.84886E+00      5249747   2/0.13910E-01
 0.13910E-01 0.55000E+02 0.00000E+00 0.12524E+01 0.27818E-01 0.39428E-01 0.80741E+00 0.79877E+01 0.12990E+00 0.74017E-01 -.24212E+03      5249747   3/0.13910E-01
 0.19110E-01 0.70000E+01 0.00000E+00 0.74488E+00 0.26354E-01 0.35144E-01 0.62334E+00 0.10904E+01 0.78335E-01 0.49699E-01 -.13109E+02      5249747   2/0.19110E-01
 0.19110E-01 0.55000E+02 0.00000E+00 0.73124E+00 0.16116E-01 0.19661E-01 0.61218E+00 0.49421E+01 0.81777E-01 0.44481E-01 -.26128E+03      5249747   3/0.19110E-01
 0.19110E-01 0.55000E+03 0.00000E+00 0.60793E+00 0.12465E+00 0.14245E+00 0.46778E+00 0.62573E+01 0.78157E-01 0.41817E-01 -.45323E+02      5249747   4/0.19110E-01
 0.26255E-01 0.70000E+01 0.00000E+00 0.63019E+00 0.18948E-01 0.29714E-01 0.45694E+00 0.93005E+00 0.46985E-01 0.32512E-01 -.15826E+02      5249747   2/0.26255E-01
 0.26255E-01 0.55000E+02 0.00000E+00 0.64039E+00 0.10080E-01 0.14433E-01 0.45824E+00 0.29827E+01 0.49057E-01 0.27108E-01 -.23237E+03      5249747   3/0.26255E-01
 0.26255E-01 0.55000E+03 0.00000E+00 0.51496E+00 0.39497E-01 0.48766E-01 0.33937E+00 0.39679E+01 0.47154E-01 0.25463E-01 -.87424E+02      5249747   4/0.26255E-01
 0.36070E-01 0.70000E+01 0.00000E+00 0.45811E+00 0.11171E-01 0.16129E-01 0.33378E+00 0.10333E+00 0.27573E-01 0.21877E-01 0.31757E+02      5249747   2/0.36070E-01
 0.36070E-01 0.55000E+02 0.00000E+00 0.47092E+00 0.64925E-02 0.97784E-02 0.33755E+00 0.12871E+01 0.28435E-01 0.17924E-01 -.12571E+03      5249747   3/0.36070E-01
 0.36070E-01 0.55000E+03 0.00000E+00 0.35981E+00 0.14794E-01 0.18460E-01 0.24120E+00 0.22086E+01 0.27639E-01 0.16306E-01 -.12497E+03      5249747   4/0.36070E-01
 0.49555E-01 0.70000E+01 0.00000E+00 0.24484E+00 0.11940E-01 0.15886E-01 0.24267E+00 0.10008E+00 0.17673E-01 0.14497E-01 0.12125E+02      5249747   2/0.49555E-01
 0.49555E-01 0.55000E+02 0.00000E+00 0.24155E+00 0.35929E-02 0.40488E-02 0.24364E+00 0.88008E+00 0.17805E-01 0.12335E-01 -.17772E+03      5249747   3/0.49555E-01
 0.49555E-01 0.55000E+03 0.00000E+00 0.17539E+00 0.57619E-02 0.60196E-02 0.16655E+00 0.13548E+01 0.16590E-01 0.11348E-01 -.20468E+03      5249747   4/0.49555E-01
 0.68080E-01 0.70000E+01 0.00000E+00 0.20877E+00 0.99708E-02 0.16007E-01 0.17427E+00 0.51845E-01 0.10349E-01 0.10045E-01 0.15739E+02      5249747   2/0.68080E-01
 0.68080E-01 0.55000E+02 0.00000E+00 0.21064E+00 0.24143E-02 0.32650E-02 0.17202E+00 0.83336E+00 0.11306E-01 0.86566E-02 -.25793E+03      5249747   3/0.68080E-01
 0.68080E-01 0.55000E+03 0.00000E+00 0.14668E+00 0.27786E-02 0.35463E-02 0.11129E+00 0.81388E+00 0.97098E-02 0.79070E-02 -.24012E+03      5249747   4/0.68080E-01
 0.93530E-01 0.70000E+01 0.00000E+00 0.15683E+00 0.11184E-01 0.19871E-01 0.12233E+00 -.13290E+00 0.58611E-02 0.64227E-02 0.25907E+02      5249747   2/0.93530E-01
 0.93530E-01 0.55000E+02 0.00000E+00 0.15829E+00 0.16747E-02 0.25817E-02 0.11797E+00 0.33353E+00 0.60344E-02 0.57112E-02 -.10464E+03      5249747   3/0.93530E-01
 0.93530E-01 0.55000E+03 0.00000E+00 0.10428E+00 0.12180E-02 0.15251E-02 0.71485E-01 0.40511E+00 0.54809E-02 0.49862E-02 -.24699E+03      5249747   4/0.93530E-01
 0.12850E+00 0.70000E+01 0.00000E+00 0.84034E-01 0.85118E-02 0.11983E-01 0.83428E-01 0.95113E-01 0.38704E-02 0.37687E-02 -.13017E+01      5249747   2/0.12850E+00
 0.12850E+00 0.55000E+02 0.00000E+00 0.77865E-01 0.11495E-02 0.14478E-02 0.78143E-01 0.28438E+00 0.37928E-02 0.35596E-02 -.17965E+03      5249747   3/0.12850E+00
 0.12850E+00 0.55000E+03 0.00000E+00 0.46097E-01 0.59005E-03 0.62664E-03 0.45988E-01 0.34016E+00 0.34099E-02 0.28307E-02 -.49837E+03      5249747   4/0.12850E+00
 0.17654E+00 0.70000E+01 0.00000E+00 0.65992E-01 0.95220E-02 0.16130E-01 0.54767E-01 0.22727E+00 0.26136E-02 0.21393E-02 -.16938E+02      5249747   2/0.17654E+00
 0.17654E+00 0.55000E+02 0.00000E+00 0.61449E-01 0.71078E-03 0.10701E-02 0.49369E-01 0.29564E+00 0.24959E-02 0.19995E-02 -.32948E+03      5249747   3/0.17654E+00
 0.17654E+00 0.55000E+03 0.00000E+00 0.37806E-01 0.36686E-03 0.50498E-03 0.29098E-01 0.29842E+00 0.20928E-02 0.14939E-02 -.71038E+03      5249747   4/0.17654E+00
 0.17654E+00 0.55000E+04 0.00000E+00 0.24057E-01 0.27475E-02 0.32681E-02 0.17093E-01 0.20498E+00 0.15669E-02 0.11743E-02 -.65848E+02      5249747 999/0.17654E+00
 0.24253E+00 0.70000E+01 0.00000E+00 0.48896E-01 0.73282E-02 0.14967E-01 0.33689E-01 0.11669E+00 0.14972E-02 0.14808E-02 -.92516E+01      5249747   2/0.24253E+00
 0.24253E+00 0.55000E+02 0.00000E+00 0.45054E-01 0.49182E-03 0.95111E-03 0.28837E-01 0.21351E+00 0.14862E-02 0.11406E-02 -.34253E+03      5249747   3/0.24253E+00
 0.24253E+00 0.55000E+03 0.00000E+00 0.28422E-01 0.17737E-03 0.25967E-03 0.17058E-01 0.14995E+00 0.10837E-02 0.83655E-03 -.68515E+03      5249747   4/0.24253E+00
 0.24253E+00 0.55000E+04 0.00000E+00 0.16523E-01 0.69646E-03 0.95200E-03 0.89750E-02 0.10315E+00 0.76250E-03 0.58988E-03 -.12439E+03      5249747 999/0.24253E+00
 0.33319E+00 0.70000E+01 0.00000E+00 0.25023E-01 0.25695E-02 0.49091E-02 0.18284E-01 0.69810E-01 0.84408E-03 0.84916E-03 -.17430E+02      5249747   2/0.33319E+00
 0.33319E+00 0.55000E+02 0.00000E+00 0.21478E-01 0.33068E-03 0.63469E-03 0.14548E-01 0.93882E-01 0.74044E-03 0.62593E-03 -.21895E+03      5249747   3/0.33319E+00
 0.33319E+00 0.55000E+03 0.00000E+00 0.13035E-01 0.87315E-04 0.12075E-03 0.85062E-02 0.71596E-01 0.50634E-03 0.40714E-03 -.67069E+03      5249747   4/0.33319E+00
 0.33319E+00 0.55000E+04 0.00000E+00 0.62840E-02 0.18862E-03 0.24325E-03 0.38739E-02 0.43463E-01 0.30916E-03 0.25251E-03 -.19711E+03      5249747 999/0.33319E+00
 0.45775E+00 0.70000E+01 0.00000E+00 0.14270E-01 0.19762E-02 0.50504E-02 0.78214E-02 0.30000E-01 0.44368E-03 0.42367E-03 -.79594E+01      5249747   2/0.45775E+00
 0.45775E+00 0.55000E+02 0.00000E+00 0.10925E-01 0.18394E-03 0.47510E-03 0.55507E-02 0.37145E-01 0.32213E-03 0.28582E-03 -.14254E+03      5249747   3/0.45775E+00
 0.45775E+00 0.55000E+03 0.00000E+00 0.64559E-02 0.39127E-04 0.69007E-04 0.31185E-02 0.27536E-01 0.20018E-03 0.17252E-03 -.53876E+03      5249747   4/0.45775E+00
 0.45775E+00 0.55000E+04 0.00000E+00 0.26987E-02 0.46840E-04 0.73229E-04 0.11746E-02 0.13982E-01 0.10009E-03 0.84834E-04 -.24090E+03      5249747 999/0.45775E+00
 0.62887E+00 0.70000E+01 0.00000E+00 0.98999E-02 0.32921E-03 0.19384E-02 0.21126E-02 0.15089E-01 0.17660E-03 0.15910E-03 -.15762E+02      5249747   2/0.62887E+00
 0.62887E+00 0.55000E+02 0.00000E+00 0.76868E-02 0.51076E-04 0.38767E-03 0.11932E-02 0.13013E-01 0.10815E-03 0.95892E-04 -.10428E+03      5249747   3/0.62887E+00
 0.62887E+00 0.55000E+03 0.00000E+00 0.47216E-02 0.13088E-04 0.62301E-04 0.61503E-03 0.74596E-02 0.58839E-04 0.52273E-04 -.20921E+03      5249747   4/0.62887E+00
 0.62887E+00 0.55000E+04 0.00000E+00 0.18078E-02 0.99209E-05 0.33624E-04 0.18073E-03 0.24042E-02 0.20526E-04 0.17914E-04 -.60115E+02      5249747 999/0.62887E+00
 0.86395E+00 0.70000E+01 0.00000E+00 0.40288E-02 0.10470E-03 0.23975E-02 0.22774E-03 0.23788E-02 0.37051E-04 0.36472E-04 0.15760E+02      5249747   2/0.86395E+00
 0.86395E+00 0.55000E+02 0.00000E+00 0.31002E-02 0.86448E-05 0.12469E-03 0.12962E-03 -.19047E-02 0.49810E-04 0.64530E-04 0.57895E+03      5249747   3/0.86395E+00
 0.86395E+00 0.55000E+03 0.00000E+00 0.19649E-02 0.32425E-05 0.26328E-04 0.68077E-04 -.15036E-02 0.32295E-04 0.43225E-04 0.10697E+04      5249747   4/0.86395E+00
 0.86395E+00 0.55000E+04 0.00000E+00 0.69620E-03 0.17570E-05 0.13384E-04 0.15860E-04 -.32744E-03 0.87448E-05 0.11404E-04 0.58259E+03      5249747 999/0.86395E+00
