Experiment = FASERv2 | seed 2 | Neutrino = -14 | Exp. Target density (nucleons / cm3) = 10^(25.1) | Exp. Target Length = 660 cm | Total Events = 24395.1 |        del_theta = 0.06 mrad, theta_max = 50.0 mrad |        del_Elepton = 30.0 % , Elepton_min = 100.00 GeV, Elepton_max = 10000.00 GeV|        del_Ehadron = 30.0 %, Ehadron_min = 100.00 GeV GeV, Ehadron_max = 10000.00 GeV
x_lower         x_upper         x_avg          Q2_lower[GeV^2]      Q2_upper[GeV^2]      Q2_avg[GeV^2]       E_nu_lower[GeV]      E_nu_upper[GeV]      E_nu_avg[GeV]       d^sigma/dxdQ2(x_avg,Q2_avg,Enu_avg) pb / GeV^2         N_events        N_events_errs = Sqrt[N_events]     N_sys_errs          Percent_error_theta       Percent_error_Elepton    Percent_error_Ehadron    MC_Samples 
1.000000e-04    1.373824e-04    nan            4.000000e+00         1.000000e+01         nan                 1.133635e+01         5.698000e+03         nan                 nan                                                    0.000000e+00    nan                                nan                 nan                       nan                      nan                      nan 
1.000000e-04    1.373824e-04    nan            1.000000e+01         1.000000e+02         nan                 1.133635e+01         5.698000e+03         nan                 nan                                                    0.000000e+00    nan                                nan                 nan                       nan                      nan                      nan 
1.000000e-04    1.373824e-04    nan            1.000000e+02         1.000000e+03         nan                 1.133635e+01         5.698000e+03         nan                 nan                                                    0.000000e+00    nan                                nan                 nan                       nan                      nan                      nan 
1.000000e-04    1.373824e-04    nan            1.000000e+03         1.000000e+04         nan                 1.133635e+01         5.698000e+03         nan                 nan                                                    0.000000e+00    nan                                nan                 nan                       nan                      nan                      nan 
1.000000e-04    1.373824e-04    nan            1.000000e+04         1.000000e+05         nan                 1.133635e+01         5.698000e+03         nan                 nan                                                    0.000000e+00    nan                                nan                 nan                       nan                      nan                      nan 
1.373824e-04    1.887392e-04    nan            4.000000e+00         1.000000e+01         nan                 1.133635e+01         5.698000e+03         nan                 nan                                                    0.000000e+00    nan                                nan                 nan                       nan                      nan                      nan 
1.373824e-04    1.887392e-04    nan            1.000000e+01         1.000000e+02         nan                 1.133635e+01         5.698000e+03         nan                 nan                                                    0.000000e+00    nan                                nan                 nan                       nan                      nan                      nan 
1.373824e-04    1.887392e-04    nan            1.000000e+02         1.000000e+03         nan                 1.133635e+01         5.698000e+03         nan                 nan                                                    0.000000e+00    nan                                nan                 nan                       nan                      nan                      nan 
1.373824e-04    1.887392e-04    nan            1.000000e+03         1.000000e+04         nan                 1.133635e+01         5.698000e+03         nan                 nan                                                    0.000000e+00    nan                                nan                 nan                       nan                      nan                      nan 
1.373824e-04    1.887392e-04    nan            1.000000e+04         1.000000e+05         nan                 1.133635e+01         5.698000e+03         nan                 nan                                                    0.000000e+00    nan                                nan                 nan                       nan                      nan                      nan 
1.887392e-04    2.592944e-04    nan            4.000000e+00         1.000000e+01         nan                 1.133635e+01         5.698000e+03         nan                 nan                                                    0.000000e+00    nan                                nan                 nan                       nan                      nan                      nan 
1.887392e-04    2.592944e-04    nan            1.000000e+01         1.000000e+02         nan                 1.133635e+01         5.698000e+03         nan                 nan                                                    0.000000e+00    nan                                nan                 nan                       nan                      nan                      nan 
1.887392e-04    2.592944e-04    nan            1.000000e+02         1.000000e+03         nan                 1.133635e+01         5.698000e+03         nan                 nan                                                    0.000000e+00    nan                                nan                 nan                       nan                      nan                      nan 
1.887392e-04    2.592944e-04    nan            1.000000e+03         1.000000e+04         nan                 1.133635e+01         5.698000e+03         nan                 nan                                                    0.000000e+00    nan                                nan                 nan                       nan                      nan                      nan 
1.887392e-04    2.592944e-04    nan            1.000000e+04         1.000000e+05         nan                 1.133635e+01         5.698000e+03         nan                 nan                                                    0.000000e+00    nan                                nan                 nan                       nan                      nan                      nan 
2.592944e-04    3.562248e-04    nan            4.000000e+00         1.000000e+01         nan                 1.133635e+01         5.698000e+03         nan                 nan                                                    0.000000e+00    nan                                nan                 nan                       nan                      nan                      nan 
2.592944e-04    3.562248e-04    nan            1.000000e+01         1.000000e+02         nan                 1.133635e+01         5.698000e+03         nan                 nan                                                    0.000000e+00    nan                                nan                 nan                       nan                      nan                      nan 
2.592944e-04    3.562248e-04    nan            1.000000e+02         1.000000e+03         nan                 1.133635e+01         5.698000e+03         nan                 nan                                                    0.000000e+00    nan                                nan                 nan                       nan                      nan                      nan 
2.592944e-04    3.562248e-04    nan            1.000000e+03         1.000000e+04         nan                 1.133635e+01         5.698000e+03         nan                 nan                                                    0.000000e+00    nan                                nan                 nan                       nan                      nan                      nan 
2.592944e-04    3.562248e-04    nan            1.000000e+04         1.000000e+05         nan                 1.133635e+01         5.698000e+03         nan                 nan                                                    0.000000e+00    nan                                nan                 nan                       nan                      nan                      nan 
3.562248e-04    4.893901e-04    nan            4.000000e+00         1.000000e+01         nan                 1.133635e+01         5.698000e+03         nan                 nan                                                    0.000000e+00    nan                                nan                 nan                       nan                      nan                      nan 
3.562248e-04    4.893901e-04    nan            1.000000e+01         1.000000e+02         nan                 1.133635e+01         5.698000e+03         nan                 nan                                                    0.000000e+00    nan                                nan                 nan                       nan                      nan                      nan 
3.562248e-04    4.893901e-04    nan            1.000000e+02         1.000000e+03         nan                 1.133635e+01         5.698000e+03         nan                 nan                                                    0.000000e+00    nan                                nan                 nan                       nan                      nan                      nan 
3.562248e-04    4.893901e-04    nan            1.000000e+03         1.000000e+04         nan                 1.133635e+01         5.698000e+03         nan                 nan                                                    0.000000e+00    nan                                nan                 nan                       nan                      nan                      nan 
3.562248e-04    4.893901e-04    nan            1.000000e+04         1.000000e+05         nan                 1.133635e+01         5.698000e+03         nan                 nan                                                    0.000000e+00    nan                                nan                 nan                       nan                      nan                      nan 
4.893901e-04    6.723358e-04    6.611405e-04   4.000000e+00         1.000000e+01         4.700152e+00        1.133635e+01         5.698000e+03         4.147648e+03        6.753084e+00                                           8.427758e-02    2.903060e-01                       0.0688267           0.316667                  0.366667                 0.266667                 6.116000e+04 
4.893901e-04    6.723358e-04    nan            1.000000e+01         1.000000e+02         nan                 1.133635e+01         5.698000e+03         nan                 nan                                                    0.000000e+00    nan                                nan                 nan                       nan                      nan                      nan 
4.893901e-04    6.723358e-04    nan            1.000000e+02         1.000000e+03         nan                 1.133635e+01         5.698000e+03         nan                 nan                                                    0.000000e+00    nan                                nan                 nan                       nan                      nan                      nan 
4.893901e-04    6.723358e-04    nan            1.000000e+03         1.000000e+04         nan                 1.133635e+01         5.698000e+03         nan                 nan                                                    0.000000e+00    nan                                nan                 nan                       nan                      nan                      nan 
4.893901e-04    6.723358e-04    nan            1.000000e+04         1.000000e+05         nan                 1.133635e+01         5.698000e+03         nan                 nan                                                    0.000000e+00    nan                                nan                 nan                       nan                      nan                      nan 
6.723358e-04    9.236709e-04    8.135634e-04   4.000000e+00         1.000000e+01         4.769681e+00        1.133635e+01         5.698000e+03         3.750304e+03        5.714680e+00                                           7.499598e-01    8.660022e-01                       0.0603864           0.0831169                 0.135065                 0.290909                 1.892290e+05 
6.723358e-04    9.236709e-04    nan            1.000000e+01         1.000000e+02         nan                 1.133635e+01         5.698000e+03         nan                 nan                                                    0.000000e+00    nan                                nan                 nan                       nan                      nan                      nan 
6.723358e-04    9.236709e-04    nan            1.000000e+02         1.000000e+03         nan                 1.133635e+01         5.698000e+03         nan                 nan                                                    0.000000e+00    nan                                nan                 nan                       nan                      nan                      nan 
6.723358e-04    9.236709e-04    nan            1.000000e+03         1.000000e+04         nan                 1.133635e+01         5.698000e+03         nan                 nan                                                    0.000000e+00    nan                                nan                 nan                       nan                      nan                      nan 
6.723358e-04    9.236709e-04    nan            1.000000e+04         1.000000e+05         nan                 1.133635e+01         5.698000e+03         nan                 nan                                                    0.000000e+00    nan                                nan                 nan                       nan                      nan                      nan 
9.236709e-04    1.268961e-03    1.131517e-03   4.000000e+00         1.000000e+01         5.280402e+00        1.133635e+01         5.698000e+03         3.206828e+03        4.064247e+00                                           3.412210e+00    1.847217e+00                       0.232142            0.0997268                 0.143716                 0.215574                 3.809260e+05 
9.236709e-04    1.268961e-03    1.088849e-03   1.000000e+01         1.000000e+02         1.006790e+01        1.133635e+01         5.698000e+03         5.226446e+03        5.283521e+00                                           1.238047e-02    1.112676e-01                       0.0507599           0.6                       1.2                      4.0                      1.470000e+03 
9.236709e-04    1.268961e-03    nan            1.000000e+02         1.000000e+03         nan                 1.133635e+01         5.698000e+03         nan                 nan                                                    0.000000e+00    nan                                nan                 nan                       nan                      nan                      nan 
9.236709e-04    1.268961e-03    nan            1.000000e+03         1.000000e+04         nan                 1.133635e+01         5.698000e+03         nan                 nan                                                    0.000000e+00    nan                                nan                 nan                       nan                      nan                      nan 
9.236709e-04    1.268961e-03    nan            1.000000e+04         1.000000e+05         nan                 1.133635e+01         5.698000e+03         nan                 nan                                                    0.000000e+00    nan                                nan                 nan                       nan                      nan                      nan 
1.268961e-03    1.743329e-03    1.535903e-03   4.000000e+00         1.000000e+01         5.601310e+00        1.133635e+01         5.698000e+03         2.634879e+03        2.828226e+00                                           1.097790e+01    3.313291e+00                       0.311768            0.0357077                 0.0168363                0.144958                 5.446930e+05 
1.268961e-03    1.743329e-03    1.603597e-03   1.000000e+01         1.000000e+02         1.131497e+01        1.133635e+01         5.698000e+03         4.353726e+03        3.633117e+00                                           3.509965e-01    5.924496e-01                       0.283365            0.0829268                 0.119512                 0.619512                 1.181700e+04 
1.268961e-03    1.743329e-03    nan            1.000000e+02         1.000000e+03         nan                 1.133635e+01         5.698000e+03         nan                 nan                                                    0.000000e+00    nan                                nan                 nan                       nan                      nan                      nan 
1.268961e-03    1.743329e-03    nan            1.000000e+03         1.000000e+04         nan                 1.133635e+01         5.698000e+03         nan                 nan                                                    0.000000e+00    nan                                nan                 nan                       nan                      nan                      nan 
1.268961e-03    1.743329e-03    nan            1.000000e+04         1.000000e+05         nan                 1.133635e+01         5.698000e+03         nan                 nan                                                    0.000000e+00    nan                                nan                 nan                       nan                      nan                      nan 
1.743329e-03    2.395027e-03    2.092265e-03   4.000000e+00         1.000000e+01         5.824857e+00        1.133635e+01         5.698000e+03         2.219413e+03        2.024707e+00                                           2.720849e+01    5.216176e+00                       1.66923             0.0481054                 0.0195597                0.160159                 6.645390e+05 
1.743329e-03    2.395027e-03    2.149198e-03   1.000000e+01         1.000000e+02         1.218034e+01        1.133635e+01         5.698000e+03         3.720737e+03        2.612347e+00                                           2.711457e+00    1.646650e+00                       1.09539             0.059058                  0.0376812                0.256884                 3.513100e+04 
1.743329e-03    2.395027e-03    nan            1.000000e+02         1.000000e+03         nan                 1.133635e+01         5.698000e+03         nan                 nan                                                    0.000000e+00    nan                                nan                 nan                       nan                      nan                      nan 
1.743329e-03    2.395027e-03    nan            1.000000e+03         1.000000e+04         nan                 1.133635e+01         5.698000e+03         nan                 nan                                                    0.000000e+00    nan                                nan                 nan                       nan                      nan                      nan 
1.743329e-03    2.395027e-03    nan            1.000000e+04         1.000000e+05         nan                 1.133635e+01         5.698000e+03         nan                 nan                                                    0.000000e+00    nan                                nan                 nan                       nan                      nan                      nan 
2.395027e-03    3.290345e-03    2.860807e-03   4.000000e+00         1.000000e+01         6.127193e+00        1.133635e+01         5.698000e+03         1.850303e+03        1.465496e+00                                           5.561445e+01    7.457510e+00                       1.78142             0.03079                   0.0320677                0.144844                 7.513910e+05 
2.395027e-03    3.290345e-03    2.922180e-03   1.000000e+01         1.000000e+02         1.331061e+01        1.133635e+01         5.698000e+03         3.149432e+03        1.947727e+00                                           1.206861e+01    3.473991e+00                       2.44258             0.0172502                 0.0515798                0.170196                 7.252700e+04 
2.395027e-03    3.290345e-03    nan            1.000000e+02         1.000000e+03         nan                 1.133635e+01         5.698000e+03         nan                 nan                                                    0.000000e+00    nan                                nan                 nan                       nan                      nan                      nan 
2.395027e-03    3.290345e-03    nan            1.000000e+03         1.000000e+04         nan                 1.133635e+01         5.698000e+03         nan                 nan                                                    0.000000e+00    nan                                nan                 nan                       nan                      nan                      nan 
2.395027e-03    3.290345e-03    nan            1.000000e+04         1.000000e+05         nan                 1.133635e+01         5.698000e+03         nan                 nan                                                    0.000000e+00    nan                                nan                 nan                       nan                      nan                      nan 
3.290345e-03    4.520354e-03    3.931671e-03   4.000000e+00         1.000000e+01         6.353297e+00        1.133635e+01         5.698000e+03         1.555622e+03        1.029799e+00                                           9.896771e+01    9.948252e+00                       5.22269             0.029098                  0.016511                 0.129992                 8.155390e+05 
3.290345e-03    4.520354e-03    3.961825e-03   1.000000e+01         1.000000e+02         1.446618e+01        1.133635e+01         5.698000e+03         2.667969e+03        1.373935e+00                                           3.919329e+01    6.260454e+00                       4.32713             0.00606061                0.051247                 0.0653795                1.287230e+05 
3.290345e-03    4.520354e-03    nan            1.000000e+02         1.000000e+03         nan                 1.133635e+01         5.698000e+03         nan                 nan                                                    0.000000e+00    nan                                nan                 nan                       nan                      nan                      nan 
3.290345e-03    4.520354e-03    nan            1.000000e+03         1.000000e+04         nan                 1.133635e+01         5.698000e+03         nan                 nan                                                    0.000000e+00    nan                                nan                 nan                       nan                      nan                      nan 
3.290345e-03    4.520354e-03    nan            1.000000e+04         1.000000e+05         nan                 1.133635e+01         5.698000e+03         nan                 nan                                                    0.000000e+00    nan                                nan                 nan                       nan                      nan                      nan 
4.520354e-03    6.210169e-03    5.388681e-03   4.000000e+00         1.000000e+01         6.470245e+00        1.133635e+01         5.698000e+03         1.311544e+03        7.075456e-01                                           1.562987e+02    1.250195e+01                       9.10473             0.0198428                 0.00665828               0.112449                 8.613590e+05 
4.520354e-03    6.210169e-03    5.448679e-03   1.000000e+01         1.000000e+02         1.601252e+01        1.133635e+01         5.698000e+03         2.290147e+03        9.352748e-01                                           9.825503e+01    9.912367e+00                       6.07996             0.00444279                0.0428724                0.0140102                2.081960e+05 
4.520354e-03    6.210169e-03    nan            1.000000e+02         1.000000e+03         nan                 1.133635e+01         5.698000e+03         nan                 nan                                                    0.000000e+00    nan                                nan                 nan                       nan                      nan                      nan 
4.520354e-03    6.210169e-03    nan            1.000000e+03         1.000000e+04         nan                 1.133635e+01         5.698000e+03         nan                 nan                                                    0.000000e+00    nan                                nan                 nan                       nan                      nan                      nan 
4.520354e-03    6.210169e-03    nan            1.000000e+04         1.000000e+05         nan                 1.133635e+01         5.698000e+03         nan                 nan                                                    0.000000e+00    nan                                nan                 nan                       nan                      nan                      nan 
6.210169e-03    8.531679e-03    7.385422e-03   4.000000e+00         1.000000e+01         6.588937e+00        1.133635e+01         5.698000e+03         1.091869e+03        4.714722e-01                                           2.241184e+02    1.497058e+01                       10.1884             0.0146813                 0.00573851               0.0803258                8.949310e+05 
6.210169e-03    8.531679e-03    7.448985e-03   1.000000e+01         1.000000e+02         1.819266e+01        1.133635e+01         5.698000e+03         2.013036e+03        6.288145e-01                                           2.079674e+02    1.442108e+01                       6.97393             0.00237988                0.0420462                0.00673881               3.208670e+05 
6.210169e-03    8.531679e-03    nan            1.000000e+02         1.000000e+03         nan                 1.133635e+01         5.698000e+03         nan                 nan                                                    0.000000e+00    nan                                nan                 nan                       nan                      nan                      nan 
6.210169e-03    8.531679e-03    nan            1.000000e+03         1.000000e+04         nan                 1.133635e+01         5.698000e+03         nan                 nan                                                    0.000000e+00    nan                                nan                 nan                       nan                      nan                      nan 
6.210169e-03    8.531679e-03    nan            1.000000e+04         1.000000e+05         nan                 1.133635e+01         5.698000e+03         nan                 nan                                                    0.000000e+00    nan                                nan                 nan                       nan                      nan                      nan 
8.531679e-03    1.172102e-02    1.009329e-02   4.000000e+00         1.000000e+01         6.696031e+00        1.133635e+01         5.698000e+03         9.302549e+02        3.094281e-01                                           2.956141e+02    1.719343e+01                       18.6696             0.0116139                 0.0155289                0.0685464                9.194200e+05 
8.531679e-03    1.172102e-02    1.019797e-02   1.000000e+01         1.000000e+02         2.074571e+01        1.133635e+01         5.698000e+03         1.771173e+03        4.130895e-01                                           3.867629e+02    1.966629e+01                       1.12264             0.00144083                0.0196467                0.0172244                4.713300e+05 
8.531679e-03    1.172102e-02    1.163010e-02   1.000000e+02         1.000000e+03         1.014366e+02        1.133635e+01         5.698000e+03         5.301565e+03        4.254166e-01                                           2.944691e-02    1.716010e-01                       0.16932             0.6                       0.7                      5.15                     5.650000e+02 
8.531679e-03    1.172102e-02    nan            1.000000e+03         1.000000e+04         nan                 1.133635e+01         5.698000e+03         nan                 nan                                                    0.000000e+00    nan                                nan                 nan                       nan                      nan                      nan 
8.531679e-03    1.172102e-02    nan            1.000000e+04         1.000000e+05         nan                 1.133635e+01         5.698000e+03         nan                 nan                                                    0.000000e+00    nan                                nan                 nan                       nan                      nan                      nan 
1.172102e-02    1.610262e-02    1.384281e-02   4.000000e+00         1.000000e+01         6.775795e+00        1.133635e+01         5.698000e+03         8.139291e+02        2.123183e-01                                           3.623551e+02    1.903563e+01                       31.0804             0.0132096                 0.0522382                0.0602012                9.367210e+05 
1.172102e-02    1.610262e-02    1.396542e-02   1.000000e+01         1.000000e+02         2.428093e+01        1.133635e+01         5.698000e+03         1.593034e+03        2.835912e-01                                           6.664565e+02    2.581582e+01                       17.4081             0.0010752                 0.00196814               0.0262873                6.112260e+05 
1.172102e-02    1.610262e-02    1.480190e-02   1.000000e+02         1.000000e+03         1.110018e+02        1.133635e+01         5.698000e+03         4.614452e+03        2.855205e-01                                           1.308305e+00    1.143811e+00                       2.22996             0.0276786                 0.0821429                1.52589                  8.265000e+03 
1.172102e-02    1.610262e-02    nan            1.000000e+03         1.000000e+04         nan                 1.133635e+01         5.698000e+03         nan                 nan                                                    0.000000e+00    nan                                nan                 nan                       nan                      nan                      nan 
1.172102e-02    1.610262e-02    nan            1.000000e+04         1.000000e+05         nan                 1.133635e+01         5.698000e+03         nan                 nan                                                    0.000000e+00    nan                                nan                 nan                       nan                      nan                      nan 
1.610262e-02    2.212216e-02    1.895102e-02   4.000000e+00         1.000000e+01         6.879040e+00        1.133635e+01         5.698000e+03         7.162397e+02        1.410260e-01                                           4.082213e+02    2.020449e+01                       54.5097             0.00904599                0.0853082                0.0744154                9.479410e+05 
1.610262e-02    2.212216e-02    1.913219e-02   1.000000e+01         1.000000e+02         2.790318e+01        1.133635e+01         5.698000e+03         1.426789e+03        1.922090e-01                                           1.032727e+03    3.213606e+01                       65.7316             0.00102778                0.0286669                0.0361118                7.113020e+05 
1.610262e-02    2.212216e-02    1.976437e-02   1.000000e+02         1.000000e+03         1.188086e+02        1.133635e+01         5.698000e+03         3.836789e+03        1.962392e-01                                           1.203426e+01    3.469043e+00                       5.05174             0.0101437                 0.0373626                0.495013                 2.761200e+04 
1.610262e-02    2.212216e-02    nan            1.000000e+03         1.000000e+04         nan                 1.133635e+01         5.698000e+03         nan                 nan                                                    0.000000e+00    nan                                nan                 nan                       nan                      nan                      nan 
1.610262e-02    2.212216e-02    nan            1.000000e+04         1.000000e+05         nan                 1.133635e+01         5.698000e+03         nan                 nan                                                    0.000000e+00    nan                                nan                 nan                       nan                      nan                      nan 
2.212216e-02    3.039195e-02    2.581900e-02   4.000000e+00         1.000000e+01         7.369521e+00        1.133635e+01         5.698000e+03         6.594082e+02        9.174504e-02                                           3.614182e+02    1.901100e+01                       68.35               0.0031674                 0.0964865                0.131591                 8.101080e+05 
2.212216e-02    3.039195e-02    2.625742e-02   1.000000e+01         1.000000e+02         3.162894e+01        1.133635e+01         5.698000e+03         1.265226e+03        1.241439e-01                                           1.476327e+03    3.842300e+01                       149.499             0.000614563               0.0616533                0.0481274                7.860830e+05 
2.212216e-02    3.039195e-02    2.688099e-02   1.000000e+02         1.000000e+03         1.280769e+02        1.133635e+01         5.698000e+03         3.229740e+03        1.252932e-01                                           5.280186e+01    7.266489e+00                       8.57783             0.00275645                0.0534554                0.226738                 6.111100e+04 
2.212216e-02    3.039195e-02    nan            1.000000e+03         1.000000e+04         nan                 1.133635e+01         5.698000e+03         nan                 nan                                                    0.000000e+00    nan                                nan                 nan                       nan                      nan                      nan 
2.212216e-02    3.039195e-02    nan            1.000000e+04         1.000000e+05         nan                 1.133635e+01         5.698000e+03         nan                 nan                                                    0.000000e+00    nan                                nan                 nan                       nan                      nan                      nan 
3.039195e-02    4.175319e-02    3.522243e-02   4.000000e+00         1.000000e+01         8.296757e+00        1.133635e+01         5.698000e+03         6.122893e+02        5.739184e-02                                           2.202629e+02    1.484126e+01                       56.8454             0.00239892                0.0864558                0.194773                 5.178690e+05 
3.039195e-02    4.175319e-02    3.603803e-02   1.000000e+01         1.000000e+02         3.529034e+01        1.133635e+01         5.698000e+03         1.122870e+03        7.626491e-02                                           1.884091e+03    4.340612e+01                       234.081             0.000729347               0.0806509                0.0476925                8.406690e+05 
3.039195e-02    4.175319e-02    3.671585e-02   1.000000e+02         1.000000e+03         1.381267e+02        1.133635e+01         5.698000e+03         2.703238e+03        7.507568e-02                                           1.580478e+02    1.257171e+01                       1.96065             0.00257749                0.0660842                0.0939345                1.125420e+05 
3.039195e-02    4.175319e-02    nan            1.000000e+03         1.000000e+04         nan                 1.133635e+01         5.698000e+03         nan                 nan                                                    0.000000e+00    nan                                nan                 nan                       nan                      nan                      nan 
3.039195e-02    4.175319e-02    nan            1.000000e+04         1.000000e+05         nan                 1.133635e+01         5.698000e+03         nan                 nan                                                    0.000000e+00    nan                                nan                 nan                       nan                      nan                      nan 
4.175319e-02    5.736153e-02    4.539656e-02   4.000000e+00         1.000000e+01         9.260458e+00        1.133635e+01         5.698000e+03         5.877338e+02        3.734841e-02                                           5.401586e+01    7.349548e+00                       20.3979             0.00544003                0.0882844                0.316153                 1.294450e+05 
4.175319e-02    5.736153e-02    4.933011e-02   1.000000e+01         1.000000e+02         3.866450e+01        1.133635e+01         5.698000e+03         9.939640e+02        4.412238e-02                                           2.185231e+03    4.674645e+01                       330.859             0.00046301                0.100823                 0.0553645                8.790090e+05 
4.175319e-02    5.736153e-02    5.006020e-02   1.000000e+02         1.000000e+03         1.514882e+02        1.133635e+01         5.698000e+03         2.315851e+03        4.243695e-02                                           3.408985e+02    1.846344e+01                       21.5908             0.00142096                0.0782261                0.0228328                1.864480e+05 
4.175319e-02    5.736153e-02    nan            1.000000e+03         1.000000e+04         nan                 1.133635e+01         5.698000e+03         nan                 nan                                                    0.000000e+00    nan                                nan                 nan                       nan                      nan                      nan 
4.175319e-02    5.736153e-02    nan            1.000000e+04         1.000000e+05         nan                 1.133635e+01         5.698000e+03         nan                 nan                                                    0.000000e+00    nan                                nan                 nan                       nan                      nan                      nan 
5.736153e-02    7.880463e-02    nan            4.000000e+00         1.000000e+01         nan                 1.133635e+01         5.698000e+03         nan                 nan                                                    0.000000e+00    nan                                nan                 nan                       nan                      nan                      nan 
5.736153e-02    7.880463e-02    6.726608e-02   1.000000e+01         1.000000e+02         4.364878e+01        1.133635e+01         5.698000e+03         9.020614e+02        2.471267e-02                                           2.159438e+03    4.646976e+01                       369.99              0.000462871               0.113466                 0.0632336                8.785890e+05 
5.736153e-02    7.880463e-02    6.830915e-02   1.000000e+02         1.000000e+03         1.683371e+02        1.133635e+01         5.698000e+03         2.005838e+03        2.212819e-02                                           5.969519e+02    2.443260e+01                       56.9653             0.00106205                0.0810945                0.00621332               2.883340e+05 
5.736153e-02    7.880463e-02    nan            1.000000e+03         1.000000e+04         nan                 1.133635e+01         5.698000e+03         nan                 nan                                                    0.000000e+00    nan                                nan                 nan                       nan                      nan                      nan 
5.736153e-02    7.880463e-02    nan            1.000000e+04         1.000000e+05         nan                 1.133635e+01         5.698000e+03         nan                 nan                                                    0.000000e+00    nan                                nan                 nan                       nan                      nan                      nan 
7.880463e-02    1.082637e-01    nan            4.000000e+00         1.000000e+01         nan                 1.133635e+01         5.698000e+03         nan                 nan                                                    0.000000e+00    nan                                nan                 nan                       nan                      nan                      nan 
7.880463e-02    1.082637e-01    9.198602e-02   1.000000e+01         1.000000e+02         4.951281e+01        1.133635e+01         5.698000e+03         8.253417e+02        1.410929e-02                                           1.872711e+03    4.327484e+01                       340.121             0.000466575               0.125855                 0.065238                 8.475690e+05 
7.880463e-02    1.082637e-01    9.315493e-02   1.000000e+02         1.000000e+03         1.893703e+02        1.133635e+01         5.698000e+03         1.759988e+03        1.228918e-02                                           8.776297e+02    2.962482e+01                       110.724             0.000649588               0.0979524                0.031685                 4.320940e+05 
7.880463e-02    1.082637e-01    1.033166e-01   1.000000e+03         1.000000e+04         1.012660e+03        1.133635e+01         5.698000e+03         5.408907e+03        6.720502e-03                                           6.960060e-03    8.342697e-02                       0.00870008          0.2                       0.65                     1.0                      1.520000e+02 
7.880463e-02    1.082637e-01    nan            1.000000e+04         1.000000e+05         nan                 1.133635e+01         5.698000e+03         nan                 nan                                                    0.000000e+00    nan                                nan                 nan                       nan                      nan                      nan 
1.082637e-01    1.487352e-01    nan            4.000000e+00         1.000000e+01         nan                 1.133635e+01         5.698000e+03         nan                 nan                                                    0.000000e+00    nan                                nan                 nan                       nan                      nan                      nan 
1.082637e-01    1.487352e-01    1.260866e-01   1.000000e+01         1.000000e+02         5.545720e+01        1.133635e+01         5.698000e+03         7.580076e+02        7.120976e-03                                           1.442241e+03    3.797685e+01                       274.747             0.000439609               0.138112                 0.0700444                7.920650e+05 
1.082637e-01    1.487352e-01    1.275858e-01   1.000000e+02         1.000000e+03         2.143478e+02        1.133635e+01         5.698000e+03         1.547867e+03        6.064383e-03                                           1.089520e+03    3.300787e+01                       156.463             0.00051176                0.104945                 0.0529783                5.803220e+05 
1.082637e-01    1.487352e-01    1.363893e-01   1.000000e+03         1.000000e+04         1.116135e+03        1.133635e+01         5.698000e+03         4.817252e+03        3.527058e-03                                           6.547251e-01    8.091509e-01                       0.951397            0.0203125                 0.0859375                1.71562                  5.209000e+03 
1.082637e-01    1.487352e-01    nan            1.000000e+04         1.000000e+05         nan                 1.133635e+01         5.698000e+03         nan                 nan                                                    0.000000e+00    nan                                nan                 nan                       nan                      nan                      nan 
1.487352e-01    2.043360e-01    nan            4.000000e+00         1.000000e+01         nan                 1.133635e+01         5.698000e+03         nan                 nan                                                    0.000000e+00    nan                                nan                 nan                       nan                      nan                      nan 
1.487352e-01    2.043360e-01    1.733044e-01   1.000000e+01         1.000000e+02         6.189894e+01        1.133635e+01         5.698000e+03         7.052103e+02        3.223782e-03                                           9.478181e+02    3.078665e+01                       158.194             0.000566201               0.118079                 0.0607399                7.045780e+05 
1.487352e-01    2.043360e-01    1.752640e-01   1.000000e+02         1.000000e+03         2.414623e+02        1.133635e+01         5.698000e+03         1.384923e+03        2.645259e-03                                           1.139432e+03    3.375548e+01                       143.482             0.00047008                0.0797315                0.0624309                6.862930e+05 
1.487352e-01    2.043360e-01    1.826121e-01   1.000000e+03         1.000000e+04         1.155843e+03        1.133635e+01         5.698000e+03         4.011202e+03        1.635116e-03                                           5.275953e+00    2.296944e+00                       2.2648              0.0108818                 0.0930582                0.572233                 2.119800e+04 
1.487352e-01    2.043360e-01    nan            1.000000e+04         1.000000e+05         nan                 1.133635e+01         5.698000e+03         nan                 nan                                                    0.000000e+00    nan                                nan                 nan                       nan                      nan                      nan 
2.043360e-01    2.807216e-01    nan            4.000000e+00         1.000000e+01         nan                 1.133635e+01         5.698000e+03         nan                 nan                                                    0.000000e+00    nan                                nan                 nan                       nan                      nan                      nan 
2.043360e-01    2.807216e-01    2.370634e-01   1.000000e+01         1.000000e+02         6.937739e+01        1.133635e+01         5.698000e+03         6.754010e+02        1.328559e-03                                           4.947341e+02    2.224262e+01                       51.8657             0.00114595                0.0442773                0.0338489                5.774820e+05 
2.043360e-01    2.807216e-01    2.402470e-01   1.000000e+02         1.000000e+03         2.707090e+02        1.133635e+01         5.698000e+03         1.269344e+03        1.019977e-03                                           9.439737e+02    3.072415e+01                       33.42               0.000585499               0.0112182                0.0307057                7.600550e+05 
2.043360e-01    2.807216e-01    2.458272e-01   1.000000e+03         1.000000e+04         1.236794e+03        1.133635e+01         5.698000e+03         3.403432e+03        6.169622e-04                                           1.429281e+01    3.780583e+00                       3.95374             0.0029661                 0.0355932                0.26935                  4.976100e+04 
2.043360e-01    2.807216e-01    nan            1.000000e+04         1.000000e+05         nan                 1.133635e+01         5.698000e+03         nan                 nan                                                    0.000000e+00    nan                                nan                 nan                       nan                      nan                      nan 
2.807216e-01    3.856620e-01    nan            4.000000e+00         1.000000e+01         nan                 1.133635e+01         5.698000e+03         nan                 nan                                                    0.000000e+00    nan                                nan                 nan                       nan                      nan                      nan 
2.807216e-01    3.856620e-01    3.217708e-01   1.000000e+01         1.000000e+02         7.868708e+01        1.133635e+01         5.698000e+03         6.732436e+02        5.293532e-04                                           2.071713e+02    1.439345e+01                       20.6397             0.00125923                0.00800985               0.0760935                3.990480e+05 
2.807216e-01    3.856620e-01    3.282935e-01   1.000000e+02         1.000000e+03         2.931914e+02        1.133635e+01         5.698000e+03         1.180833e+03        3.810101e-04                                           7.327596e+02    2.706953e+01                       11.479              0.000767453               0.0523257                0.00533641               8.115770e+05 
2.807216e-01    3.856620e-01    3.349672e-01   1.000000e+03         1.000000e+04         1.320560e+03        1.133635e+01         5.698000e+03         2.939795e+03        2.066337e-04                                           2.537294e+01    5.037156e+00                       5.17969             0.00200837                0.120795                 0.12046                  9.123800e+04 
2.807216e-01    3.856620e-01    nan            1.000000e+04         1.000000e+05         nan                 1.133635e+01         5.698000e+03         nan                 nan                                                    0.000000e+00    nan                                nan                 nan                       nan                      nan                      nan 
3.856620e-01    5.298317e-01    nan            4.000000e+00         1.000000e+01         nan                 1.133635e+01         5.698000e+03         nan                 nan                                                    0.000000e+00    nan                                nan                 nan                       nan                      nan                      nan 
3.856620e-01    5.298317e-01    4.278060e-01   1.000000e+01         1.000000e+02         8.994528e+01        1.133635e+01         5.698000e+03         6.739351e+02        3.152258e-04                                           5.807041e+01    7.620394e+00                       15.2727             0.00331032                0.106426                 0.22404                  1.505550e+05 
3.856620e-01    5.298317e-01    4.483970e-01   1.000000e+02         1.000000e+03         3.116640e+02        1.133635e+01         5.698000e+03         1.091504e+03        1.927608e-04                                           5.967366e+02    2.442819e+01                       51.2936             0.000590431               0.0580743                0.078887                 8.464470e+05 
3.856620e-01    5.298317e-01    4.530599e-01   1.000000e+03         1.000000e+04         1.404415e+03        1.133635e+01         5.698000e+03         2.577574e+03        9.381635e-05                                           3.706425e+01    6.088042e+00                       0.520577            0.00452699                0.0356936                0.0351422                1.493970e+05 
3.856620e-01    5.298317e-01    nan            1.000000e+04         1.000000e+05         nan                 1.133635e+01         5.698000e+03         nan                 nan                                                    0.000000e+00    nan                                nan                 nan                       nan                      nan                      nan 
5.298317e-01    7.278954e-01    nan            4.000000e+00         1.000000e+01         nan                 1.133635e+01         5.698000e+03         nan                 nan                                                    0.000000e+00    nan                                nan                 nan                       nan                      nan                      nan 
5.298317e-01    7.278954e-01    5.302441e-01   1.000000e+01         1.000000e+02         9.976841e+01        1.133635e+01         5.698000e+03         2.875758e+02        1.276976e-04                                           6.158116e-03    7.847367e-02                       0.00369487          0.9                       1.0                      0.7                      5.800000e+01 
5.298317e-01    7.278954e-01    5.995796e-01   1.000000e+02         1.000000e+03         3.390569e+02        1.133635e+01         5.698000e+03         1.032765e+03        6.003214e-05                                           2.620511e+02    1.618799e+01                       59.8905             0.000639642               0.261321                 0.00420777               8.518000e+05 
5.298317e-01    7.278954e-01    6.066353e-01   1.000000e+03         1.000000e+04         1.503767e+03        1.133635e+01         5.698000e+03         2.313603e+03        2.653658e-05                                           2.592112e+01    5.091278e+00                       9.10923             0.00338629                0.463002                 0.152299                 2.267020e+05 
5.298317e-01    7.278954e-01    nan            1.000000e+04         1.000000e+05         nan                 1.133635e+01         5.698000e+03         nan                 nan                                                    0.000000e+00    nan                                nan                 nan                       nan                      nan                      nan 
7.278954e-01    1.000000e+00    nan            4.000000e+00         1.000000e+01         nan                 1.133635e+01         5.698000e+03         nan                 nan                                                    0.000000e+00    nan                                nan                 nan                       nan                      nan                      nan 
7.278954e-01    1.000000e+00    nan            1.000000e+01         1.000000e+02         nan                 1.133635e+01         5.698000e+03         nan                 nan                                                    0.000000e+00    nan                                nan                 nan                       nan                      nan                      nan 
7.278954e-01    1.000000e+00    7.841158e-01   1.000000e+02         1.000000e+03         3.830541e+02        1.133635e+01         5.698000e+03         1.001588e+03        6.090310e-06                                           2.480886e+01    4.980849e+00                       118.406             0.00469066                4.55095                  1.51803                  8.023100e+05 
7.278954e-01    1.000000e+00    7.926558e-01   1.000000e+03         1.000000e+04         1.613023e+03        1.133635e+01         5.698000e+03         2.052561e+03        2.507202e-06                                           3.867849e+00    1.966685e+00                       18.3828             0.00901639                5.44973                  0.123497                 3.259920e+05 
7.278954e-01    1.000000e+00    nan            1.000000e+04         1.000000e+05         nan                 1.133635e+01         5.698000e+03         nan                 nan                                                    0.000000e+00    nan                                nan                 nan                       nan                      nan                      nan 
