1.129463e+01 8.249562e+07
1.421909e+01 7.360650e+07
1.790078e+01 1.779043e+08
2.253574e+01 1.443081e+08
2.837082e+01 2.419655e+09
3.571675e+01 2.063244e+09
4.496472e+01 2.442722e+09
5.660723e+01 6.129135e+09
7.126428e+01 7.587076e+09
8.971641e+01 1.075937e+10
1.129463e+02 1.755617e+10
1.421909e+02 1.536967e+10
1.790078e+02 2.214771e+10
2.253574e+02 1.791007e+10
2.837082e+02 2.668926e+10
3.571675e+02 2.270612e+10
4.496472e+02 2.139316e+10
5.660723e+02 1.917971e+10
7.126428e+02 1.781607e+10
8.971641e+02 1.630945e+10
1.129463e+03 1.750551e+10
1.421909e+03 1.105474e+10
1.790078e+03 7.122008e+09
2.253574e+03 3.939923e+09
2.837082e+03 1.901860e+09
3.571675e+03 8.411508e+08
4.496472e+03 2.014571e+08
5.660723e+03 2.313188e+07
7.126428e+03 2.698537e+06
8.971641e+03 1.648800e+04
