1.129463e+01 9.547320e+09
1.421909e+01 1.949361e+10
1.790078e+01 2.386830e+10
2.253574e+01 3.342156e+10
2.837082e+01 5.892801e+10
3.571675e+01 7.458517e+10
4.496472e+01 8.112621e+10
5.660723e+01 1.232896e+11
7.126428e+01 2.271691e+11
8.971641e+01 3.041867e+11
1.129463e+02 3.511107e+11
1.421909e+02 4.515296e+11
1.790078e+02 6.099134e+11
2.253574e+02 6.675685e+11
2.837082e+02 7.999867e+11
3.571675e+02 8.091122e+11
4.496472e+02 6.592259e+11
5.660723e+02 6.051046e+11
7.126428e+02 5.742643e+11
8.971641e+02 4.595263e+11
1.129463e+03 2.803337e+11
1.421909e+03 2.020581e+11
1.790078e+03 1.387197e+11
2.253574e+03 8.338052e+10
2.837082e+03 3.258876e+10
3.571675e+03 1.616547e+10
4.496472e+03 4.104849e+09
5.660723e+03 6.742791e+08
7.126428e+03 3.962750e+07
8.971641e+03 1.553437e+06
