1.129463e+01 0.000000e+00
1.421909e+01 1.589347e+08
1.790078e+01 2.330610e+08
2.253574e+01 1.715685e+09
2.837082e+01 1.053337e+09
3.571675e+01 4.088579e+09
4.496472e+01 6.908084e+09
5.660723e+01 7.303780e+09
7.126428e+01 1.339910e+10
8.971641e+01 1.862579e+10
1.129463e+02 1.576835e+10
1.421909e+02 1.230581e+10
1.790078e+02 2.236907e+10
2.253574e+02 2.426012e+10
2.837082e+02 2.374763e+10
3.571675e+02 2.492847e+10
4.496472e+02 2.440284e+10
5.660723e+02 1.838027e+10
7.126428e+02 1.439718e+10
8.971641e+02 1.356193e+10
1.129463e+03 1.191681e+10
1.421909e+03 1.090718e+10
1.790078e+03 6.057651e+09
2.253574e+03 3.806143e+09
2.837082e+03 1.901286e+09
3.571675e+03 5.149374e+08
4.496472e+03 1.698948e+08
5.660723e+03 2.147825e+07
7.126428e+03 2.492618e+06
8.971641e+03 1.343490e+04
