1.129463e+01 9.607463e+11
1.421909e+01 1.219670e+12
1.790078e+01 1.444277e+12
2.253574e+01 1.790135e+12
2.837082e+01 1.967873e+12
3.571675e+01 2.265636e+12
4.496472e+01 2.728597e+12
5.660723e+01 2.764875e+12
7.126428e+01 2.999543e+12
8.971641e+01 3.157784e+12
1.129463e+02 3.091131e+12
1.421909e+02 3.119625e+12
1.790078e+02 3.153887e+12
2.253574e+02 2.962609e+12
2.837082e+02 2.591202e+12
3.571675e+02 2.474475e+12
4.496472e+02 2.073662e+12
5.660723e+02 1.797130e+12
7.126428e+02 1.423208e+12
8.971641e+02 9.250887e+11
1.129463e+03 7.062894e+11
1.421909e+03 4.299361e+11
1.790078e+03 2.979677e+11
2.253574e+03 1.568079e+11
2.837082e+03 5.897831e+10
3.571675e+03 2.777264e+10
4.496472e+03 3.435759e+09
5.660723e+03 6.728452e+08
7.126428e+03 4.275892e+07
8.971641e+03 6.409305e+06
