           1
     1730672
 FASER$\nu$ $\bar{\nu}_{\mu}$                                                    
Plot1@Experiment:FASER#nu #bar{#nu}_{#mu}@ExtraLabel:#nu p (CC) @XTitle: x @YTitle: d^{2}#sigma/dxdQ^{2} @Title:Q^{2} > 4 @Ymin:0.01@Xlog@Ylog
Plot2@Experiment:FASER#nu #bar{#nu}_{#mu}@ExtraLabel:#nu p (CC) @XTitle: x @YTitle: d^{2}#sigma/dxdQ^{2} @Title:Q^{2} > 10 @Ymin:0.01@Xlog@Ylog
Plot3@Experiment:FASER#nu #bar{#nu}_{#mu}@ExtraLabel:#nu p (CC) @XTitle: x @YTitle: d^{2}#sigma/dxdQ^{2} @Title:Q^{2} > 100 @Ymin:0.01@Xlog@Ylog
Plot4@Experiment:FASER#nu #bar{#nu}_{#mu}@ExtraLabel:#nu p (CC) @XTitle: x @YTitle: d^{2}#sigma/dxdQ^{2} @Title:Q^{2} > 1000 @Ymin:0.01@Xlog@Ylog
 x           Q2          dummy          data      +- uncor     +- tot     th orig         th mod   therr+         therr-     pull    iset       iplot
 0.73700E-02 0.55000E+02 0.00000E+00 0.99586E+00 0.42020E+00 0.58035E+00 0.65300E+00 0.14076E+01 0.15248E+00 0.98973E-01 -.97985E+00      1730672   3/0.73700E-02
 0.10125E-01 0.55000E+02 0.00000E+00 0.81208E+00 0.22027E+00 0.36606E+00 0.48292E+00 0.10815E+01 0.10028E+00 0.61085E-01 -.12229E+01      1730672   3/0.10125E-01
 0.13910E-01 0.55000E+02 0.00000E+00 0.53976E+00 0.13567E+00 0.22201E+00 0.36382E+00 0.81951E+00 0.65685E-01 0.37459E-01 -.20620E+01      1730672   3/0.13910E-01
 0.19110E-01 0.55000E+02 0.00000E+00 0.30102E+00 0.87555E-01 0.11422E+00 0.27538E+00 0.60834E+00 0.42138E-01 0.22639E-01 -.35100E+01      1730672   3/0.19110E-01
 0.26255E-01 0.55000E+02 0.00000E+00 0.25645E+00 0.57000E-01 0.81437E-01 0.20626E+00 0.43920E+00 0.25916E-01 0.13749E-01 -.32061E+01      1730672   3/0.26255E-01
 0.36070E-01 0.55000E+02 0.00000E+00 0.18172E+00 0.35239E-01 0.45252E-01 0.15209E+00 0.30403E+00 0.15280E-01 0.87703E-02 -.34709E+01      1730672   3/0.36070E-01
 0.49555E-01 0.55000E+02 0.00000E+00 0.85526E-01 0.20841E-01 0.18636E-01 0.11015E+00 0.21093E+00 0.92136E-02 0.59824E-02 -.60174E+01      1730672   3/0.49555E-01
 0.49555E-01 0.55000E+03 0.00000E+00 0.69040E-01 0.32079E-01 0.36001E-01 0.59194E-01 0.17502E+00 0.90341E-02 0.55185E-02 -.33039E+01      1730672   4/0.49555E-01
 0.68080E-01 0.55000E+02 0.00000E+00 0.74405E-01 0.14865E-01 0.14715E-01 0.77933E-01 0.14215E+00 0.54276E-02 0.41868E-02 -.45574E+01      1730672   3/0.68080E-01
 0.68080E-01 0.55000E+03 0.00000E+00 0.56833E-01 0.14696E-01 0.20506E-01 0.37078E-01 0.94772E-01 0.46723E-02 0.36427E-02 -.25817E+01      1730672   4/0.68080E-01
 0.93530E-01 0.55000E+02 0.00000E+00 0.55335E-01 0.10180E-01 0.10628E-01 0.53525E-01 0.79369E-01 0.27658E-02 0.28286E-02 -.23609E+01      1730672   3/0.93530E-01
 0.93530E-01 0.55000E+03 0.00000E+00 0.38779E-01 0.69683E-02 0.11052E-01 0.22009E-01 0.43314E-01 0.23678E-02 0.22073E-02 -.65082E+00      1730672   4/0.93530E-01
 0.12850E+00 0.55000E+02 0.00000E+00 0.26176E-01 0.72943E-02 0.65195E-02 0.35451E-01 0.48571E-01 0.17350E-02 0.18010E-02 -.30702E+01      1730672   3/0.12850E+00
 0.12850E+00 0.55000E+03 0.00000E+00 0.14038E-01 0.32979E-02 0.35983E-02 0.13572E-01 0.24106E-01 0.13263E-02 0.11676E-02 -.30528E+01      1730672   4/0.12850E+00
 0.17654E+00 0.55000E+02 0.00000E+00 0.19838E-01 0.60279E-02 0.62907E-02 0.22357E-01 0.31725E-01 0.11217E-02 0.10374E-02 -.19719E+01      1730672   3/0.17654E+00
 0.17654E+00 0.55000E+03 0.00000E+00 0.11097E-01 0.19641E-02 0.22333E-02 0.87274E-02 0.15093E-01 0.71955E-03 0.56355E-03 -.20345E+01      1730672   4/0.17654E+00
 0.24253E+00 0.55000E+02 0.00000E+00 0.15153E-01 0.48122E-02 0.63890E-02 0.13012E-01 0.18412E-01 0.69846E-03 0.62465E-03 -.67722E+00      1730672   3/0.24253E+00
 0.24253E+00 0.55000E+03 0.00000E+00 0.83368E-02 0.11242E-02 0.14229E-02 0.53867E-02 0.84141E-02 0.36480E-03 0.30937E-03 -.68729E-01      1730672   4/0.24253E+00
 0.33319E+00 0.55000E+02 0.00000E+00 0.76948E-02 0.39519E-02 0.53900E-02 0.65237E-02 0.88462E-02 0.36767E-03 0.37588E-03 -.29134E+00      1730672   3/0.33319E+00
 0.33319E+00 0.55000E+03 0.00000E+00 0.36991E-02 0.57628E-03 0.66671E-03 0.28519E-02 0.41830E-02 0.17945E-03 0.16816E-03 -.83964E+00      1730672   4/0.33319E+00
 0.45775E+00 0.55000E+03 0.00000E+00 0.14935E-02 0.27251E-03 0.34978E-03 0.11010E-02 0.15889E-02 0.69474E-04 0.68012E-04 -.35033E+00      1730672   4/0.45775E+00
 0.62887E+00 0.55000E+03 0.00000E+00 0.11145E-02 0.99227E-04 0.31625E-03 0.22397E-03 0.28180E-03 0.20343E-04 0.18409E-04 0.83924E+01      1730672   4/0.62887E+00
 0.86395E+00 0.55000E+03 0.00000E+00 0.49636E-03 0.27687E-04 0.19043E-03 0.24778E-04 -.29240E-03 0.11607E-04 0.15772E-04 0.28488E+02      1730672   4/0.86395E+00
 0.86395E+00 0.55000E+04 0.00000E+00 0.14555E-03 0.79959E-05 0.72695E-04 0.18269E-05 -.25246E-04 0.99107E-06 0.13113E-05 0.21360E+02      1730672 999/0.86395E+00
