           1
     9280363
 FASER$\nu$2 $\nu_{\mu}+\bar{\nu}_{\mu}$                                         
Plot1@Experiment:FASER#nu2 #nu_{#mu}+#bar{#nu}_{#mu}@ExtraLabel:#nu p (CC) @XTitle: x @YTitle: d^{2}#sigma/dxdQ^{2} @Title:Q^{2} > 4 @Ymin:0.01@Xlog@Ylog
Plot2@Experiment:FASER#nu2 #nu_{#mu}+#bar{#nu}_{#mu}@ExtraLabel:#nu p (CC) @XTitle: x @YTitle: d^{2}#sigma/dxdQ^{2} @Title:Q^{2} > 10 @Ymin:0.01@Xlog@Ylog
Plot3@Experiment:FASER#nu2 #nu_{#mu}+#bar{#nu}_{#mu}@ExtraLabel:#nu p (CC) @XTitle: x @YTitle: d^{2}#sigma/dxdQ^{2} @Title:Q^{2} > 100 @Ymin:0.01@Xlog@Ylog
Plot4@Experiment:FASER#nu2 #nu_{#mu}+#bar{#nu}_{#mu}@ExtraLabel:#nu p (CC) @XTitle: x @YTitle: d^{2}#sigma/dxdQ^{2} @Title:Q^{2} > 1000 @Ymin:0.01@Xlog@Ylog
 x           Q2          dummy          data      +- uncor     +- tot     th orig         th mod   therr+         therr-     pull    iset       iplot
 0.10950E-02 0.70000E+01 0.00000E+00 0.14868E+02 0.58631E+01 0.64162E+01 0.12420E+02 0.70564E+01 0.17065E+01 0.17065E+01 0.13324E+01      9280363   2/0.10950E-02
 0.15050E-02 0.70000E+01 0.00000E+00 0.12299E+02 0.24495E+01 0.27921E+01 0.95118E+01 0.59009E+01 0.11192E+01 0.11192E+01 0.26118E+01      9280363   2/0.15050E-02
 0.20700E-02 0.70000E+01 0.00000E+00 0.73745E+01 0.11120E+01 0.11263E+01 0.72348E+01 0.48927E+01 0.72217E+00 0.72217E+00 0.22317E+01      9280363   2/0.20700E-02
 0.28450E-02 0.70000E+01 0.00000E+00 0.60016E+01 0.56937E+00 0.60871E+00 0.54220E+01 0.40008E+01 0.46482E+00 0.46482E+00 0.35141E+01      9280363   2/0.28450E-02
 0.28450E-02 0.55000E+02 0.00000E+00 0.59205E+01 0.13345E+01 0.14484E+01 0.50502E+01 0.41887E+01 0.50768E+00 0.50768E+00 0.12977E+01      9280363   3/0.28450E-02
 0.39050E-02 0.70000E+01 0.00000E+00 0.50379E+01 0.30105E+00 0.34328E+00 0.39970E+01 0.32451E+01 0.30018E+00 0.30018E+00 0.59550E+01      9280363   2/0.39050E-02
 0.39050E-02 0.55000E+02 0.00000E+00 0.51447E+01 0.53070E+00 0.62882E+00 0.36931E+01 0.34270E+01 0.33143E+00 0.33143E+00 0.32367E+01      9280363   3/0.39050E-02
 0.53650E-02 0.70000E+01 0.00000E+00 0.32753E+01 0.16855E+00 0.18098E+00 0.28961E+01 0.26673E+01 0.19613E+00 0.19613E+00 0.36070E+01      9280363   2/0.53650E-02
 0.53650E-02 0.55000E+02 0.00000E+00 0.33146E+01 0.23536E+00 0.26250E+00 0.27276E+01 0.26972E+01 0.22930E+00 0.22930E+00 0.26231E+01      9280363   3/0.53650E-02
 0.73700E-02 0.70000E+01 0.00000E+00 0.21951E+01 0.10115E+00 0.10936E+00 0.20735E+01 0.21703E+01 0.12901E+00 0.12901E+00 0.24533E+00      9280363   2/0.73700E-02
 0.73700E-02 0.55000E+02 0.00000E+00 0.21884E+01 0.10710E+00 0.11656E+00 0.19270E+01 0.21424E+01 0.14621E+00 0.14621E+00 0.42938E+00      9280363   3/0.73700E-02
 0.10125E-01 0.70000E+01 0.00000E+00 0.18411E+01 0.59129E-01 0.67613E-01 0.14692E+01 0.16960E+01 0.83468E-01 0.83468E-01 0.24549E+01      9280363   2/0.10125E-01
 0.10125E-01 0.55000E+02 0.00000E+00 0.18200E+01 0.53131E-01 0.63725E-01 0.13499E+01 0.16743E+01 0.92100E-01 0.92100E-01 0.27421E+01      9280363   3/0.10125E-01
 0.13910E-01 0.70000E+01 0.00000E+00 0.12666E+01 0.40575E-01 0.51293E-01 0.10314E+01 0.12455E+01 0.51991E-01 0.51991E-01 0.51908E+00      9280363   2/0.13910E-01
 0.13910E-01 0.55000E+02 0.00000E+00 0.12524E+01 0.30749E-01 0.39428E-01 0.96087E+00 0.12817E+01 0.56194E-01 0.56194E-01 -.95368E+00      9280363   3/0.13910E-01
 0.19110E-01 0.70000E+01 0.00000E+00 0.74488E+00 0.29124E-01 0.35144E-01 0.72139E+00 0.85766E+00 0.31202E-01 0.31202E-01 -.38725E+01      9280363   2/0.19110E-01
 0.19110E-01 0.55000E+02 0.00000E+00 0.73124E+00 0.17252E-01 0.19661E-01 0.68670E+00 0.93752E+00 0.32998E-01 0.32998E-01 -.11957E+02      9280363   3/0.19110E-01
 0.19110E-01 0.55000E+03 0.00000E+00 0.60793E+00 0.13125E+00 0.14245E+00 0.51846E+00 0.79443E+00 0.31753E-01 0.31753E-01 -.14210E+01      9280363   4/0.19110E-01
 0.26255E-01 0.70000E+01 0.00000E+00 0.63019E+00 0.20322E-01 0.29714E-01 0.50303E+00 0.53463E+00 0.18640E-01 0.18640E-01 0.47018E+01      9280363   2/0.26255E-01
 0.26255E-01 0.55000E+02 0.00000E+00 0.64039E+00 0.10485E-01 0.14433E-01 0.48763E+00 0.64516E+00 0.18786E-01 0.18786E-01 -.45448E+00      9280363   3/0.26255E-01
 0.26255E-01 0.55000E+03 0.00000E+00 0.51496E+00 0.40272E-01 0.48766E-01 0.35279E+00 0.53492E+00 0.18136E-01 0.18136E-01 -.49556E+00      9280363   4/0.26255E-01
 0.36070E-01 0.70000E+01 0.00000E+00 0.45811E+00 0.11503E-01 0.16129E-01 0.34911E+00 0.33103E+00 0.11185E-01 0.11185E-01 0.11047E+02      9280363   2/0.36070E-01
 0.36070E-01 0.55000E+02 0.00000E+00 0.47092E+00 0.65537E-02 0.97784E-02 0.34227E+00 0.42233E+00 0.10615E-01 0.10615E-01 0.74143E+01      9280363   3/0.36070E-01
 0.36070E-01 0.55000E+03 0.00000E+00 0.35981E+00 0.14614E-01 0.18460E-01 0.23549E+00 0.33414E+00 0.99877E-02 0.99877E-02 0.17566E+01      9280363   4/0.36070E-01
 0.49555E-01 0.70000E+01 0.00000E+00 0.24484E+00 0.11912E-01 0.15886E-01 0.24203E+00 0.21425E+00 0.66700E-02 0.66700E-02 0.25684E+01      9280363   2/0.49555E-01
 0.49555E-01 0.55000E+02 0.00000E+00 0.24155E+00 0.35314E-02 0.40488E-02 0.23717E+00 0.27243E+00 0.60171E-02 0.60171E-02 -.87441E+01      9280363   3/0.49555E-01
 0.49555E-01 0.55000E+03 0.00000E+00 0.17539E+00 0.55254E-02 0.60196E-02 0.15355E+00 0.20479E+00 0.53640E-02 0.53640E-02 -.53195E+01      9280363   4/0.49555E-01
 0.68080E-01 0.70000E+01 0.00000E+00 0.20877E+00 0.96387E-02 0.16007E-01 0.16791E+00 0.16720E+00 0.37726E-02 0.37726E-02 0.43128E+01      9280363   2/0.68080E-01
 0.68080E-01 0.55000E+02 0.00000E+00 0.21064E+00 0.23268E-02 0.32650E-02 0.16276E+00 0.17763E+00 0.34302E-02 0.34302E-02 0.14186E+02      9280363   3/0.68080E-01
 0.68080E-01 0.55000E+03 0.00000E+00 0.14668E+00 0.25837E-02 0.35463E-02 0.97912E-01 0.12769E+00 0.28637E-02 0.28637E-02 0.73492E+01      9280363   4/0.68080E-01
 0.93530E-01 0.70000E+01 0.00000E+00 0.15683E+00 0.10637E-01 0.19871E-01 0.11614E+00 0.11723E+00 0.22528E-02 0.22528E-02 0.37222E+01      9280363   2/0.93530E-01
 0.93530E-01 0.55000E+02 0.00000E+00 0.15829E+00 0.15956E-02 0.25817E-02 0.11035E+00 0.12012E+00 0.20015E-02 0.20015E-02 0.23924E+02      9280363   3/0.93530E-01
 0.93530E-01 0.55000E+03 0.00000E+00 0.10428E+00 0.11204E-02 0.15251E-02 0.60842E-01 0.82748E-01 0.16286E-02 0.16286E-02 0.19214E+02      9280363   4/0.93530E-01
 0.12850E+00 0.70000E+01 0.00000E+00 0.84034E-01 0.81406E-02 0.11983E-01 0.79704E-01 0.94573E-01 0.14581E-02 0.14581E-02 -.12947E+01      9280363   2/0.12850E+00
 0.12850E+00 0.55000E+02 0.00000E+00 0.77865E-01 0.10967E-02 0.14478E-02 0.73649E-01 0.89908E-01 0.12543E-02 0.12543E-02 -.10981E+02      9280363   3/0.12850E+00
 0.12850E+00 0.55000E+03 0.00000E+00 0.46097E-01 0.53577E-03 0.62664E-03 0.38682E-01 0.57792E-01 0.10319E-02 0.10319E-02 -.21829E+02      9280363   4/0.12850E+00
 0.17654E+00 0.70000E+01 0.00000E+00 0.65992E-01 0.92545E-02 0.16130E-01 0.53213E-01 0.77951E-01 0.10717E-02 0.10717E-02 -.12922E+01      9280363   2/0.17654E+00
 0.17654E+00 0.55000E+02 0.00000E+00 0.61449E-01 0.68980E-03 0.10701E-02 0.47493E-01 0.65570E-01 0.87825E-03 0.87825E-03 -.59745E+01      9280363   3/0.17654E+00
 0.17654E+00 0.55000E+03 0.00000E+00 0.37806E-01 0.33043E-03 0.50498E-03 0.24681E-01 0.39199E-01 0.69195E-03 0.69195E-03 -.42143E+01      9280363   4/0.17654E+00
 0.17654E+00 0.55000E+04 0.00000E+00 0.24057E-01 0.23362E-02 0.32681E-02 0.12369E-01 0.23501E-01 0.54185E-03 0.54185E-03 0.23767E+00      9280363 999/0.17654E+00
 0.24253E+00 0.70000E+01 0.00000E+00 0.48896E-01 0.73008E-02 0.14967E-01 0.33563E-01 0.48263E-01 0.63832E-03 0.63832E-03 0.86644E-01      9280363   2/0.24253E+00
 0.24253E+00 0.55000E+02 0.00000E+00 0.45054E-01 0.48800E-03 0.95111E-03 0.28567E-01 0.39791E-01 0.56378E-03 0.56378E-03 0.10783E+02      9280363   3/0.24253E+00
 0.24253E+00 0.55000E+03 0.00000E+00 0.28422E-01 0.16408E-03 0.25967E-03 0.14834E-01 0.22903E-01 0.39516E-03 0.39516E-03 0.33634E+02      9280363   4/0.24253E+00
 0.24253E+00 0.55000E+04 0.00000E+00 0.16523E-01 0.57613E-03 0.95200E-03 0.61523E-02 0.11470E-01 0.27474E-03 0.27474E-03 0.87715E+01      9280363 999/0.24253E+00
 0.33319E+00 0.70000E+01 0.00000E+00 0.25023E-01 0.26761E-02 0.49091E-02 0.19058E-01 0.28791E-01 0.40276E-03 0.40276E-03 -.14080E+01      9280363   2/0.33319E+00
 0.33319E+00 0.55000E+02 0.00000E+00 0.21478E-01 0.34099E-03 0.63469E-03 0.15062E-01 0.23158E-01 0.31055E-03 0.31055E-03 -.49268E+01      9280363   3/0.33319E+00
 0.33319E+00 0.55000E+03 0.00000E+00 0.13035E-01 0.83009E-04 0.12075E-03 0.77687E-02 0.13296E-01 0.19664E-03 0.19664E-03 -.31416E+01      9280363   4/0.33319E+00
 0.33319E+00 0.55000E+04 0.00000E+00 0.62840E-02 0.15211E-03 0.24325E-03 0.25295E-02 0.54539E-02 0.11097E-03 0.11097E-03 0.54571E+01      9280363 999/0.33319E+00
 0.45775E+00 0.70000E+01 0.00000E+00 0.14270E-01 0.21966E-02 0.50504E-02 0.87053E-02 0.12910E-01 0.23224E-03 0.23224E-03 0.61921E+00      9280363   2/0.45775E+00
 0.45775E+00 0.55000E+02 0.00000E+00 0.10925E-01 0.20011E-03 0.47510E-03 0.60890E-02 0.10450E-01 0.16429E-03 0.16429E-03 0.23778E+01      9280363   3/0.45775E+00
 0.45775E+00 0.55000E+03 0.00000E+00 0.64559E-02 0.38581E-04 0.69007E-04 0.30436E-02 0.69066E-02 0.10925E-03 0.10925E-03 -.11683E+02      9280363   4/0.45775E+00
 0.45775E+00 0.55000E+04 0.00000E+00 0.26987E-02 0.36820E-04 0.73229E-04 0.73077E-03 0.26133E-02 0.58200E-04 0.58200E-04 0.23206E+01      9280363 999/0.45775E+00
 0.62887E+00 0.70000E+01 0.00000E+00 0.98999E-02 0.37924E-03 0.19384E-02 0.24770E-02 0.68924E-02 0.14330E-03 0.14330E-03 0.79304E+01      9280363   2/0.62887E+00
 0.62887E+00 0.55000E+02 0.00000E+00 0.76868E-02 0.57397E-04 0.38767E-03 0.13707E-02 0.68516E-02 0.11574E-03 0.11574E-03 0.14553E+02      9280363   3/0.62887E+00
 0.62887E+00 0.55000E+03 0.00000E+00 0.47216E-02 0.13248E-04 0.62301E-04 0.62838E-03 0.45078E-02 0.74217E-04 0.74217E-04 0.16133E+02      9280363   4/0.62887E+00
 0.62887E+00 0.55000E+04 0.00000E+00 0.18078E-02 0.74774E-05 0.33624E-04 0.10301E-03 0.17888E-02 0.30900E-04 0.30900E-04 0.25394E+01      9280363 999/0.62887E+00
 0.86395E+00 0.70000E+01 0.00000E+00 0.40288E-02 0.11636E-03 0.23975E-02 0.25542E-03 0.24680E-02 0.50678E-04 0.50678E-04 0.13414E+02      9280363   2/0.86395E+00
 0.86395E+00 0.55000E+02 0.00000E+00 0.31002E-02 0.62371E-05 0.12469E-03 0.72724E-04 0.29498E-02 0.72284E-04 0.72284E-04 0.24121E+02      9280363   3/0.86395E+00
 0.86395E+00 0.55000E+03 0.00000E+00 0.19649E-02 0.20874E-05 0.26328E-04 0.28590E-04 0.19923E-02 0.62284E-04 0.62284E-04 -.13098E+02      9280363   4/0.86395E+00
 0.86395E+00 0.55000E+04 0.00000E+00 0.69620E-03 0.91792E-06 0.13384E-04 0.43405E-05 0.68990E-03 0.26057E-04 0.26057E-04 0.68556E+01      9280363 999/0.86395E+00
