Experiment = AdvSND | seed 2 | Neutrino = nunubar,14 | Exp. Target density (nucleons / cm3) = 10^(25.1) | Exp. Target Length = 50 cm | Total Events = 2311.8 |    del_theta = 0.1 mrad, theta_max = 150.0 mrad |        del_Elepton = 30.0 % , Elepton_min = 20.0 GeV, Elepton_max = 10000.0 GeV|    del_Ehadron = 30.0 %, Ehadron_min = 20.0 GeV, Ehadron_max = 10000.0 GeV 
x_lower         x_upper         x_avg          Q2_lower[GeV^2]      Q2_upper[GeV^2]      Q2_avg[GeV^2]       E_nu_lower[GeV]      E_nu_upper[GeV]      E_nu_avg[GeV]       d^sigma/dxdQ2(x_avg,Q2_avg,Enu_avg) pb / GeV^2         N_events        N_events_errs = Sqrt[N_events]     N_sys_errs          fraction_error_theta      fraction_error_Elepton   fraction_error_Ehadron   MC_Samples 
4.893901e-04    6.723358e-04    6.571445e-04   4.000000e+00         1.000000e+01         4.636998e+00        1.133635e+01         5.698000e+03         4.054560e+03        1.265668e+01                                           2.528626e-03    5.028545e-02                       0.00267831          0.228051                  0.385251                 0.317493                 6.625100e+04 
6.723358e-04    9.236709e-04    8.105373e-04   4.000000e+00         1.000000e+01         4.739877e+00        1.133635e+01         5.698000e+03         3.665095e+03        1.083428e+01                                           2.204783e-02    1.484851e-01                       0.00222031          0.07634                   0.0913674                0.141131                 1.999250e+05 
9.236709e-04    1.268961e-03    1.137748e-03   4.000000e+00         1.000000e+01         5.186888e+00        1.133635e+01         5.698000e+03         3.081113e+03        7.654939e+00                                           1.159026e-01    3.404448e-01                       0.00550913          0.0726247                 0.0478663                0.115844                 3.947870e+05 
9.236709e-04    1.268961e-03    1.120080e-03   1.000000e+01         1.000000e+02         1.103368e+01        1.133635e+01         5.698000e+03         5.426135e+03        1.028917e+01                                           4.354497e-04    2.086743e-02                       0.000288944         0.0879385                 0.33923                  0.566898                 1.839000e+03 
1.268961e-03    1.743329e-03    1.544457e-03   4.000000e+00         1.000000e+01         5.403081e+00        1.133635e+01         5.698000e+03         2.406309e+03        5.236912e+00                                           4.417610e-01    6.646510e-01                       0.0237404           0.0346993                 0.0232746                0.104974                 5.585180e+05 
1.268961e-03    1.743329e-03    1.580761e-03   1.000000e+01         1.000000e+02         1.161528e+01        1.133635e+01         5.698000e+03         4.467738e+03        7.213053e+00                                           1.045949e-02    1.022717e-01                       0.00506406          0.0845003                 0.17174                  0.274287                 1.313300e+04 
1.743329e-03    2.395027e-03    2.099683e-03   4.000000e+00         1.000000e+01         5.646626e+00        1.133635e+01         5.698000e+03         1.996087e+03        3.729823e+00                                           1.308734e+00    1.143999e+00                       0.0273794           0.0243645                 0.0434578                0.100408                 6.788890e+05 
1.743329e-03    2.395027e-03    2.163223e-03   1.000000e+01         1.000000e+02         1.223677e+01        1.133635e+01         5.698000e+03         3.647271e+03        5.014709e+00                                           8.418762e-02    2.901510e-01                       0.0351968           0.0723118                 0.0559801                0.21371                  3.674100e+04 
2.395027e-03    3.290345e-03    2.870975e-03   4.000000e+00         1.000000e+01         5.943010e+00        1.133635e+01         5.698000e+03         1.633336e+03        2.722293e+00                                           3.105414e+00    1.762218e+00                       0.0347722           0.0195987                 0.05116                  0.0895875                7.657660e+05 
2.395027e-03    3.290345e-03    2.927754e-03   1.000000e+01         1.000000e+02         1.316203e+01        1.133635e+01         5.698000e+03         2.998899e+03        3.728143e+00                                           4.286944e-01    6.547476e-01                       0.127166            0.0188834                 0.0863807                0.171249                 7.516600e+04 
3.290345e-03    4.520354e-03    3.939997e-03   4.000000e+00         1.000000e+01         6.209372e+00        1.133635e+01         5.698000e+03         1.358923e+03        1.937369e+00                                           6.134413e+00    2.476775e+00                       0.0642868           0.0164037                 0.0468513                0.0873977                8.292230e+05 
3.290345e-03    4.520354e-03    3.980666e-03   1.000000e+01         1.000000e+02         1.402619e+01        1.133635e+01         5.698000e+03         2.462751e+03        2.630397e+00                                           1.649744e+00    1.284424e+00                       0.297813            0.00500277                0.0708491                0.0910414                1.338240e+05 
4.520354e-03    6.210169e-03    5.391841e-03   4.000000e+00         1.000000e+01         6.406660e+00        1.133635e+01         5.698000e+03         1.141742e+03        1.348177e+00                                           1.022035e+01    3.196927e+00                       0.152296            0.0113855                 0.0421512                0.0739031                8.752860e+05 
4.520354e-03    6.210169e-03    5.465881e-03   1.000000e+01         1.000000e+02         1.519968e+01        1.133635e+01         5.698000e+03         2.041260e+03        1.780100e+00                                           4.766877e+00    2.183318e+00                       0.464499            0.00402859                0.0547883                0.0445297                2.152500e+05 
6.210169e-03    8.531679e-03    7.386192e-03   4.000000e+00         1.000000e+01         6.576178e+00        1.133635e+01         5.698000e+03         9.575109e+02        9.120134e-01                                           1.498214e+01    3.870676e+00                       0.192014            0.00851585                0.0548917                0.0583205                9.088220e+05 
6.210169e-03    8.531679e-03    7.465886e-03   1.000000e+01         1.000000e+02         1.690215e+01        1.133635e+01         5.698000e+03         1.744963e+03        1.194390e+00                                           1.136993e+01    3.371932e+00                       0.768219            0.00180801                0.0642706                0.0355367                3.314130e+05 
8.531679e-03    1.172102e-02    1.009448e-02   4.000000e+00         1.000000e+01         6.681917e+00        1.133635e+01         5.698000e+03         8.194144e+02        6.035092e-01                                           1.965481e+01    4.433375e+00                       0.220955            0.00676316                0.0456738                0.0456171                9.333230e+05 
8.531679e-03    1.172102e-02    1.021537e-02   1.000000e+01         1.000000e+02         1.896144e+01        1.133635e+01         5.698000e+03         1.506744e+03        7.826579e-01                                           2.259206e+01    4.753111e+00                       0.665843            0.00138762                0.0435019                0.0277453                4.863460e+05 
8.531679e-03    1.172102e-02    1.146682e-02   1.000000e+02         1.000000e+03         1.065146e+02        1.133635e+01         5.698000e+03         5.229756e+03        8.448199e-01                                           1.073797e-03    3.276885e-02                       0.00331504          0.225179                  0.307793                 1.85302                  7.310000e+02 
1.172102e-02    1.610262e-02    1.383620e-02   4.000000e+00         1.000000e+01         6.768240e+00        1.133635e+01         5.698000e+03         7.139112e+02        4.170300e-01                                           2.381743e+01    4.880310e+00                       0.230239            0.00773493                0.0255354                0.0329591                9.512750e+05 
1.172102e-02    1.610262e-02    1.397151e-02   1.000000e+01         1.000000e+02         2.205571e+01        1.133635e+01         5.698000e+03         1.346099e+03        5.353735e-01                                           3.985321e+01    6.312940e+00                       0.725233            0.000881629               0.0408658                0.02594                  6.247550e+05 
1.172102e-02    1.610262e-02    1.472191e-02   1.000000e+02         1.000000e+03         1.107751e+02        1.133635e+01         5.698000e+03         4.586336e+03        5.639435e-01                                           4.094963e-02    2.023601e-01                       0.0645244           0.0293745                 0.200954                 1.24347                  9.000000e+03 
1.610262e-02    2.212216e-02    1.895144e-02   4.000000e+00         1.000000e+01         6.862186e+00        1.133635e+01         5.698000e+03         6.255090e+02        2.791977e-01                                           2.677763e+01    5.174711e+00                       0.474826            0.00506748                0.0184271                0.022446                 9.638180e+05 
1.610262e-02    2.212216e-02    1.913547e-02   1.000000e+01         1.000000e+02         2.561993e+01        1.133635e+01         5.698000e+03         1.210490e+03        3.630815e-01                                           6.382622e+01    7.989131e+00                       0.625301            0.00044177                0.0264477                0.0210099                7.269210e+05 
1.610262e-02    2.212216e-02    1.977143e-02   1.000000e+02         1.000000e+03         1.197189e+02        1.133635e+01         5.698000e+03         3.817678e+03        3.855254e-01                                           3.619965e-01    6.016614e-01                       0.163113            0.00712255                0.0296969                0.360821                 2.944700e+04 
2.212216e-02    3.039195e-02    2.604165e-02   4.000000e+00         1.000000e+01         6.924250e+00        1.133635e+01         5.698000e+03         5.620794e+02        1.785758e-01                                           2.815740e+01    5.306355e+00                       0.763992            0.00781576                0.0256815                0.029981                 9.731250e+05 
2.212216e-02    3.039195e-02    2.627380e-02   1.000000e+01         1.000000e+02         2.971222e+01        1.133635e+01         5.698000e+03         1.082980e+03        2.359825e-01                                           9.384570e+01    9.687399e+00                       2.64683             0.000420341               0.0130345                0.0267882                8.001520e+05 
2.212216e-02    3.039195e-02    2.696948e-02   1.000000e+02         1.000000e+03         1.270710e+02        1.133635e+01         5.698000e+03         3.099214e+03        2.434743e-01                                           1.856658e+00    1.362593e+00                       0.471437            0.00388792                0.0131579                0.204524                 6.392400e+04 
3.039195e-02    4.175319e-02    3.579601e-02   4.000000e+00         1.000000e+01         6.991855e+00        1.133635e+01         5.698000e+03         5.000631e+02        1.085415e-01                                           2.724227e+01    5.219413e+00                       0.857871            0.00366014                0.038367                 0.0382827                9.802550e+05 
3.039195e-02    4.175319e-02    3.606598e-02   1.000000e+01         1.000000e+02         3.398391e+01        1.133635e+01         5.698000e+03         9.694351e+02        1.477614e-01                                           1.241409e+02    1.114185e+01                       4.85585             0.000393809               0.0163198                0.0290652                8.538720e+05 
3.039195e-02    4.175319e-02    3.683269e-02   1.000000e+02         1.000000e+03         1.343696e+02        1.133635e+01         5.698000e+03         2.506912e+03        1.471609e-01                                           6.488151e+00    2.547185e+00                       0.838608            0.00137358                0.0183719                0.119215                 1.163400e+05 
4.175319e-02    5.736153e-02    4.900478e-02   4.000000e+00         1.000000e+01         7.039731e+00        1.133635e+01         5.698000e+03         4.647362e+02        6.362465e-02                                           2.499068e+01    4.999068e+00                       0.960784            0.00478495                0.0529732                0.0534634                9.854170e+05 
4.175319e-02    5.736153e-02    4.936942e-02   1.000000e+01         1.000000e+02         3.800632e+01        1.133635e+01         5.698000e+03         8.624227e+02        8.840523e-02                                           1.500687e+02    1.225025e+01                       6.69612             0.000383316               0.0221719                0.0306341                8.936680e+05 
4.175319e-02    5.736153e-02    5.023993e-02   1.000000e+02         1.000000e+03         1.445538e+02        1.133635e+01         5.698000e+03         2.077010e+03        8.515377e-02                                           1.724555e+01    4.152776e+00                       0.663766            0.0011421                 0.0213372                0.0487784                1.927370e+05 
5.736153e-02    7.880463e-02    6.704807e-02   4.000000e+00         1.000000e+01         7.056553e+00        1.133635e+01         5.698000e+03         4.292521e+02        3.722932e-02                                           2.219894e+01    4.711576e+00                       1.17816             0.00345296                0.0804155                0.0681957                9.887660e+05 
5.736153e-02    7.880463e-02    6.747853e-02   1.000000e+01         1.000000e+02         4.156345e+01        1.133635e+01         5.698000e+03         7.661326e+02        5.108395e-02                                           1.675224e+02    1.294304e+01                       8.73771             0.00032262                0.0304488                0.0346851                9.218690e+05 
5.736153e-02    7.880463e-02    6.853020e-02   1.000000e+02         1.000000e+03         1.580240e+02        1.133635e+01         5.698000e+03         1.752236e+03        4.701152e-02                                           3.579971e+01    5.983286e+00                       0.572615            0.000530076               0.0208984                0.022934                 2.990440e+05 
7.880463e-02    1.082637e-01    9.180674e-02   4.000000e+00         1.000000e+01         7.115189e+00        1.133635e+01         5.698000e+03         4.138352e+02        2.309779e-02                                           1.912929e+01    4.373705e+00                       1.86805             0.00514001                0.123562                 0.0830162                9.910240e+05 
7.880463e-02    1.082637e-01    9.228380e-02   1.000000e+01         1.000000e+02         4.433605e+01        1.133635e+01         5.698000e+03         6.800019e+02        3.156499e-02                                           1.742749e+02    1.320132e+01                       11.1628             0.000478306               0.0474463                0.0415644                9.428660e+05 
7.880463e-02    1.082637e-01    9.341048e-02   1.000000e+02         1.000000e+03         1.751061e+02        1.133635e+01         5.698000e+03         1.499694e+03        2.814698e-02                                           6.218010e+01    7.885436e+00                       3.27989             0.000285562               0.0384711                0.0298793                4.446550e+05 
7.880463e-02    1.082637e-01    1.066868e-01   1.000000e+03         1.000000e+04         1.040296e+03        1.133635e+01         5.698000e+03         5.326538e+03        1.611939e-02                                           3.364459e-04    1.834246e-02                       0.000222444         0.116404                  0.439705                 0.923579                 1.990000e+02 
1.082637e-01    1.487352e-01    1.250001e-01   4.000000e+00         1.000000e+01         7.452768e+00        1.133635e+01         5.698000e+03         3.951847e+02        1.370785e-02                                           1.379351e+01    3.713961e+00                       1.88908             0.00155946                0.148619                 0.0886408                8.569930e+05 
1.082637e-01    1.487352e-01    1.266070e-01   1.000000e+01         1.000000e+02         4.665647e+01        1.133635e+01         5.698000e+03         6.043919e+02        1.802448e-02                                           1.679198e+02    1.295839e+01                       14.9836             0.00036672                0.0816684                0.0527582                9.581000e+05 
1.082637e-01    1.487352e-01    1.278858e-01   1.000000e+02         1.000000e+03         1.973378e+02        1.133635e+01         5.698000e+03         1.305563e+03        1.562666e-02                                           9.285276e+01    9.636014e+00                       8.18486             0.000367806               0.0621922                0.0433357                5.934480e+05 
1.082637e-01    1.487352e-01    1.353719e-01   1.000000e+03         1.000000e+04         1.118077e+03        1.133635e+01         5.698000e+03         4.797856e+03        1.009427e-02                                           3.016037e-02    1.736674e-01                       0.0386032           0.0158758                 0.0870153                1.25633                  5.827000e+03 
1.487352e-01    2.043360e-01    1.707562e-01   4.000000e+00         1.000000e+01         8.269974e+00        1.133635e+01         5.698000e+03         3.904200e+02        7.474181e-03                                           6.905412e+00    2.627815e+00                       1.29265             0.00344931                0.162739                 0.110488                 5.591400e+05 
1.487352e-01    2.043360e-01    1.739164e-01   1.000000e+01         1.000000e+02         4.878903e+01        1.133635e+01         5.698000e+03         5.451871e+02        9.409030e-03                                           1.456141e+02    1.206707e+01                       15.786              0.000192663               0.110039                 0.0511333                9.689740e+05 
1.487352e-01    2.043360e-01    1.756126e-01   1.000000e+02         1.000000e+03         2.257811e+02        1.133635e+01         5.698000e+03         1.158818e+03        7.890264e-03                                           1.188582e+02    1.090221e+01                       14.0394             0.000243401               0.0867062                0.0506873                7.028760e+05 
1.487352e-01    2.043360e-01    1.820596e-01   1.000000e+03         1.000000e+04         1.164933e+03        1.133635e+01         5.698000e+03         3.991457e+03        5.265095e-03                                           2.749264e-01    5.243342e-01                       0.134768            0.00732355                0.102368                 0.633495                 2.307000e+04 
2.043360e-01    2.807216e-01    2.228091e-01   4.000000e+00         1.000000e+01         9.205715e+00        1.133635e+01         5.698000e+03         3.671926e+02        3.778563e-03                                           1.451826e+00    1.204917e+00                       0.318718            0.00518566                0.127604                 0.120359                 1.573750e+05 
2.043360e-01    2.807216e-01    2.382483e-01   1.000000e+01         1.000000e+02         5.062579e+01        1.133635e+01         5.698000e+03         5.003778e+02        4.376226e-03                                           1.083444e+02    1.040886e+01                       11.5501             0.000604809               0.120976                 0.0315776                9.766730e+05 
2.043360e-01    2.807216e-01    2.401964e-01   1.000000e+02         1.000000e+03         2.578232e+02        1.133635e+01         5.698000e+03         1.034256e+03        3.496726e-03                                           1.242686e+02    1.114758e+01                       15.8616             0.000277905               0.0928951                0.0423415                7.838630e+05 
2.043360e-01    2.807216e-01    2.475013e-01   1.000000e+03         1.000000e+04         1.234042e+03        1.133635e+01         5.698000e+03         3.223430e+03        2.295343e-03                                           1.074663e+00    1.036660e+00                       0.295111            0.00355719                0.0634515                0.376629                 5.342600e+04 
2.807216e-01    3.856620e-01    3.229139e-01   1.000000e+01         1.000000e+02         5.312468e+01        1.133635e+01         5.698000e+03         4.748373e+02        1.677046e-03                                           6.571639e+01    8.106565e+00                       5.79401             0.000325941               0.116833                 0.0491157                9.550730e+05 
2.807216e-01    3.856620e-01    3.253261e-01   1.000000e+02         1.000000e+03         2.868116e+02        1.133635e+01         5.698000e+03         9.384808e+02        1.259460e-03                                           1.030445e+02    1.015108e+01                       11.2156             0.00037133                0.0746023                0.0384587                8.424260e+05 
2.807216e-01    3.856620e-01    3.338698e-01   1.000000e+03         1.000000e+04         1.294867e+03        1.133635e+01         5.698000e+03         2.634839e+03        8.068069e-04                                           2.519505e+00    1.587295e+00                       0.358137            0.00149538                0.0521551                0.200759                 1.013420e+05 
3.856620e-01    5.298317e-01    4.313429e-01   1.000000e+01         1.000000e+02         5.503306e+01        1.133635e+01         5.698000e+03         4.768723e+02        7.047211e-04                                           3.302004e+01    5.746306e+00                       3.53131             0.000487053               0.122845                 0.104087                 9.086080e+05 
3.856620e-01    5.298317e-01    4.312557e-01   1.000000e+02         1.000000e+03         3.128472e+02        1.133635e+01         5.698000e+03         8.862677e+02        4.954805e-04                                           6.917580e+01    8.317199e+00                       7.35774             0.000360787               0.0855963                0.0786449                8.846870e+05 
3.856620e-01    5.298317e-01    4.344725e-01   1.000000e+03         1.000000e+04         1.352199e+03        1.133635e+01         5.698000e+03         2.269004e+03        2.886095e-04                                           3.755222e+00    1.937839e+00                       0.338127            0.00121955                0.0690454                0.0786707                1.709530e+05 
5.298317e-01    7.278954e-01    6.141456e-01   1.000000e+01         1.000000e+02         5.661462e+01        1.133635e+01         5.698000e+03         4.612164e+02        1.763321e-04                                           1.048571e+01    3.238164e+00                       5.1854              0.00109569                0.2135                   0.409834                 8.392410e+05 
5.298317e-01    7.278954e-01    6.204317e-01   1.000000e+02         1.000000e+03         3.393351e+02        1.133635e+01         5.698000e+03         7.887064e+02        1.096330e-04                                           2.777735e+01    5.270422e+00                       10.5007             0.000329503               0.359817                 0.136434                 9.155870e+05 
5.298317e-01    7.278954e-01    6.298849e-01   1.000000e+03         1.000000e+04         1.470500e+03        1.133635e+01         5.698000e+03         1.820008e+03        6.040552e-05                                           2.764802e+00    1.662769e+00                       1.0259              0.000912898               0.441193                 0.115375                 2.686890e+05 
7.278954e-01    1.000000e+00    7.597583e-01   1.000000e+01         1.000000e+02         6.218607e+01        1.133635e+01         5.698000e+03         4.073398e+02        2.390694e-05                                           1.148672e+00    1.071761e+00                       4.2718              0.00410852                2.2053                   2.29692                  6.228110e+05 
7.278954e-01    1.000000e+00    7.588300e-01   1.000000e+02         1.000000e+03         3.576932e+02        1.133635e+01         5.698000e+03         6.348258e+02        1.384633e-05                                           3.743737e+00    1.934874e+00                       12.9745             0.0016551                 2.95355                  1.02215                  9.105120e+05 
7.278954e-01    1.000000e+00    7.627601e-01   1.000000e+03         1.000000e+04         1.637718e+03        1.133635e+01         5.698000e+03         1.619888e+03        7.217726e-06                                           5.712382e-01    7.558030e-01                       1.68366             0.00260497                3.37284                  0.436769                 4.032990e+05 
