           1
     6025067
 FASER$\nu$2 $\nu_{\mu}$                                                         
Plot1@Experiment:FASER#nu2 #nu_{#mu}@ExtraLabel:#nu p (CC) @XTitle: x @YTitle: d^{2}#sigma/dxdQ^{2} @Title:Q^{2} > 4 @Ymin:0.01@Xlog@Ylog
Plot2@Experiment:FASER#nu2 #nu_{#mu}@ExtraLabel:#nu p (CC) @XTitle: x @YTitle: d^{2}#sigma/dxdQ^{2} @Title:Q^{2} > 10 @Ymin:0.01@Xlog@Ylog
Plot3@Experiment:FASER#nu2 #nu_{#mu}@ExtraLabel:#nu p (CC) @XTitle: x @YTitle: d^{2}#sigma/dxdQ^{2} @Title:Q^{2} > 100 @Ymin:0.01@Xlog@Ylog
Plot4@Experiment:FASER#nu2 #nu_{#mu}@ExtraLabel:#nu p (CC) @XTitle: x @YTitle: d^{2}#sigma/dxdQ^{2} @Title:Q^{2} > 1000 @Ymin:0.01@Xlog@Ylog
 x           Q2          dummy          data      +- uncor     +- tot     th orig         th mod   therr+         therr-     pull    iset       iplot
 0.10950E-02 0.70000E+01 0.00000E+00 0.75736E+01 0.23397E+01 0.35098E+01 0.33666E+01 0.83545E+02 0.17300E+01 0.13562E+01 -.32470E+02      6025067   2/0.10950E-02
 0.15050E-02 0.70000E+01 0.00000E+00 0.62618E+01 0.10251E+01 0.15646E+01 0.26999E+01 0.53802E+02 0.11767E+01 0.93440E+00 -.46376E+02      6025067   2/0.15050E-02
 0.20700E-02 0.70000E+01 0.00000E+00 0.37670E+01 0.48728E+00 0.64597E+00 0.21566E+01 0.31635E+02 0.79261E+00 0.63106E+00 -.57191E+02      6025067   2/0.20700E-02
 0.28450E-02 0.70000E+01 0.00000E+00 0.30613E+01 0.25955E+00 0.35300E+00 0.17039E+01 0.17515E+02 0.52904E+00 0.41390E+00 -.55688E+02      6025067   2/0.28450E-02
 0.28450E-02 0.55000E+02 0.00000E+00 0.30556E+01 0.58478E+00 0.80210E+00 0.16316E+01 0.30821E+02 0.52307E+00 0.39107E+00 -.47480E+02      6025067   3/0.28450E-02
 0.39050E-02 0.70000E+01 0.00000E+00 0.25633E+01 0.14361E+00 0.20219E+00 0.13280E+01 0.87133E+01 0.34970E+00 0.26480E+00 -.42823E+02      6025067   2/0.39050E-02
 0.39050E-02 0.55000E+02 0.00000E+00 0.26552E+01 0.24635E+00 0.35625E+00 0.12787E+01 0.20657E+02 0.34751E+00 0.25168E+00 -.73075E+02      6025067   3/0.39050E-02
 0.53650E-02 0.70000E+01 0.00000E+00 0.16672E+01 0.83924E-01 0.10811E+00 0.10202E+01 0.38481E+01 0.22964E+00 0.16815E+00 -.25986E+02      6025067   2/0.53650E-02
 0.53650E-02 0.55000E+02 0.00000E+00 0.17235E+01 0.11471E+00 0.15157E+00 0.10066E+01 0.14680E+02 0.23831E+00 0.16239E+00 -.11295E+03      6025067   3/0.53650E-02
 0.73700E-02 0.70000E+01 0.00000E+00 0.11179E+01 0.51412E-01 0.64269E-01 0.77656E+00 0.18174E+01 0.15105E+00 0.10563E+00 -.13605E+02      6025067   2/0.73700E-02
 0.73700E-02 0.55000E+02 0.00000E+00 0.11492E+01 0.55041E-01 0.68549E-01 0.76750E+00 0.10086E+02 0.15630E+00 0.10045E+00 -.16236E+03      6025067   3/0.73700E-02
 0.10125E-01 0.70000E+01 0.00000E+00 0.93476E+00 0.31852E-01 0.40875E-01 0.58449E+00 0.12350E+01 0.99119E-01 0.65724E-01 -.94252E+01      6025067   2/0.10125E-01
 0.10125E-01 0.55000E+02 0.00000E+00 0.95786E+00 0.28711E-01 0.37744E-01 0.58073E+00 0.70943E+01 0.10221E+00 0.61453E-01 -.21373E+03      6025067   3/0.10125E-01
 0.13910E-01 0.70000E+01 0.00000E+00 0.64254E+00 0.21656E-01 0.29189E-01 0.43496E+00 0.11815E+01 0.63404E-01 0.40504E-01 -.24889E+02      6025067   2/0.13910E-01
 0.13910E-01 0.55000E+02 0.00000E+00 0.66329E+00 0.16942E-01 0.22698E-01 0.44363E+00 0.46540E+01 0.65131E-01 0.37397E-01 -.23555E+03      6025067   3/0.13910E-01
 0.19110E-01 0.70000E+01 0.00000E+00 0.37835E+00 0.15310E-01 0.19227E-01 0.32122E+00 0.11688E+01 0.38712E-01 0.25226E-01 -.51629E+02      6025067   2/0.19110E-01
 0.19110E-01 0.55000E+02 0.00000E+00 0.39255E+00 0.98379E-02 0.11479E-01 0.33679E+00 0.30676E+01 0.39971E-01 0.22130E-01 -.27191E+03      6025067   3/0.19110E-01
 0.19110E-01 0.55000E+03 0.00000E+00 0.34411E+00 0.74652E-01 0.83183E-01 0.27830E+00 0.36244E+01 0.37770E-01 0.20554E-01 -.43941E+02      6025067   4/0.19110E-01
 0.26255E-01 0.70000E+01 0.00000E+00 0.31930E+00 0.10862E-01 0.15822E-01 0.23587E+00 0.99602E+00 0.23063E-01 0.16298E-01 -.62300E+02      6025067   2/0.26255E-01
 0.26255E-01 0.55000E+02 0.00000E+00 0.34096E+00 0.60956E-02 0.81776E-02 0.25208E+00 0.19531E+01 0.23952E-01 0.13588E-01 -.26448E+03      6025067   3/0.26255E-01
 0.26255E-01 0.55000E+03 0.00000E+00 0.29181E+00 0.24470E-01 0.29127E-01 0.20675E+00 0.22567E+01 0.22420E-01 0.12770E-01 -.80296E+02      6025067   4/0.26255E-01
 0.36070E-01 0.70000E+01 0.00000E+00 0.23201E+00 0.66941E-02 0.90632E-02 0.17273E+00 0.47936E+00 0.13914E-01 0.11419E-01 -.36952E+02      6025067   2/0.36070E-01
 0.36070E-01 0.55000E+02 0.00000E+00 0.24992E+00 0.38469E-02 0.53630E-02 0.18537E+00 0.97397E+00 0.13982E-01 0.99816E-02 -.18821E+03      6025067   3/0.36070E-01
 0.36070E-01 0.55000E+03 0.00000E+00 0.20730E+00 0.95086E-02 0.11333E-01 0.15087E+00 0.12166E+01 0.13098E-01 0.95465E-02 -.10615E+03      6025067   4/0.36070E-01
 0.49555E-01 0.70000E+01 0.00000E+00 0.12439E+00 0.65147E-02 0.82775E-02 0.12595E+00 0.34469E+00 0.98496E-02 0.85894E-02 -.33815E+02      6025067   2/0.49555E-01
 0.49555E-01 0.55000E+02 0.00000E+00 0.13005E+00 0.21613E-02 0.23360E-02 0.13356E+00 0.72533E+00 0.97011E-02 0.79328E-02 -.27543E+03      6025067   3/0.49555E-01
 0.49555E-01 0.55000E+03 0.00000E+00 0.10790E+00 0.38960E-02 0.39611E-02 0.10735E+00 0.81902E+00 0.88968E-02 0.75189E-02 -.18253E+03      6025067   4/0.49555E-01
 0.68080E-01 0.70000E+01 0.00000E+00 0.10588E+00 0.52041E-02 0.79165E-02 0.90742E-01 0.16332E+00 0.68414E-02 0.66367E-02 -.11038E+02      6025067   2/0.68080E-01
 0.68080E-01 0.55000E+02 0.00000E+00 0.11194E+00 0.14393E-02 0.18329E-02 0.94082E-01 0.63541E+00 0.71561E-02 0.60225E-02 -.36369E+03      6025067   3/0.68080E-01
 0.68080E-01 0.55000E+03 0.00000E+00 0.90407E-01 0.19146E-02 0.22963E-02 0.74168E-01 0.57649E+00 0.62308E-02 0.55753E-02 -.25389E+03      6025067   4/0.68080E-01
 0.93530E-01 0.70000E+01 0.00000E+00 0.79506E-01 0.58481E-02 0.99718E-02 0.63968E-01 -.72473E-02 0.45435E-02 0.46188E-02 0.14834E+02      6025067   2/0.93530E-01
 0.93530E-01 0.55000E+02 0.00000E+00 0.83599E-01 0.98375E-03 0.14181E-02 0.64431E-01 0.28889E+00 0.45392E-02 0.42659E-02 -.20868E+03      6025067   3/0.93530E-01
 0.93530E-01 0.55000E+03 0.00000E+00 0.65388E-01 0.87426E-03 0.10331E-02 0.49464E-01 0.31596E+00 0.40935E-02 0.37402E-02 -.28661E+03      6025067   4/0.93530E-01
 0.12850E+00 0.70000E+01 0.00000E+00 0.42786E-01 0.44418E-02 0.60196E-02 0.43869E-01 0.88254E-01 0.33048E-02 0.30324E-02 -.10236E+02      6025067   2/0.12850E+00
 0.12850E+00 0.55000E+02 0.00000E+00 0.41524E-01 0.66069E-03 0.79527E-03 0.42698E-01 0.22465E+00 0.31586E-02 0.28968E-02 -.27718E+03      6025067   3/0.12850E+00
 0.12850E+00 0.55000E+03 0.00000E+00 0.31333E-01 0.43737E-03 0.45110E-03 0.32419E-01 0.24902E+00 0.27631E-02 0.23445E-02 -.49771E+03      6025067   4/0.12850E+00
 0.17654E+00 0.70000E+01 0.00000E+00 0.33551E-01 0.51026E-02 0.82830E-02 0.28980E-01 0.15520E+00 0.23903E-02 0.19931E-02 -.23840E+02      6025067   2/0.17654E+00
 0.17654E+00 0.55000E+02 0.00000E+00 0.32449E-01 0.41561E-03 0.59028E-03 0.27019E-01 0.21806E+00 0.22031E-02 0.18324E-02 -.44661E+03      6025067   3/0.17654E+00
 0.17654E+00 0.55000E+03 0.00000E+00 0.24986E-01 0.26545E-03 0.34546E-03 0.20369E-01 0.21454E+00 0.18149E-02 0.13839E-02 -.71409E+03      6025067   4/0.17654E+00
 0.17654E+00 0.55000E+04 0.00000E+00 0.18954E-01 0.22706E-02 0.25968E-02 0.14561E-01 0.15156E+00 0.13401E-02 0.10559E-02 -.58403E+02      6025067 999/0.17654E+00
 0.24253E+00 0.70000E+01 0.00000E+00 0.24786E-01 0.38835E-02 0.75313E-02 0.17940E-01 0.11270E+00 0.15091E-02 0.13393E-02 -.22638E+02      6025067   2/0.24253E+00
 0.24253E+00 0.55000E+02 0.00000E+00 0.23550E-01 0.28182E-03 0.50451E-03 0.15831E-01 0.16129E+00 0.13594E-02 0.10919E-02 -.48874E+03      6025067   3/0.24253E+00
 0.24253E+00 0.55000E+03 0.00000E+00 0.18034E-01 0.12566E-03 0.17172E-03 0.11671E-01 0.11785E+00 0.10012E-02 0.81111E-03 -.79437E+03      6025067   4/0.24253E+00
 0.24253E+00 0.55000E+04 0.00000E+00 0.12835E-01 0.58263E-03 0.75091E-03 0.78312E-02 0.79874E-01 0.69281E-03 0.55741E-03 -.11506E+03      6025067 999/0.24253E+00
 0.33319E+00 0.70000E+01 0.00000E+00 0.12601E-01 0.13665E-02 0.24389E-02 0.97912E-02 0.79803E-01 0.85267E-03 0.74380E-03 -.49178E+02      6025067   2/0.33319E+00
 0.33319E+00 0.55000E+02 0.00000E+00 0.11153E-01 0.19037E-03 0.33870E-03 0.80245E-02 0.81357E-01 0.69042E-03 0.57708E-03 -.36877E+03      6025067   3/0.33319E+00
 0.33319E+00 0.55000E+03 0.00000E+00 0.80965E-02 0.60507E-04 0.79390E-04 0.56524E-02 0.59761E-01 0.48401E-03 0.39975E-03 -.85387E+03      6025067   4/0.33319E+00
 0.33319E+00 0.55000E+04 0.00000E+00 0.50583E-02 0.16170E-03 0.19880E-03 0.34220E-02 0.35323E-01 0.29666E-03 0.24673E-03 -.18717E+03      6025067 999/0.33319E+00
 0.45775E+00 0.70000E+01 0.00000E+00 0.71351E-02 0.10511E-02 0.24796E-02 0.42154E-02 0.39401E-01 0.39826E-03 0.34345E-03 -.30697E+02      6025067   2/0.45775E+00
 0.45775E+00 0.55000E+02 0.00000E+00 0.56338E-02 0.10545E-03 0.24829E-03 0.30896E-02 0.32817E-01 0.28733E-03 0.24581E-03 -.25778E+03      6025067   3/0.45775E+00
 0.45775E+00 0.55000E+03 0.00000E+00 0.39446E-02 0.26394E-04 0.44185E-04 0.20167E-02 0.22652E-01 0.18747E-03 0.16083E-03 -.70876E+03      6025067   4/0.45775E+00
 0.45775E+00 0.55000E+04 0.00000E+00 0.22615E-02 0.40961E-04 0.62181E-04 0.10411E-02 0.11783E-01 0.98244E-04 0.84734E-04 -.23244E+03      6025067 999/0.45775E+00
 0.62887E+00 0.70000E+01 0.00000E+00 0.49454E-02 0.18976E-03 0.97503E-03 0.11536E-02 0.13206E-01 0.13300E-03 0.11786E-03 -.43530E+02      6025067   2/0.62887E+00
 0.62887E+00 0.55000E+02 0.00000E+00 0.39328E-02 0.30216E-04 0.19808E-03 0.67565E-03 0.89538E-02 0.80620E-04 0.71033E-04 -.16617E+03      6025067   3/0.62887E+00
 0.62887E+00 0.55000E+03 0.00000E+00 0.27492E-02 0.86438E-05 0.36928E-04 0.39100E-03 0.53539E-02 0.46646E-04 0.40811E-04 -.30134E+03      6025067   4/0.62887E+00
 0.62887E+00 0.55000E+04 0.00000E+00 0.14767E-02 0.86170E-05 0.27923E-04 0.16007E-03 0.21217E-02 0.19273E-04 0.17030E-04 -.74854E+02      6025067 999/0.62887E+00
 0.86395E+00 0.70000E+01 0.00000E+00 0.20109E-02 0.59612E-04 0.11658E-02 0.12737E-03 0.15970E-02 0.22240E-04 0.21259E-04 0.69438E+01      6025067   2/0.86395E+00
 0.86395E+00 0.55000E+02 0.00000E+00 0.15769E-02 0.56169E-05 0.61925E-04 0.75816E-04 -.61770E-03 0.29910E-04 0.37966E-04 0.39071E+03      6025067   3/0.86395E+00
 0.86395E+00 0.55000E+03 0.00000E+00 0.11026E-02 0.21440E-05 0.15021E-04 0.43331E-04 -.52871E-03 0.20983E-04 0.27619E-04 0.76084E+03      6025067   4/0.86395E+00
 0.86395E+00 0.55000E+04 0.00000E+00 0.54954E-03 0.15106E-05 0.10814E-04 0.14029E-04 -.11315E-03 0.77816E-05 0.10105E-04 0.43871E+03      6025067 999/0.86395E+00
