Experiment = SND@LHC | Neutrino = -14 | Exp. Target density (nucleons / cm3) = 10^(25.1) | Exp. Target Length = 600 cm | Total Events = 602.1 |    del_theta = 1.0 mrad, theta_max = 150.0 mrad |    del_Elepton = 10.0 % , Elepton_min = 20.00 GeV, Elepton_max = 6000.00 GeV|    del_Ehadron = 10.0 %, Ehadron_min = 20.00 GeV GeV, Ehadron_max = 6000.00 GeV
x_lower x_upper x_avg     Q2_lower[GeV^2] Q2_upper[GeV^2] Q2_avg[GeV^2] E_nu_lower[GeV] E_nu_upper[GeV] E_nu_avg[GeV] log10(d^sigma/dxdQ2(x_avg,Q2_avg,Enu_avg) / (pb / GeV^-2)) N_events N_events_errs = Sqrt[N_events] N_sys_errs MC_Samples
0.00010 0.00014 nan     4.0               10.0                nan     11.34            5698.00            nan                nan                                  0.00000      0.00000  0.00000         0  
0.00010 0.00014 nan     10.0               100.0                nan     11.34            5698.00            nan                nan                                  0.00000      0.00000  0.00000         0  
0.00010 0.00014 nan     100.0               1000.0                nan     11.34            5698.00            nan                nan                                  0.00000      0.00000  0.00000         0  
0.00010 0.00014 nan     1000.0               10000.0                nan     11.34            5698.00            nan                nan                                  0.00000      0.00000  0.00000         0  
0.00010 0.00014 nan     10000.0               100000.0                nan     11.34            5698.00            nan                nan                                  0.00000      0.00000  0.00000         0  
0.00014 0.00019 nan     4.0               10.0                nan     11.34            5698.00            nan                nan                                  0.00000      0.00000  0.00000         0  
0.00014 0.00019 nan     10.0               100.0                nan     11.34            5698.00            nan                nan                                  0.00000      0.00000  0.00000         0  
0.00014 0.00019 nan     100.0               1000.0                nan     11.34            5698.00            nan                nan                                  0.00000      0.00000  0.00000         0  
0.00014 0.00019 nan     1000.0               10000.0                nan     11.34            5698.00            nan                nan                                  0.00000      0.00000  0.00000         0  
0.00014 0.00019 nan     10000.0               100000.0                nan     11.34            5698.00            nan                nan                                  0.00000      0.00000  0.00000         0  
0.00019 0.00026 nan     4.0               10.0                nan     11.34            5698.00            nan                nan                                  0.00000      0.00000  0.00000         0  
0.00019 0.00026 nan     10.0               100.0                nan     11.34            5698.00            nan                nan                                  0.00000      0.00000  0.00000         0  
0.00019 0.00026 nan     100.0               1000.0                nan     11.34            5698.00            nan                nan                                  0.00000      0.00000  0.00000         0  
0.00019 0.00026 nan     1000.0               10000.0                nan     11.34            5698.00            nan                nan                                  0.00000      0.00000  0.00000         0  
0.00019 0.00026 nan     10000.0               100000.0                nan     11.34            5698.00            nan                nan                                  0.00000      0.00000  0.00000         0  
0.00026 0.00036 nan     4.0               10.0                nan     11.34            5698.00            nan                nan                                  0.00000      0.00000  0.00000         0  
0.00026 0.00036 nan     10.0               100.0                nan     11.34            5698.00            nan                nan                                  0.00000      0.00000  0.00000         0  
0.00026 0.00036 nan     100.0               1000.0                nan     11.34            5698.00            nan                nan                                  0.00000      0.00000  0.00000         0  
0.00026 0.00036 nan     1000.0               10000.0                nan     11.34            5698.00            nan                nan                                  0.00000      0.00000  0.00000         0  
0.00026 0.00036 nan     10000.0               100000.0                nan     11.34            5698.00            nan                nan                                  0.00000      0.00000  0.00000         0  
0.00036 0.00049 nan     4.0               10.0                nan     11.34            5698.00            nan                nan                                  0.00000      0.00000  0.00000         0  
0.00036 0.00049 nan     10.0               100.0                nan     11.34            5698.00            nan                nan                                  0.00000      0.00000  0.00000         0  
0.00036 0.00049 nan     100.0               1000.0                nan     11.34            5698.00            nan                nan                                  0.00000      0.00000  0.00000         0  
0.00036 0.00049 nan     1000.0               10000.0                nan     11.34            5698.00            nan                nan                                  0.00000      0.00000  0.00000         0  
0.00036 0.00049 nan     10000.0               100000.0                nan     11.34            5698.00            nan                nan                                  0.00000      0.00000  0.00000         0  
0.00049 0.00067 nan     4.0               10.0                nan     11.34            5698.00            nan                nan                                  0.00000      0.00000  0.00000         0  
0.00049 0.00067 nan     10.0               100.0                nan     11.34            5698.00            nan                nan                                  0.00000      0.00000  0.00000         0  
0.00049 0.00067 nan     100.0               1000.0                nan     11.34            5698.00            nan                nan                                  0.00000      0.00000  0.00000         0  
0.00049 0.00067 nan     1000.0               10000.0                nan     11.34            5698.00            nan                nan                                  0.00000      0.00000  0.00000         0  
0.00049 0.00067 nan     10000.0               100000.0                nan     11.34            5698.00            nan                nan                                  0.00000      0.00000  0.00000         0  
0.00067 0.00092 0.00086     4.0               10.0                4.3     11.34            5698.00            5268.09                0.9443                                  0.00003      0.00558  0.00000         7  
0.00067 0.00092 nan     10.0               100.0                nan     11.34            5698.00            nan                nan                                  0.00000      0.00000  0.00000         0  
0.00067 0.00092 nan     100.0               1000.0                nan     11.34            5698.00            nan                nan                                  0.00000      0.00000  0.00000         0  
0.00067 0.00092 nan     1000.0               10000.0                nan     11.34            5698.00            nan                nan                                  0.00000      0.00000  0.00000         0  
0.00067 0.00092 nan     10000.0               100000.0                nan     11.34            5698.00            nan                nan                                  0.00000      0.00000  0.00000         0  
0.00092 0.00127 0.00111     4.0               10.0                5.0     11.34            5698.00            4699.29                0.9080                                  0.00101      0.03181  0.00002         215  
0.00092 0.00127 nan     10.0               100.0                nan     11.34            5698.00            nan                nan                                  0.00000      0.00000  0.00000         0  
0.00092 0.00127 nan     100.0               1000.0                nan     11.34            5698.00            nan                nan                                  0.00000      0.00000  0.00000         0  
0.00092 0.00127 nan     1000.0               10000.0                nan     11.34            5698.00            nan                nan                                  0.00000      0.00000  0.00000         0  
0.00092 0.00127 nan     10000.0               100000.0                nan     11.34            5698.00            nan                nan                                  0.00000      0.00000  0.00000         0  
0.00127 0.00174 0.00152     4.0               10.0                5.9     11.34            5698.00            4110.94                0.7976                                  0.01371      0.11709  0.00030         938  
0.00127 0.00174 0.00171     10.0               100.0                10.2     11.34            5698.00            5556.14                0.7568                                  0.00000      0.00038  0.00000         0  
0.00127 0.00174 nan     100.0               1000.0                nan     11.34            5698.00            nan                nan                                  0.00000      0.00000  0.00000         0  
0.00127 0.00174 nan     1000.0               10000.0                nan     11.34            5698.00            nan                nan                                  0.00000      0.00000  0.00000         0  
0.00127 0.00174 nan     10000.0               100000.0                nan     11.34            5698.00            nan                nan                                  0.00000      0.00000  0.00000         0  
0.00174 0.00240 0.00206     4.0               10.0                6.6     11.34            5698.00            3418.32                0.5456                                  0.06514      0.25523  0.00161         2041  
0.00174 0.00240 0.00220     10.0               100.0                11.0     11.34            5698.00            5213.56                0.5275                                  0.00013      0.01127  0.00001         35  
0.00174 0.00240 nan     100.0               1000.0                nan     11.34            5698.00            nan                nan                                  0.00000      0.00000  0.00000         0  
0.00174 0.00240 nan     1000.0               10000.0                nan     11.34            5698.00            nan                nan                                  0.00000      0.00000  0.00000         0  
0.00174 0.00240 nan     10000.0               100000.0                nan     11.34            5698.00            nan                nan                                  0.00000      0.00000  0.00000         0  
0.00240 0.00329 0.00283     4.0               10.0                6.6     11.34            5698.00            2501.73                0.4198                                  0.25011      0.50011  0.00691         2626  
0.00240 0.00329 0.00289     10.0               100.0                12.6     11.34            5698.00            4628.62                0.4893                                  0.00374      0.06118  0.00009         661  
0.00240 0.00329 nan     100.0               1000.0                nan     11.34            5698.00            nan                nan                                  0.00000      0.00000  0.00000         0  
0.00240 0.00329 nan     1000.0               10000.0                nan     11.34            5698.00            nan                nan                                  0.00000      0.00000  0.00000         0  
0.00240 0.00329 nan     10000.0               100000.0                nan     11.34            5698.00            nan                nan                                  0.00000      0.00000  0.00000         0  
0.00329 0.00452 0.00389     4.0               10.0                6.6     11.34            5698.00            1818.49                0.3078                                  0.70063      0.83704  0.01421         3327  
0.00329 0.00452 0.00393     10.0               100.0                15.0     11.34            5698.00            4053.56                0.4038                                  0.04915      0.22169  0.00069         2682  
0.00329 0.00452 nan     100.0               1000.0                nan     11.34            5698.00            nan                nan                                  0.00000      0.00000  0.00000         0  
0.00329 0.00452 nan     1000.0               10000.0                nan     11.34            5698.00            nan                nan                                  0.00000      0.00000  0.00000         0  
0.00329 0.00452 nan     10000.0               100000.0                nan     11.34            5698.00            nan                nan                                  0.00000      0.00000  0.00000         0  
0.00452 0.00621 0.00534     4.0               10.0                6.6     11.34            5698.00            1324.47                0.0838                                  1.25081      1.11840  0.03705         4238  
0.00452 0.00621 0.00538     10.0               100.0                18.1     11.34            5698.00            3570.32                0.2020                                  0.27967      0.52884  0.00593         7211  
0.00452 0.00621 nan     100.0               1000.0                nan     11.34            5698.00            nan                nan                                  0.00000      0.00000  0.00000         0  
0.00452 0.00621 nan     1000.0               10000.0                nan     11.34            5698.00            nan                nan                                  0.00000      0.00000  0.00000         0  
0.00452 0.00621 nan     10000.0               100000.0                nan     11.34            5698.00            nan                nan                                  0.00000      0.00000  0.00000         0  
0.00621 0.00853 0.00730     4.0               10.0                6.8     11.34            5698.00            991.06                -0.1134                                  1.95315      1.39755  0.06167         4541  
0.00621 0.00853 0.00738     10.0               100.0                22.1     11.34            5698.00            3175.05                0.0339                                  1.34772      1.16091  0.03420         16193  
0.00621 0.00853 nan     100.0               1000.0                nan     11.34            5698.00            nan                nan                                  0.00000      0.00000  0.00000         0  
0.00621 0.00853 nan     1000.0               10000.0                nan     11.34            5698.00            nan                nan                                  0.00000      0.00000  0.00000         0  
0.00621 0.00853 nan     10000.0               100000.0                nan     11.34            5698.00            nan                nan                                  0.00000      0.00000  0.00000         0  
0.00853 0.01172 0.00993     4.0               10.0                7.1     11.34            5698.00            772.88                -0.2028                                  2.94183      1.71518  0.08851         2859  
0.00853 0.01172 0.01013     10.0               100.0                27.2     11.34            5698.00            2847.87                -0.0621                                  6.07168      2.46408  0.17237         32171  
0.00853 0.01172 nan     100.0               1000.0                nan     11.34            5698.00            nan                nan                                  0.00000      0.00000  0.00000         0  
0.00853 0.01172 nan     1000.0               10000.0                nan     11.34            5698.00            nan                nan                                  0.00000      0.00000  0.00000         0  
0.00853 0.01172 nan     10000.0               100000.0                nan     11.34            5698.00            nan                nan                                  0.00000      0.00000  0.00000         0  
0.01172 0.01610 0.01351     4.0               10.0                7.4     11.34            5698.00            592.69                -0.3738                                  3.50593      1.87241  0.10642         835  
0.01172 0.01610 0.01387     10.0               100.0                34.6     11.34            5698.00            2646.25                -0.2514                                  15.87672      3.98456  0.36760         55151  
0.01172 0.01610 nan     100.0               1000.0                nan     11.34            5698.00            nan                nan                                  0.00000      0.00000  0.00000         0  
0.01172 0.01610 nan     1000.0               10000.0                nan     11.34            5698.00            nan                nan                                  0.00000      0.00000  0.00000         0  
0.01172 0.01610 nan     10000.0               100000.0                nan     11.34            5698.00            nan                nan                                  0.00000      0.00000  0.00000         0  
0.01610 0.02212 0.01854     4.0               10.0                7.5     11.34            5698.00            433.83                -0.6456                                  3.51319      1.87435  0.09807         163  
0.01610 0.02212 0.01897     10.0               100.0                44.9     11.34            5698.00            2522.56                -0.5147                                  21.43019      4.62928  0.27365         72581  
0.01610 0.02212 0.02074     100.0               1000.0                107.2     11.34            5698.00            5337.84                -0.4935                                  0.00051      0.02257  0.00002         79  
0.01610 0.02212 nan     1000.0               10000.0                nan     11.34            5698.00            nan                nan                                  0.00000      0.00000  0.00000         0  
0.01610 0.02212 nan     10000.0               100000.0                nan     11.34            5698.00            nan                nan                                  0.00000      0.00000  0.00000         0  
0.02212 0.03039 0.02552     4.0               10.0                7.4     11.34            5698.00            313.60                -0.7324                                  5.03955      2.24489  0.22567         31  
0.02212 0.03039 0.02593     10.0               100.0                51.7     11.34            5698.00            2129.07                -0.5993                                  27.97886      5.28950  0.55307         61500  
0.02212 0.03039 0.02677     100.0               1000.0                121.3     11.34            5698.00            4785.10                -0.5729                                  0.01591      0.12614  0.00050         4073  
0.02212 0.03039 nan     1000.0               10000.0                nan     11.34            5698.00            nan                nan                                  0.00000      0.00000  0.00000         0  
0.02212 0.03039 nan     10000.0               100000.0                nan     11.34            5698.00            nan                nan                                  0.00000      0.00000  0.00000         0  
0.03039 0.04175 0.03498     4.0               10.0                7.4     11.34            5698.00            229.14                -0.8870                                  5.25013      2.29132  0.23906         6  
0.03039 0.04175 0.03548     10.0               100.0                59.1     11.34            5698.00            1782.87                -0.7625                                  26.65422      5.16277  0.60307         39534  
0.03039 0.04175 0.03636     100.0               1000.0                143.7     11.34            5698.00            4189.66                -0.7536                                  0.20449      0.45221  0.00424         20036  
0.03039 0.04175 nan     1000.0               10000.0                nan     11.34            5698.00            nan                nan                                  0.00000      0.00000  0.00000         0  
0.03039 0.04175 nan     10000.0               100000.0                nan     11.34            5698.00            nan                nan                                  0.00000      0.00000  0.00000         0  
0.04175 0.05736 0.04810     4.0               10.0                7.5     11.34            5698.00            167.78                -1.2085                                  3.97861      1.99464  0.26739         1  
0.04175 0.05736 0.04834     10.0               100.0                65.7     11.34            5698.00            1461.18                -1.1120                                  21.18053      4.60223  0.59576         16283  
0.04175 0.05736 0.04970     100.0               1000.0                173.6     11.34            5698.00            3705.19                -1.1103                                  1.03935      1.01948  0.01654         56496  
0.04175 0.05736 nan     1000.0               10000.0                nan     11.34            5698.00            nan                nan                                  0.00000      0.00000  0.00000         0  
0.04175 0.05736 nan     10000.0               100000.0                nan     11.34            5698.00            nan                nan                                  0.00000      0.00000  0.00000         0  
0.05736 0.07880 0.06598     4.0               10.0                7.5     11.34            5698.00            122.73                -1.2868                                  4.13124      2.03255  0.19196         0  
0.05736 0.07880 0.06608     10.0               100.0                67.3     11.34            5698.00            1099.42                -1.1933                                  31.80068      5.63921  0.76241         3739  
0.05736 0.07880 0.06788     100.0               1000.0                220.7     11.34            5698.00            3445.52                -1.2023                                  4.40981      2.09995  0.13389         105217  
0.05736 0.07880 nan     1000.0               10000.0                nan     11.34            5698.00            nan                nan                                  0.00000      0.00000  0.00000         0  
0.05736 0.07880 nan     10000.0               100000.0                nan     11.34            5698.00            nan                nan                                  0.00000      0.00000  0.00000         0  
0.07880 0.10826 0.09093     4.0               10.0                7.6     11.34            5698.00            89.85                -1.4283                                  3.62535      1.90403  0.40953         0  
0.07880 0.10826 0.09083     10.0               100.0                67.2     11.34            5698.00            797.91                -1.3450                                  43.05387      6.56154  0.85586         746  
0.07880 0.10826 0.09297     100.0               1000.0                300.0     11.34            5698.00            3417.88                -1.3719                                  10.64803      3.26313  0.27307         139050  
0.07880 0.10826 nan     1000.0               10000.0                nan     11.34            5698.00            nan                nan                                  0.00000      0.00000  0.00000         0  
0.07880 0.10826 nan     10000.0               100000.0                nan     11.34            5698.00            nan                nan                                  0.00000      0.00000  0.00000         0  
0.10826 0.14874 0.12393     4.0               10.0                7.8     11.34            5698.00            67.72                -1.7333                                  1.51476      1.23076  0.13982         0  
0.10826 0.14874 0.12473     10.0               100.0                67.4     11.34            5698.00            583.11                -1.7135                                  35.90839      5.99236  1.12692         149  
0.10826 0.14874 0.12752     100.0               1000.0                421.7     11.34            5698.00            3502.29                -1.8222                                  13.77483      3.71145  0.24876         153953  
0.10826 0.14874 nan     1000.0               10000.0                nan     11.34            5698.00            nan                nan                                  0.00000      0.00000  0.00000         0  
0.10826 0.14874 nan     10000.0               100000.0                nan     11.34            5698.00            nan                nan                                  0.00000      0.00000  0.00000         0  
0.14874 0.20434 0.17102     4.0               10.0                8.4     11.34            5698.00            52.18                -1.8856                                  0.43303      0.65805  0.12372         0  
0.14874 0.20434 0.17140     10.0               100.0                67.4     11.34            5698.00            424.50                -1.8733                                  38.52618      6.20695  1.43013         29  
0.14874 0.20434 0.17443     100.0               1000.0                587.7     11.34            5698.00            3581.69                -1.9624                                  21.10741      4.59428  0.61353         145593  
0.14874 0.20434 0.19543     1000.0               10000.0                1048.0     11.34            5698.00            5448.52                -2.0779                                  0.00054      0.02321  0.00004         89  
0.14874 0.20434 nan     10000.0               100000.0                nan     11.34            5698.00            nan                nan                                  0.00000      0.00000  0.00000         0  
0.20434 0.28072 0.22466     4.0               10.0                9.2     11.34            5698.00            44.72                -1.9888                                  0.01281      0.11319  0.01896         0  
0.20434 0.28072 0.23542     10.0               100.0                67.6     11.34            5698.00            310.04                -2.0238                                  40.87196      6.39312  2.10500         6  
0.20434 0.28072 0.23579     100.0               1000.0                669.4     11.34            5698.00            3058.58                -2.1148                                  33.67556      5.80306  0.76169         57242  
0.20434 0.28072 0.24749     1000.0               10000.0                1173.9     11.34            5698.00            5007.25                -2.2148                                  0.01342      0.11586  0.00046         16745  
0.20434 0.28072 nan     10000.0               100000.0                nan     11.34            5698.00            nan                nan                                  0.00000      0.00000  0.00000         0  
0.28072 0.38566 nan     4.0               10.0                nan     11.34            5698.00            nan                nan                                  0.00000      0.00000  0.00000         0  
0.28072 0.38566 0.32290     10.0               100.0                68.3     11.34            5698.00            228.50                -2.3864                                  23.07420      4.80356  1.21861         1  
0.28072 0.38566 0.32342     100.0               1000.0                673.6     11.34            5698.00            2247.93                -2.5014                                  31.22622      5.58804  0.52015         11673  
0.28072 0.38566 0.33184     1000.0               10000.0                1427.1     11.34            5698.00            4570.35                -2.6640                                  0.07708      0.27764  0.00199         47248  
0.28072 0.38566 nan     10000.0               100000.0                nan     11.34            5698.00            nan                nan                                  0.00000      0.00000  0.00000         0  
0.38566 0.52983 nan     4.0               10.0                nan     11.34            5698.00            nan                nan                                  0.00000      0.00000  0.00000         0  
0.38566 0.52983 0.44217     10.0               100.0                69.2     11.34            5698.00            169.07                -2.7875                                  11.52076      3.39422  1.26269         0  
0.38566 0.52983 0.44419     100.0               1000.0                674.1     11.34            5698.00            1638.43                -2.9501                                  25.16588      5.01656  0.38813         2254  
0.38566 0.52983 0.45323     1000.0               10000.0                1817.7     11.34            5698.00            4266.11                -3.1265                                  0.31966      0.56539  0.00721         50661  
0.38566 0.52983 nan     10000.0               100000.0                nan     11.34            5698.00            nan                nan                                  0.00000      0.00000  0.00000         0  
0.52983 0.72790 nan     4.0               10.0                nan     11.34            5698.00            nan                nan                                  0.00000      0.00000  0.00000         0  
0.52983 0.72790 0.60973     10.0               100.0                72.3     11.34            5698.00            127.83                -2.9478                                  7.19428      2.68221  0.57584         0  
0.52983 0.72790 0.61039     100.0               1000.0                674.0     11.34            5698.00            1192.05                -3.1044                                  36.93007      6.07701  1.18283         433  
0.52983 0.72790 0.62161     1000.0               10000.0                2377.4     11.34            5698.00            4068.47                -3.3560                                  1.29845      1.13950  0.04545         42268  
0.52983 0.72790 nan     10000.0               100000.0                nan     11.34            5698.00            nan                nan                                  0.00000      0.00000  0.00000         0  
0.72790 1.00000 nan     4.0               10.0                nan     11.34            5698.00            nan                nan                                  0.00000      0.00000  0.00000         0  
0.72790 1.00000 0.82020     10.0               100.0                77.3     11.34            5698.00            101.64                -3.2889                                  1.77309      1.33158  0.28970         0  
0.72790 1.00000 0.83833     100.0               1000.0                671.0     11.34            5698.00            864.19                -3.4859                                  27.36051      5.23073  0.85016         84  
0.72790 1.00000 0.85300     1000.0               10000.0                3171.2     11.34            5698.00            3954.23                -3.8020                                  2.02398      1.42267  0.04261         31629  
0.72790 1.00000 nan     10000.0               100000.0                nan     11.34            5698.00            nan                nan                                  0.00000      0.00000  0.00000         0  
