Experiment = FASERv2 | seed 1 | Neutrino = 14 | Exp. Target density (nucleons / cm3) = 10^(25.1) | Exp. Target Length = 200 cm | Total Events = 17940.2 |        del_theta = 1.0 mrad, theta_max = 463.6 mrad |        del_Elepton = 15.0 % , Elepton_min = 100.00 GeV, Elepton_max = 10000.00 GeV|        del_Ehadron = 50.0 %, Ehadron_min = 100.00 GeV GeV, Ehadron_max = 10000.00 GeV
x_lower         x_upper         x_avg          Q2_lower[GeV^2]      Q2_upper[GeV^2]      Q2_avg[GeV^2]       E_nu_lower[GeV]      E_nu_upper[GeV]      E_nu_avg[GeV]       d^sigma/dxdQ2(x_avg,Q2_avg,Enu_avg) pb / GeV^2         N_events        N_events_errs = Sqrt[N_events]     N_sys_errs          Percent_error_theta       Percent_error_Elepton    Percent_error_Ehadron    MC_Samples 
8.531679e-03    1.172102e-02    1.011069e-02   4.000000e+00         1.000000e+01         6.725848e+00        1.133635e+01         5.698000e+03         1.015427e+03        2.424222e-01                                           1.175916e+02    1.084397e+01                       36.1233             0.213559                  0.0952754                0.197748                 9.177700e+04 
8.531679e-03    1.172102e-02    1.022468e-02   1.000000e+01         1.000000e+02         2.139023e+01        1.133635e+01         5.698000e+03         1.818585e+03        3.253955e-01                                           1.760369e+02    1.326789e+01                       26.701              0.11777                   0.0262033                0.0541218                4.715600e+04 
1.172102e-02    1.610262e-02    1.376139e-02   4.000000e+00         1.000000e+01         6.762529e+00        1.133635e+01         5.698000e+03         8.875737e+02        1.599868e-01                                           1.299404e+02    1.139914e+01                       32.6064             0.177323                  0.0837915                0.162187                 9.363000e+04 
1.172102e-02    1.610262e-02    1.388903e-02   1.000000e+01         1.000000e+02         2.486862e+01        1.133635e+01         5.698000e+03         1.652377e+03        2.119288e-01                                           2.723666e+02    1.650353e+01                       35.9273             0.0847943                 0.0308163                0.11273                  6.123700e+04 
1.610262e-02    2.212216e-02    1.910135e-02   4.000000e+00         1.000000e+01         6.850798e+00        1.133635e+01         5.698000e+03         7.949665e+02        8.390822e-02                                           1.196875e+02    1.094018e+01                       14.9184             0.0052809                 0.0810112                0.0609363                9.479800e+04 
1.610262e-02    2.212216e-02    1.927587e-02   1.000000e+01         1.000000e+02         2.915833e+01        1.133635e+01         5.698000e+03         1.490154e+03        1.111723e-01                                           3.574057e+02    1.890518e+01                       13.8007             0.093588                  0.111441                 0.00568525               7.130100e+04 
2.212216e-02    3.039195e-02    2.595659e-02   4.000000e+00         1.000000e+01         7.344190e+00        1.133635e+01         5.698000e+03         7.303355e+02        7.037104e-02                                           1.323722e+02    1.150531e+01                       44.0664             0.147168                  0.0442947                0.2768                   8.130700e+04 
2.212216e-02    3.039195e-02    2.634851e-02   1.000000e+01         1.000000e+02         3.332808e+01        1.133635e+01         5.698000e+03         1.344963e+03        9.200319e-02                                           6.317905e+02    2.513544e+01                       110.967             0.0693729                 0.03176                  0.103771                 7.841600e+04 
3.039195e-02    4.175319e-02    3.585099e-02   1.000000e+01         1.000000e+02         3.721460e+01        1.133635e+01         5.698000e+03         1.213779e+03        6.276964e-02                                           8.417639e+02    2.901317e+01                       190.479             0.102757                  0.0772809                0.189325                 8.414100e+04 
4.175319e-02    5.736153e-02    4.931496e-02   1.000000e+01         1.000000e+02         4.102819e+01        1.133635e+01         5.698000e+03         1.077149e+03        2.628495e-02                                           7.579132e+02    2.753022e+01                       4.87982             0.109314                  0.142187                 0.0244322                8.770300e+04 
4.175319e-02    5.736153e-02    5.019246e-02   1.000000e+02         1.000000e+03         1.521643e+02        1.133635e+01         5.698000e+03         2.322285e+03        2.637209e-02                                           1.485518e+02    1.218818e+01                       38.7288             0.106574                  0.105354                 0.15329                  1.864000e+04 
5.736153e-02    7.880463e-02    6.799267e-02   1.000000e+01         1.000000e+02         4.571709e+01        1.133635e+01         5.698000e+03         9.816039e+02        2.202073e-02                                           1.020063e+03    3.193843e+01                       189.355             0.0293523                 0.0254854                0.151988                 8.796300e+04 
5.736153e-02    7.880463e-02    6.900215e-02   1.000000e+02         1.000000e+03         1.694436e+02        1.133635e+01         5.698000e+03         2.015190e+03        2.157356e-02                                           3.645417e+02    1.909297e+01                       3.38728             0.0156481                 0.0215321                0.0449916                2.884800e+04 
7.880463e-02    1.082637e-01    9.257558e-02   1.000000e+01         1.000000e+02         5.084791e+01        1.133635e+01         5.698000e+03         9.019467e+02        1.567417e-02                                           1.127245e+03    3.357447e+01                       317.383             0.0760031                 0.107624                 0.235114                 8.476000e+04 
7.880463e-02    1.082637e-01    9.378555e-02   1.000000e+02         1.000000e+03         1.927697e+02        1.133635e+01         5.698000e+03         1.782101e+03        1.484339e-02                                           6.903771e+02    2.627503e+01                       119.233             0.0559144                 0.0965461                0.109164                 4.267600e+04 
1.082637e-01    1.487352e-01    1.255527e-01   1.000000e+01         1.000000e+02         5.627502e+01        1.133635e+01         5.698000e+03         8.276165e+02        6.365587e-03                                           7.461243e+02    2.731528e+01                       53.7923             0.0595855                 0.0902275                0.0666454                7.923300e+04 
1.082637e-01    1.487352e-01    1.272122e-01   1.000000e+02         1.000000e+03         2.206248e+02        1.133635e+01         5.698000e+03         1.595690e+03        5.443969e-03                                           6.954833e+02    2.637202e+01                       20.8672             0.0623067                 0.0969519                0.0337466                5.791300e+04 
1.487352e-01    2.043360e-01    1.752552e-01   1.000000e+01         1.000000e+02         6.306468e+01        1.133635e+01         5.698000e+03         7.639967e+02        4.436978e-03                                           6.734498e+02    2.595091e+01                       112.42              0.010576                  0.000231785              0.150495                 7.064500e+04 
1.487352e-01    2.043360e-01    1.776338e-01   1.000000e+02         1.000000e+03         2.571964e+02        1.133635e+01         5.698000e+03         1.429839e+03        3.960589e-03                                           1.113417e+03    3.336791e+01                       105.361             0.00102594                0.0159384                0.0577273                6.873900e+04 
2.043360e-01    2.807216e-01    2.383241e-01   1.000000e+01         1.000000e+02         7.067516e+01        1.133635e+01         5.698000e+03         7.265799e+02        3.175783e-03                                           5.821285e+02    2.412734e+01                       200.071             0.0541121                 0.145752                 0.289524                 5.808100e+04 
2.043360e-01    2.807216e-01    2.417828e-01   1.000000e+02         1.000000e+03         2.949620e+02        1.133635e+01         5.698000e+03         1.293911e+03        2.731352e-03                                           1.633644e+03    4.041836e+01                       427.99              0.0297933                 0.123898                 0.182665                 7.706400e+04 
2.807216e-01    3.856620e-01    3.164596e-01   1.000000e+01         1.000000e+02         7.892182e+01        1.133635e+01         5.698000e+03         6.830498e+02        1.537278e-03                                           2.493583e+02    1.579108e+01                       60.801              0.00772234                0.0277763                0.194056                 4.005600e+04 
2.807216e-01    3.856620e-01    3.219069e-01   1.000000e+02         1.000000e+03         3.264682e+02        1.133635e+01         5.698000e+03         1.171916e+03        1.201206e-03                                           1.246722e+03    3.530895e+01                       126.383             0.0301243                 0.0369955                0.113052                 8.263300e+04 
3.856620e-01    5.298317e-01    4.582485e-01   1.000000e+02         1.000000e+03         3.584095e+02        1.133635e+01         5.698000e+03         1.035670e+03        4.095293e-04                                           9.913825e+02    3.148623e+01                       7.55562             0.0276919                 0.0692431                0.0122664                8.711300e+04 
5.298317e-01    7.278954e-01    6.225218e-01   1.000000e+02         1.000000e+03         4.017621e+02        1.133635e+01         5.698000e+03         9.499179e+02        2.817094e-04                                           1.177507e+03    3.431482e+01                       364.675             0.0186752                 0.156867                 0.231928                 8.834400e+04 
5.298317e-01    7.278954e-01    6.327680e-01   1.000000e+03         1.000000e+04         1.566630e+03        1.133635e+01         5.698000e+03         2.008429e+03        1.754950e-04                                           2.210643e+02    1.486823e+01                       32.3993             0.00812147                0.123006                 0.0332959                2.585400e+04 
7.278954e-01    1.000000e+00    8.198578e-01   1.000000e+02         1.000000e+03         4.554527e+02        1.133635e+01         5.698000e+03         8.957189e+02        1.313380e-04                                           6.774218e+02    2.602733e+01                       184.219             0.0123845                 0.132392                 0.242229                 8.565800e+04 
7.278954e-01    1.000000e+00    8.296800e-01   1.000000e+03         1.000000e+04         1.708003e+03        1.133635e+01         5.698000e+03         1.774219e+03        7.829190e-05                                           2.127528e+02    1.458605e+01                       59.1165             0.00560553                0.0678095                0.319667                 3.973100e+04 
