Experiment = FASERv2 | Neutrino = 14 | Exp. Target density (nucleons / cm3) = 10^(25.1) | Exp. Target Length = 200 cm | Total Events = 169852.9 |            del_theta = 1.0 mrad, theta_max = 463.6 mrad |            del_Elepton = 30.0 % , Elepton_min = 100.00 GeV, Elepton_max = 5698.00 GeV|            del_Ehadron = 50.0 %, Ehadron_min = 100.00 GeV GeV, Ehadron_max = 5698.00 GeV
x_lower x_upper x_avg     Q2_lower[GeV^2] Q2_upper[GeV^2] Q2_avg[GeV^2] E_nu_lower[GeV] E_nu_upper[GeV] E_nu_avg[GeV] log10(d^sigma/dxdQ2(x_avg,Q2_avg,Enu_avg) / (pb / GeV^-2)) N_events N_events_errs = Sqrt[N_events] N_sys_errs MC_Samples
0.00049 0.00067 0.00060     4.0               10.0                4.6     11.34            5698.00            4920.81                1.1575                                  0.02521      0.15878  0.01234         140  
0.00067 0.00092 0.00081     4.0               10.0                5.3     11.34            5698.00            4648.39                0.9170                                  0.47942      0.69240  0.13504         458  
0.00092 0.00127 0.00111     4.0               10.0                6.1     11.34            5698.00            4299.22                0.8775                                  3.30005      1.81660  0.53513         965  
0.00092 0.00127 0.00119     10.0               100.0                10.6     11.34            5698.00            5331.80                0.8580                                  0.00027      0.01644  0.00037         27  
0.00127 0.00174 0.00150     4.0               10.0                6.7     11.34            5698.00            3995.96                0.7968                                  10.05060      3.17027  1.17960         1249  
0.00127 0.00174 0.00155     10.0               100.0                11.9     11.34            5698.00            4939.76                0.7760                                  0.18986      0.43573  0.05700         306  
0.00174 0.00240 0.00205     4.0               10.0                6.8     11.34            5698.00            3617.04                0.5799                                  23.53755      4.85155  3.46022         1406  
0.00174 0.00240 0.00210     10.0               100.0                14.0     11.34            5698.00            4616.52                0.5363                                  1.89468      1.37647  0.34675         863  
0.00240 0.00329 0.00280     4.0               10.0                6.8     11.34            5698.00            3314.64                0.4873                                  54.77631      7.40110  7.16861         1359  
0.00240 0.00329 0.00287     10.0               100.0                16.1     11.34            5698.00            4301.02                0.4833                                  11.89883      3.44947  1.58099         1595  
0.00329 0.00452 0.00386     4.0               10.0                7.0     11.34            5698.00            3090.91                0.4102                                  112.34683      10.59938  14.03830         1264  
0.00329 0.00452 0.00391     10.0               100.0                19.2     11.34            5698.00            4127.61                0.4251                                  43.75966      6.61511  5.70990         2591  
0.00452 0.00621 0.00531     4.0               10.0                6.9     11.34            5698.00            2915.78                0.2229                                  161.49991      12.70826  18.18383         1198  
0.00452 0.00621 0.00536     10.0               100.0                23.9     11.34            5698.00            3946.08                0.2363                                  111.39386      10.55433  9.04125         3586  
0.00621 0.00853 0.00727     4.0               10.0                7.0     11.34            5698.00            2718.77                0.0491                                  209.55523      14.47602  31.50034         1013  
0.00621 0.00853 0.00733     10.0               100.0                29.9     11.34            5698.00            3863.40                0.0636                                  230.84033      15.19343  19.50675         5031  
0.00853 0.01172 0.01001     4.0               10.0                7.0     11.34            5698.00            2647.74                -0.0285                                  335.94643      18.32884  51.62542         912  
0.00853 0.01172 0.01010     10.0               100.0                38.8     11.34            5698.00            3759.63                -0.0180                                  565.44309      23.77905  59.11030         6246  
0.01172 0.01610 0.01378     4.0               10.0                7.0     11.34            5698.00            2465.23                -0.1954                                  404.67753      20.11660  68.25649         764  
0.01172 0.01610 0.01382     10.0               100.0                45.6     11.34            5698.00            3576.12                -0.1777                                  997.17906      31.57814  82.86355         7357  
0.01172 0.01610 0.01442     100.0               1000.0                115.5     11.34            5698.00            5004.10                -0.2563                                  1.21528      1.10240  0.18325         681  
0.01610 0.02212 0.01884     4.0               10.0                7.1     11.34            5698.00            2490.58                -0.4220                                  370.76060      19.25514  105.73213         660  
0.01610 0.02212 0.01898     10.0               100.0                48.9     11.34            5698.00            3337.77                -0.4056                                  1354.54161      36.80410  72.19786         7779  
0.01610 0.02212 0.01933     100.0               1000.0                130.6     11.34            5698.00            4646.45                -0.4631                                  14.70703      3.83498  1.84345         2241  
0.02212 0.03039 0.02612     4.0               10.0                7.4     11.34            5698.00            2554.60                -0.4980                                  413.10599      20.32501  132.22557         471  
0.02212 0.03039 0.02600     10.0               100.0                51.6     11.34            5698.00            3119.49                -0.4675                                  2536.81551      50.36681  204.07024         7252  
0.02212 0.03039 0.02647     100.0               1000.0                153.8     11.34            5698.00            4399.89                -0.5352                                  82.84327      9.10183  8.70811         4636  
0.03039 0.04175 0.03517     4.0               10.0                7.5     11.34            5698.00            2271.75                -0.6317                                  559.25989      23.64868  127.48278         323  
0.03039 0.04175 0.03566     10.0               100.0                53.2     11.34            5698.00            2949.05                -0.6017                                  3597.86142      59.98218  241.01686         6581  
0.03039 0.04175 0.03617     100.0               1000.0                184.7     11.34            5698.00            4172.83                -0.6839                                  315.65977      17.76682  25.70881         7415  
0.04175 0.05736 0.04834     4.0               10.0                7.2     11.34            5698.00            2286.94                -0.9056                                  286.40466      16.92349  110.07692         194  
0.04175 0.05736 0.04884     10.0               100.0                54.0     11.34            5698.00            2804.48                -0.8851                                  4280.48524      65.42542  351.23565         5912  
0.04175 0.05736 0.04953     100.0               1000.0                225.4     11.34            5698.00            4019.50                -0.9660                                  673.60635      25.95393  66.87144         10760  
0.05736 0.07880 0.06733     10.0               100.0                55.3     11.34            5698.00            2667.08                -0.9514                                  6354.31295      79.71394  600.99937         5146  
0.05736 0.07880 0.06809     100.0               1000.0                283.8     11.34            5698.00            3874.36                -1.0437                                  1993.61191      44.64988  155.70169         14690  
0.07880 0.10826 0.09228     10.0               100.0                57.4     11.34            5698.00            2575.76                -1.0784                                  8059.09213      89.77245  826.67874         4270  
0.07880 0.10826 0.09326     100.0               1000.0                362.3     11.34            5698.00            3768.47                -1.1839                                  4291.02678      65.50593  196.32612         18871  
0.10826 0.14874 0.12651     10.0               100.0                60.2     11.34            5698.00            2487.39                -1.3803                                  7139.89302      84.49789  678.74378         3462  
0.10826 0.14874 0.12778     100.0               1000.0                441.0     11.34            5698.00            3667.99                -1.5041                                  5477.35038      74.00912  308.06881         22317  
0.10826 0.14874 0.13441     1000.0               10000.0                1127.6     11.34            5698.00            5132.42                -1.6303                                  2.58444      1.60762  0.23005         1211  
0.14874 0.20434 0.17383     10.0               100.0                62.0     11.34            5698.00            2514.63                -1.4890                                  8022.03599      89.56582  831.42309         2568  
0.14874 0.20434 0.17496     100.0               1000.0                486.7     11.34            5698.00            3446.24                -1.6022                                  9004.37697      94.89140  273.02845         23133  
0.14874 0.20434 0.17989     1000.0               10000.0                1265.9     11.34            5698.00            4772.25                -1.7225                                  45.46107      6.74248  4.88809         5221  
0.20434 0.28072 0.23857     10.0               100.0                64.5     11.34            5698.00            2387.73                -1.6290                                  9535.87089      97.65178  995.77482         1929  
0.20434 0.28072 0.23990     100.0               1000.0                512.0     11.34            5698.00            3220.33                -1.7439                                  14399.79276      119.99914  713.96227         21768  
0.20434 0.28072 0.24461     1000.0               10000.0                1464.2     11.34            5698.00            4473.24                -1.8918                                  273.26491      16.53073  7.72965         11174  
0.28072 0.38566 0.32558     10.0               100.0                65.8     11.34            5698.00            2390.73                -1.9463                                  6641.78743      81.49716  1390.19310         1296  
0.28072 0.38566 0.32897     100.0               1000.0                530.6     11.34            5698.00            3069.42                -2.0925                                  13157.14228      114.70459  863.28973         19191  
0.28072 0.38566 0.33401     1000.0               10000.0                1748.1     11.34            5698.00            4250.04                -2.2978                                  610.84294      24.71524  21.10377         18589  
0.38566 0.52983 0.44868     10.0               100.0                67.3     11.34            5698.00            2282.10                -2.2502                                  4761.19409      69.00141  1377.82518         801  
0.38566 0.52983 0.45114     100.0               1000.0                537.6     11.34            5698.00            2924.81                -2.4039                                  13400.29969      115.75966  737.92893         15683  
0.38566 0.52983 0.45641     1000.0               10000.0                2118.9     11.34            5698.00            4078.09                -2.6441                                  1297.20068      36.01667  71.41480         24451  
0.52983 0.72790 0.61782     100.0               1000.0                546.1     11.34            5698.00            2871.30                -2.5602                                  15340.66796      123.85745  789.52725         11684  
0.52983 0.72790 0.62368     1000.0               10000.0                2628.5     11.34            5698.00            3953.70                -2.8300                                  3052.71822      55.25141  111.79255         27916  
0.72790 1.00000 0.84745     100.0               1000.0                546.8     11.34            5698.00            2822.13                -2.9575                                  10043.80301      100.21878  1002.94799         8038  
0.72790 1.00000 0.85165     1000.0               10000.0                3204.0     11.34            5698.00            3868.71                -3.2590                                  3166.67770      56.27324  144.58934         25541  
