Experiment = FASERv2 | Neutrino = 14 | Exp. Target density (nucleons / cm3) = 10^(25.1) | Exp. Target Length = 200 cm | Total Events = 123544.4 |            del_theta = 1.0 mrad, theta_max = 463.6 mrad |            del_Elepton = 30.0 % , Elepton_min = 100.00 GeV, Elepton_max = 5698.00 GeV|            del_Ehadron = 50.0 %, Ehadron_min = 100.00 GeV GeV, Ehadron_max = 5698.00 GeV
x_lower x_upper x_avg     Q2_lower[GeV^2] Q2_upper[GeV^2] Q2_avg[GeV^2] E_nu_lower[GeV] E_nu_upper[GeV] E_nu_avg[GeV] log10(d^sigma/dxdQ2(x_avg,Q2_avg,Enu_avg) / (pb / GeV^-2)) N_events N_events_errs = Sqrt[N_events] N_sys_errs MC_Samples
0.00049 0.00067 0.00060     4.0               10.0                4.7     11.34            5698.00            4996.45                1.1569                                  0.09294      0.30486  0.00250         18271  
0.00067 0.00092 0.00081     4.0               10.0                5.4     11.34            5698.00            4688.88                0.9166                                  0.72351      0.85060  0.00751         52475  
0.00092 0.00127 0.00110     4.0               10.0                6.3     11.34            5698.00            4421.37                0.8818                                  3.76015      1.93911  0.07106         95032  
0.00092 0.00127 0.00118     10.0               100.0                10.7     11.34            5698.00            5324.10                0.8569                                  0.01022      0.10107  0.00043         3677  
0.00127 0.00174 0.00150     4.0               10.0                6.7     11.34            5698.00            4094.97                0.8025                                  12.92036      3.59449  0.08664         117635  
0.00127 0.00174 0.00155     10.0               100.0                11.9     11.34            5698.00            4953.43                0.7755                                  0.36153      0.60127  0.00405         34258  
0.00174 0.00240 0.00205     4.0               10.0                6.8     11.34            5698.00            3777.10                0.5853                                  27.17186      5.21266  0.27724         124641  
0.00174 0.00240 0.00209     10.0               100.0                13.8     11.34            5698.00            4660.84                0.5496                                  2.39253      1.54678  0.02850         89934  
0.00240 0.00329 0.00281     4.0               10.0                6.9     11.34            5698.00            3542.42                0.4957                                  60.26957      7.76335  0.39474         119307  
0.00240 0.00329 0.00286     10.0               100.0                16.4     11.34            5698.00            4436.57                0.4895                                  11.69037      3.41912  0.04649         164109  
0.00329 0.00452 0.00386     4.0               10.0                6.9     11.34            5698.00            3388.22                0.4210                                  121.62860      11.02854  1.02341         110368  
0.00329 0.00452 0.00391     10.0               100.0                20.1     11.34            5698.00            4270.07                0.4313                                  42.10920      6.48916  0.40134         251128  
0.00452 0.00621 0.00530     4.0               10.0                6.9     11.34            5698.00            3245.73                0.2332                                  175.04448      13.23044  2.16798         99497  
0.00452 0.00621 0.00536     10.0               100.0                25.0     11.34            5698.00            4145.77                0.2391                                  96.78309      9.83784  0.67395         349091  
0.00621 0.00853 0.00728     4.0               10.0                6.9     11.34            5698.00            3158.55                0.0584                                  235.35764      15.34137  2.46681         87526  
0.00621 0.00853 0.00736     10.0               100.0                31.9     11.34            5698.00            4053.49                0.0632                                  209.79741      14.48439  1.98623         461881  
0.00853 0.01172 0.01000     4.0               10.0                7.0     11.34            5698.00            3081.39                -0.0214                                  380.45683      19.50530  4.18992         76818  
0.00853 0.01172 0.01009     10.0               100.0                40.9     11.34            5698.00            3981.11                -0.0146                                  478.76783      21.88076  1.64803         583413  
0.01172 0.01610 0.01376     4.0               10.0                7.0     11.34            5698.00            3049.86                -0.1868                                  443.83805      21.06746  7.93830         66522  
0.01172 0.01610 0.01381     10.0               100.0                47.4     11.34            5698.00            3813.04                -0.1716                                  804.52993      28.36424  3.93187         651489  
0.01172 0.01610 0.01440     100.0               1000.0                115.5     11.34            5698.00            5047.61                -0.2539                                  1.57551      1.25519  0.01918         74011  
0.01610 0.02212 0.01885     4.0               10.0                7.0     11.34            5698.00            3005.09                -0.4176                                  456.71188      21.37082  6.81863         58170  
0.01610 0.02212 0.01894     10.0               100.0                50.2     11.34            5698.00            3609.22                -0.3979                                  1100.43540      33.17281  5.64912         652044  
0.01610 0.02212 0.01935     100.0               1000.0                132.6     11.34            5698.00            4732.34                -0.4627                                  14.42241      3.79768  0.11193         236147  
0.02212 0.03039 0.02574     4.0               10.0                7.4     11.34            5698.00            2998.03                -0.4906                                  586.43229      24.21636  13.33117         43078  
0.02212 0.03039 0.02598     10.0               100.0                51.8     11.34            5698.00            3434.04                -0.4577                                  2023.59755      44.98441  8.98860         614928  
0.02212 0.03039 0.02643     100.0               1000.0                156.9     11.34            5698.00            4484.75                -0.5351                                  82.41146      9.07808  0.27993         457220  
0.03039 0.04175 0.03505     4.0               10.0                8.1     11.34            5698.00            2969.07                -0.6230                                  533.39868      23.09543  20.52490         24282  
0.03039 0.04175 0.03568     10.0               100.0                52.9     11.34            5698.00            3294.70                -0.5937                                  3001.04234      54.78177  14.49749         561160  
0.03039 0.04175 0.03614     100.0               1000.0                190.8     11.34            5698.00            4308.77                -0.6838                                  274.75350      16.57569  0.81155         727775  
0.04175 0.05736 0.04701     4.0               10.0                8.8     11.34            5698.00            2937.03                -0.8939                                  291.57601      17.07560  20.36238         7622  
0.04175 0.05736 0.04897     10.0               100.0                53.8     11.34            5698.00            3186.68                -0.8788                                  3286.44738      57.32754  13.43498         498995  
0.04175 0.05736 0.04955     100.0               1000.0                236.8     11.34            5698.00            4172.89                -0.9681                                  591.40827      24.31889  2.48546         1027585  
0.05736 0.07880 0.06721     10.0               100.0                55.3     11.34            5698.00            3111.05                -0.9452                                  4800.48973      69.28557  26.40501         427378  
0.05736 0.07880 0.06800     100.0               1000.0                300.4     11.34            5698.00            4075.50                -1.0453                                  1519.49434      38.98069  4.83987         1367614  
0.07880 0.10826 0.09223     10.0               100.0                57.9     11.34            5698.00            3073.67                -1.0735                                  5683.37275      75.38815  33.39017         352663  
0.07880 0.10826 0.09331     100.0               1000.0                386.5     11.34            5698.00            4005.98                -1.1868                                  3151.38970      56.13724  10.00245         1750267  
0.10826 0.14874 0.12653     10.0               100.0                61.3     11.34            5698.00            3023.43                -1.3779                                  5009.07807      70.77484  42.73757         280335  
0.10826 0.14874 0.12767     100.0               1000.0                461.5     11.34            5698.00            3864.72                -1.5055                                  4368.49293      66.09458  17.53927         2041462  
0.10826 0.14874 0.13467     1000.0               10000.0                1124.3     11.34            5698.00            5132.19                -1.6302                                  3.24952      1.80264  0.03054         148750  
0.14874 0.20434 0.17365     10.0               100.0                65.7     11.34            5698.00            2989.67                -1.4881                                  5309.54085      72.86660  48.89356         214730  
0.14874 0.20434 0.17494     100.0               1000.0                496.8     11.34            5698.00            3656.00                -1.6014                                  7361.29568      85.79799  20.54190         2081905  
0.14874 0.20434 0.17949     1000.0               10000.0                1276.8     11.34            5698.00            4798.73                -1.7231                                  47.65615      6.90334  0.29248         606430  
0.20434 0.28072 0.23789     10.0               100.0                71.6     11.34            5698.00            2964.96                -1.6282                                  5149.21954      71.75806  97.01113         152067  
0.20434 0.28072 0.24008     100.0               1000.0                515.9     11.34            5698.00            3476.57                -1.7423                                  11224.35482      105.94506  32.64002         1979290  
0.20434 0.28072 0.24421     1000.0               10000.0                1501.1     11.34            5698.00            4544.30                -1.8957                                  250.61325      15.83077  0.76679         1265258  
0.28072 0.38566 0.32483     10.0               100.0                79.0     11.34            5698.00            2959.81                -1.9494                                  2978.13240      54.57227  67.73276         91845  
0.28072 0.38566 0.32951     100.0               1000.0                526.6     11.34            5698.00            3327.01                -2.0935                                  10810.25763      103.97239  27.03950         1815362  
0.28072 0.38566 0.33410     1000.0               10000.0                1809.1     11.34            5698.00            4347.06                -2.3078                                  547.39976      23.39658  1.29882         2076560  
0.38566 0.52983 0.43683     10.0               100.0                86.6     11.34            5698.00            2944.40                -2.2598                                  1416.37712      37.63479  53.16287         35360  
0.38566 0.52983 0.45249     100.0               1000.0                534.2     11.34            5698.00            3212.79                -2.4038                                  10476.12001      102.35292  69.56223         1616986  
0.38566 0.52983 0.45800     1000.0               10000.0                2239.4     11.34            5698.00            4204.71                -2.6559                                  1121.73710      33.49234  2.40134         2996155  
0.52983 0.72790 0.62094     100.0               1000.0                547.6     11.34            5698.00            3129.25                -2.5634                                  12779.75896      113.04760  58.79491         1409132  
0.52983 0.72790 0.62820     1000.0               10000.0                2824.6     11.34            5698.00            4097.60                -2.8442                                  2481.29147      49.81256  3.91322         4048703  
0.72790 1.00000 0.84004     100.0               1000.0                570.7     11.34            5698.00            3046.57                -2.9396                                  8656.49087      93.04026  46.78607         1027268  
0.72790 1.00000 0.85385     1000.0               10000.0                3671.2     11.34            5698.00            4015.00                -3.2889                                  2642.37462      51.40403  7.03868         4810513  
