FASERVBAR	1	36
   1	DIS	1.398053000000e-02	4.770261000000e+01	4.831765000000e-01	6.428349138722e-01	0.000000000000e+00	1.491555412377e-01	2.320277539676e+01	
   2	DIS	1.917116000000e-02	5.041943000000e+01	3.944006000000e-01	2.032936754312e-01	0.000000000000e+00	9.725609842121e-02	4.784019877398e+01	
   3	DIS	2.631041000000e-02	5.198715000000e+01	3.116160000000e-01	2.294704173556e-01	0.000000000000e+00	5.362742378719e-02	2.337008160145e+01	
   4	DIS	3.612192000000e-02	5.294549000000e+01	2.409100000000e-01	1.708216124988e-01	0.000000000000e+00	3.253966122308e-02	1.904891351105e+01	
   5	DIS	3.657460000000e-02	1.971353000000e+02	6.699116000000e-01	1.444103919642e-01	0.000000000000e+00	2.807402947711e-02	1.944044960703e+01	
   6	DIS	4.960426000000e-02	5.356738000000e+01	1.833446000000e-01	8.530480047026e-02	0.000000000000e+00	2.271146403394e-02	2.662389913432e+01	
   7	DIS	5.015816000000e-02	2.455233000000e+02	6.277982000000e-01	4.108662979726e-02	0.000000000000e+00	1.670428811834e-02	4.065626263523e+01	
   8	DIS	6.808867000000e-02	6.996176000000e+00	1.903477000000e-02	9.126817980602e-02	0.000000000000e+00	2.871348823784e-02	3.146056851234e+01	
   9	DIS	6.812537000000e-02	5.399063000000e+01	1.379624000000e-01	1.052207008866e-01	0.000000000000e+00	1.302022433254e-02	1.237420414694e+01	
  10	DIS	6.882691000000e-02	3.120083000000e+02	5.953107000000e-01	4.359379139753e-02	0.000000000000e+00	8.017685531707e-03	1.839180597667e+01	
  11	DIS	9.353892000000e-02	6.997183000000e+00	1.389577000000e-02	1.302703241984e-01	0.000000000000e+00	1.879955053511e-02	1.443118427070e+01	
  12	DIS	9.357808000000e-02	5.428953000000e+01	1.029049000000e-01	5.513588108132e-02	0.000000000000e+00	7.925800224207e-03	1.437503141107e+01	
  13	DIS	9.443435000000e-02	4.003750000000e+02	5.675535000000e-01	2.668607833059e-02	0.000000000000e+00	4.165828753469e-03	1.561049436287e+01	
  14	DIS	1.285094000000e-01	6.998422000000e+00	1.013412000000e-02	4.405030941744e-02	0.000000000000e+00	1.412391827488e-02	3.206315338454e+01	
  15	DIS	1.285491000000e-01	5.448180000000e+01	7.624803000000e-02	4.744020581572e-02	0.000000000000e+00	5.753526325319e-03	1.212795397151e+01	
  16	DIS	1.292217000000e-01	4.668931000000e+02	5.044849000000e-01	1.795504086689e-02	0.000000000000e+00	2.874508582965e-03	1.600947947863e+01	
  17	DIS	1.765425000000e-01	6.999000000000e+00	7.387330000000e-03	4.616897776453e-02	0.000000000000e+00	9.212701429665e-03	1.995431104551e+01	
  18	DIS	1.765844000000e-01	5.462474000000e+01	5.622966000000e-02	4.113079084927e-02	0.000000000000e+00	3.476499468742e-03	8.452303972179e+00	
  19	DIS	1.771496000000e-01	4.988306000000e+02	4.164170000000e-01	1.135576072984e-02	0.000000000000e+00	1.662109554434e-03	1.463670813411e+01	
  20	DIS	2.425368000000e-01	6.998145000000e+00	5.383750000000e-03	1.333249033522e-02	0.000000000000e+00	5.800256435821e-03	4.350467384549e+01	
  21	DIS	2.425721000000e-01	5.473034000000e+01	4.133289000000e-02	2.100086911589e-02	0.000000000000e+00	1.991282169719e-03	9.481903623751e+00	
  22	DIS	2.430948000000e-01	5.167088000000e+02	3.312546000000e-01	6.809350247574e-03	0.000000000000e+00	9.308559772707e-04	1.367026138217e+01	
  23	DIS	2.470088000000e-01	1.546409000000e+03	7.375984000000e-01	1.988598364825e-03	0.000000000000e+00	4.597541072316e-04	2.311950544484e+01	
  24	DIS	3.331848000000e-01	6.999551000000e+00	3.921787000000e-03	1.664092181358e-02	0.000000000000e+00	3.937612997520e-03	2.366222882140e+01	
  25	DIS	3.332298000000e-01	5.480632000000e+01	3.030614000000e-02	1.207029436265e-02	0.000000000000e+00	1.261211516466e-03	1.044888781146e+01	
  26	DIS	3.337105000000e-01	5.274033000000e+02	2.573358000000e-01	3.606988876799e-03	0.000000000000e+00	6.144545098265e-04	1.703510963892e+01	
  27	DIS	4.577236000000e-01	6.999026000000e+00	2.855022000000e-03	6.170055020546e-03	0.000000000000e+00	2.038777648662e-03	3.304310321177e+01	
  28	DIS	4.578007000000e-01	5.486139000000e+01	2.217583000000e-02	4.904407079093e-03	0.000000000000e+00	5.825534110670e-04	1.187816185876e+01	
  29	DIS	4.582292000000e-01	5.342818000000e+02	1.965311000000e-01	1.809946484603e-03	0.000000000000e+00	2.819524980263e-04	1.557794666444e+01	
  30	DIS	6.288422000000e-01	7.000107000000e+00	2.077549000000e-03	2.504293959216e-03	0.000000000000e+00	6.264666641265e-04	2.501570000682e+01	
  31	DIS	6.289119000000e-01	5.488959000000e+01	1.620197000000e-02	1.075378327359e-03	0.000000000000e+00	1.314403193981e-04	1.222270488944e+01	
  32	DIS	6.293286000000e-01	5.388599000000e+02	1.482258000000e-01	4.055565112978e-04	0.000000000000e+00	5.352302651025e-05	1.319742749018e+01	
  33	DIS	6.359488000000e-01	2.934461000000e+03	6.025115000000e-01	3.795223583287e-05	0.000000000000e+00	1.270021781263e-05	3.346368806454e+01	
  34	DIS	8.639634000000e-01	5.493218000000e+01	1.182877000000e-02	2.782645963459e-05	0.000000000000e+00	4.500367969028e-06	1.617298078205e+01	
  35	DIS	8.643574000000e-01	5.421004000000e+02	1.107764000000e-01	9.405892234937e-06	0.000000000000e+00	1.120452167291e-06	1.191223691815e+01	
  36	DIS	8.727823000000e-01	3.774206000000e+03	5.757393000000e-01	5.952293238535e-07	0.000000000000e+00	1.861408997928e-07	3.127213198901e+01	
