Experiment = AdvSND | seed 2 | Neutrino = -14 | Exp. Target density (nucleons / cm3) = 10^(25.1) | Exp. Target Length = 50 cm | Total Events = 15959.6 |        del_theta = 0.06 mrad, theta_max = 150.0 mrad |        del_Elepton = 30.0 % , Elepton_min = 20.00 GeV, Elepton_max = 10000.00 GeV|        del_Ehadron = 30.0 %, Ehadron_min = 20.00 GeV GeV, Ehadron_max = 10000.00 GeV
x_lower         x_upper         x_avg          Q2_lower[GeV^2]      Q2_upper[GeV^2]      Q2_avg[GeV^2]       E_nu_lower[GeV]      E_nu_upper[GeV]      E_nu_avg[GeV]       d^sigma/dxdQ2(x_avg,Q2_avg,Enu_avg) pb / GeV^2         N_events        N_events_errs = Sqrt[N_events]     N_sys_errs          Fractional_error_theta    Fractional_error_Elepton Fractional_error_Ehadron MC_Samples 
1.000000e-04    1.373824e-04    nan            4.000000e+00         1.000000e+01         nan                 1.133635e+01         5.698000e+03         nan                 nan                                                    0.000000e+00    nan                                nan                 nan                       nan                      nan                      nan 
1.000000e-04    1.373824e-04    nan            1.000000e+01         1.000000e+02         nan                 1.133635e+01         5.698000e+03         nan                 nan                                                    0.000000e+00    nan                                nan                 nan                       nan                      nan                      nan 
1.000000e-04    1.373824e-04    nan            1.000000e+02         1.000000e+03         nan                 1.133635e+01         5.698000e+03         nan                 nan                                                    0.000000e+00    nan                                nan                 nan                       nan                      nan                      nan 
1.000000e-04    1.373824e-04    nan            1.000000e+03         1.000000e+04         nan                 1.133635e+01         5.698000e+03         nan                 nan                                                    0.000000e+00    nan                                nan                 nan                       nan                      nan                      nan 
1.000000e-04    1.373824e-04    nan            1.000000e+04         1.000000e+05         nan                 1.133635e+01         5.698000e+03         nan                 nan                                                    0.000000e+00    nan                                nan                 nan                       nan                      nan                      nan 
1.373824e-04    1.887392e-04    nan            4.000000e+00         1.000000e+01         nan                 1.133635e+01         5.698000e+03         nan                 nan                                                    0.000000e+00    nan                                nan                 nan                       nan                      nan                      nan 
1.373824e-04    1.887392e-04    nan            1.000000e+01         1.000000e+02         nan                 1.133635e+01         5.698000e+03         nan                 nan                                                    0.000000e+00    nan                                nan                 nan                       nan                      nan                      nan 
1.373824e-04    1.887392e-04    nan            1.000000e+02         1.000000e+03         nan                 1.133635e+01         5.698000e+03         nan                 nan                                                    0.000000e+00    nan                                nan                 nan                       nan                      nan                      nan 
1.373824e-04    1.887392e-04    nan            1.000000e+03         1.000000e+04         nan                 1.133635e+01         5.698000e+03         nan                 nan                                                    0.000000e+00    nan                                nan                 nan                       nan                      nan                      nan 
1.373824e-04    1.887392e-04    nan            1.000000e+04         1.000000e+05         nan                 1.133635e+01         5.698000e+03         nan                 nan                                                    0.000000e+00    nan                                nan                 nan                       nan                      nan                      nan 
1.887392e-04    2.592944e-04    nan            4.000000e+00         1.000000e+01         nan                 1.133635e+01         5.698000e+03         nan                 nan                                                    0.000000e+00    nan                                nan                 nan                       nan                      nan                      nan 
1.887392e-04    2.592944e-04    nan            1.000000e+01         1.000000e+02         nan                 1.133635e+01         5.698000e+03         nan                 nan                                                    0.000000e+00    nan                                nan                 nan                       nan                      nan                      nan 
1.887392e-04    2.592944e-04    nan            1.000000e+02         1.000000e+03         nan                 1.133635e+01         5.698000e+03         nan                 nan                                                    0.000000e+00    nan                                nan                 nan                       nan                      nan                      nan 
1.887392e-04    2.592944e-04    nan            1.000000e+03         1.000000e+04         nan                 1.133635e+01         5.698000e+03         nan                 nan                                                    0.000000e+00    nan                                nan                 nan                       nan                      nan                      nan 
1.887392e-04    2.592944e-04    nan            1.000000e+04         1.000000e+05         nan                 1.133635e+01         5.698000e+03         nan                 nan                                                    0.000000e+00    nan                                nan                 nan                       nan                      nan                      nan 
2.592944e-04    3.562248e-04    nan            4.000000e+00         1.000000e+01         nan                 1.133635e+01         5.698000e+03         nan                 nan                                                    0.000000e+00    nan                                nan                 nan                       nan                      nan                      nan 
2.592944e-04    3.562248e-04    nan            1.000000e+01         1.000000e+02         nan                 1.133635e+01         5.698000e+03         nan                 nan                                                    0.000000e+00    nan                                nan                 nan                       nan                      nan                      nan 
2.592944e-04    3.562248e-04    nan            1.000000e+02         1.000000e+03         nan                 1.133635e+01         5.698000e+03         nan                 nan                                                    0.000000e+00    nan                                nan                 nan                       nan                      nan                      nan 
2.592944e-04    3.562248e-04    nan            1.000000e+03         1.000000e+04         nan                 1.133635e+01         5.698000e+03         nan                 nan                                                    0.000000e+00    nan                                nan                 nan                       nan                      nan                      nan 
2.592944e-04    3.562248e-04    nan            1.000000e+04         1.000000e+05         nan                 1.133635e+01         5.698000e+03         nan                 nan                                                    0.000000e+00    nan                                nan                 nan                       nan                      nan                      nan 
3.562248e-04    4.893901e-04    nan            4.000000e+00         1.000000e+01         nan                 1.133635e+01         5.698000e+03         nan                 nan                                                    0.000000e+00    nan                                nan                 nan                       nan                      nan                      nan 
3.562248e-04    4.893901e-04    nan            1.000000e+01         1.000000e+02         nan                 1.133635e+01         5.698000e+03         nan                 nan                                                    0.000000e+00    nan                                nan                 nan                       nan                      nan                      nan 
3.562248e-04    4.893901e-04    nan            1.000000e+02         1.000000e+03         nan                 1.133635e+01         5.698000e+03         nan                 nan                                                    0.000000e+00    nan                                nan                 nan                       nan                      nan                      nan 
3.562248e-04    4.893901e-04    nan            1.000000e+03         1.000000e+04         nan                 1.133635e+01         5.698000e+03         nan                 nan                                                    0.000000e+00    nan                                nan                 nan                       nan                      nan                      nan 
3.562248e-04    4.893901e-04    nan            1.000000e+04         1.000000e+05         nan                 1.133635e+01         5.698000e+03         nan                 nan                                                    0.000000e+00    nan                                nan                 nan                       nan                      nan                      nan 
4.893901e-04    6.723358e-04    nan            4.000000e+00         1.000000e+01         nan                 1.133635e+01         5.698000e+03         nan                 nan                                                    0.000000e+00    nan                                nan                 nan                       nan                      nan                      nan 
4.893901e-04    6.723358e-04    nan            1.000000e+01         1.000000e+02         nan                 1.133635e+01         5.698000e+03         nan                 nan                                                    0.000000e+00    nan                                nan                 nan                       nan                      nan                      nan 
4.893901e-04    6.723358e-04    nan            1.000000e+02         1.000000e+03         nan                 1.133635e+01         5.698000e+03         nan                 nan                                                    0.000000e+00    nan                                nan                 nan                       nan                      nan                      nan 
4.893901e-04    6.723358e-04    nan            1.000000e+03         1.000000e+04         nan                 1.133635e+01         5.698000e+03         nan                 nan                                                    0.000000e+00    nan                                nan                 nan                       nan                      nan                      nan 
4.893901e-04    6.723358e-04    nan            1.000000e+04         1.000000e+05         nan                 1.133635e+01         5.698000e+03         nan                 nan                                                    0.000000e+00    nan                                nan                 nan                       nan                      nan                      nan 
6.723358e-04    9.236709e-04    7.981470e-04   4.000000e+00         1.000000e+01         4.841147e+00        1.133635e+01         5.698000e+03         4.119457e+03        1.513691e+01                                           4.079044e-02    2.019664e-01                       0.012747            0.1375                    0.3375                   0.225                    2.000360e+05 
6.723358e-04    9.236709e-04    nan            1.000000e+01         1.000000e+02         nan                 1.133635e+01         5.698000e+03         nan                 nan                                                    0.000000e+00    nan                                nan                 nan                       nan                      nan                      nan 
6.723358e-04    9.236709e-04    nan            1.000000e+02         1.000000e+03         nan                 1.133635e+01         5.698000e+03         nan                 nan                                                    0.000000e+00    nan                                nan                 nan                       nan                      nan                      nan 
6.723358e-04    9.236709e-04    nan            1.000000e+03         1.000000e+04         nan                 1.133635e+01         5.698000e+03         nan                 nan                                                    0.000000e+00    nan                                nan                 nan                       nan                      nan                      nan 
6.723358e-04    9.236709e-04    nan            1.000000e+04         1.000000e+05         nan                 1.133635e+01         5.698000e+03         nan                 nan                                                    0.000000e+00    nan                                nan                 nan                       nan                      nan                      nan 
9.236709e-04    1.268961e-03    1.123749e-03   4.000000e+00         1.000000e+01         5.005020e+00        1.133635e+01         5.698000e+03         3.017708e+03        9.942031e+00                                           2.447728e-01    4.947452e-01                       0.026975            0.122449                  0.157143                 0.242857                 3.939140e+05 
9.236709e-04    1.268961e-03    nan            1.000000e+01         1.000000e+02         nan                 1.133635e+01         5.698000e+03         nan                 nan                                                    0.000000e+00    nan                                nan                 nan                       nan                      nan                      nan 
9.236709e-04    1.268961e-03    nan            1.000000e+02         1.000000e+03         nan                 1.133635e+01         5.698000e+03         nan                 nan                                                    0.000000e+00    nan                                nan                 nan                       nan                      nan                      nan 
9.236709e-04    1.268961e-03    nan            1.000000e+03         1.000000e+04         nan                 1.133635e+01         5.698000e+03         nan                 nan                                                    0.000000e+00    nan                                nan                 nan                       nan                      nan                      nan 
9.236709e-04    1.268961e-03    nan            1.000000e+04         1.000000e+05         nan                 1.133635e+01         5.698000e+03         nan                 nan                                                    0.000000e+00    nan                                nan                 nan                       nan                      nan                      nan 
1.268961e-03    1.743329e-03    1.551376e-03   4.000000e+00         1.000000e+01         5.302009e+00        1.133635e+01         5.698000e+03         2.328219e+03        6.673276e+00                                           9.839388e-01    9.919369e-01                       0.147885            0.0508982                 0.106587                 0.175449                 5.591730e+05 
1.268961e-03    1.743329e-03    1.681105e-03   1.000000e+01         1.000000e+02         1.236848e+01        1.133635e+01         5.698000e+03         4.094501e+03        7.598599e+00                                           1.367853e-02    1.169552e-01                       0.0328285           0.1                       0.6                      1.5                      1.257800e+04 
1.268961e-03    1.743329e-03    nan            1.000000e+02         1.000000e+03         nan                 1.133635e+01         5.698000e+03         nan                 nan                                                    0.000000e+00    nan                                nan                 nan                       nan                      nan                      nan 
1.268961e-03    1.743329e-03    nan            1.000000e+03         1.000000e+04         nan                 1.133635e+01         5.698000e+03         nan                 nan                                                    0.000000e+00    nan                                nan                 nan                       nan                      nan                      nan 
1.268961e-03    1.743329e-03    nan            1.000000e+04         1.000000e+05         nan                 1.133635e+01         5.698000e+03         nan                 nan                                                    0.000000e+00    nan                                nan                 nan                       nan                      nan                      nan 
1.743329e-03    2.395027e-03    2.101287e-03   4.000000e+00         1.000000e+01         5.500211e+00        1.133635e+01         5.698000e+03         1.924339e+03        4.785341e+00                                           3.009617e+00    1.734825e+00                       0.0702072           0.0442539                 0.0176672                0.176501                 6.784300e+05 
1.743329e-03    2.395027e-03    2.166693e-03   1.000000e+01         1.000000e+02         1.188128e+01        1.133635e+01         5.698000e+03         3.487649e+03        5.608316e+00                                           1.382067e-01    3.717616e-01                       0.126945            0.222222                  0.122222                 0.603704                 3.651200e+04 
1.743329e-03    2.395027e-03    nan            1.000000e+02         1.000000e+03         nan                 1.133635e+01         5.698000e+03         nan                 nan                                                    0.000000e+00    nan                                nan                 nan                       nan                      nan                      nan 
1.743329e-03    2.395027e-03    nan            1.000000e+03         1.000000e+04         nan                 1.133635e+01         5.698000e+03         nan                 nan                                                    0.000000e+00    nan                                nan                 nan                       nan                      nan                      nan 
1.743329e-03    2.395027e-03    nan            1.000000e+04         1.000000e+05         nan                 1.133635e+01         5.698000e+03         nan                 nan                                                    0.000000e+00    nan                                nan                 nan                       nan                      nan                      nan 
2.395027e-03    3.290345e-03    2.876381e-03   4.000000e+00         1.000000e+01         5.862250e+00        1.133635e+01         5.698000e+03         1.587171e+03        3.503943e+00                                           7.453082e+00    2.730033e+00                       0.238398            0.03367                   0.0329293                0.17165                  7.646850e+05 
2.395027e-03    3.290345e-03    2.963581e-03   1.000000e+01         1.000000e+02         1.276844e+01        1.133635e+01         5.698000e+03         2.769315e+03        4.047618e+00                                           8.089508e-01    8.994169e-01                       0.470066            0.0560811                 0.212162                 0.435135                 7.549300e+04 
2.395027e-03    3.290345e-03    nan            1.000000e+02         1.000000e+03         nan                 1.133635e+01         5.698000e+03         nan                 nan                                                    0.000000e+00    nan                                nan                 nan                       nan                      nan                      nan 
2.395027e-03    3.290345e-03    nan            1.000000e+03         1.000000e+04         nan                 1.133635e+01         5.698000e+03         nan                 nan                                                    0.000000e+00    nan                                nan                 nan                       nan                      nan                      nan 
2.395027e-03    3.290345e-03    nan            1.000000e+04         1.000000e+05         nan                 1.133635e+01         5.698000e+03         nan                 nan                                                    0.000000e+00    nan                                nan                 nan                       nan                      nan                      nan 
3.290345e-03    4.520354e-03    3.943312e-03   4.000000e+00         1.000000e+01         6.063412e+00        1.133635e+01         5.698000e+03         1.321435e+03        2.552749e+00                                           1.578989e+01    3.973649e+00                       0.236029            0.0288911                 0.0435473                0.15214                  8.287510e+05 
3.290345e-03    4.520354e-03    3.977256e-03   1.000000e+01         1.000000e+02         1.364893e+01        1.133635e+01         5.698000e+03         2.388504e+03        3.014489e+00                                           3.228955e+00    1.796929e+00                       0.962873            0.012275                  0.115385                 0.165303                 1.335420e+05 
3.290345e-03    4.520354e-03    nan            1.000000e+02         1.000000e+03         nan                 1.133635e+01         5.698000e+03         nan                 nan                                                    0.000000e+00    nan                                nan                 nan                       nan                      nan                      nan 
3.290345e-03    4.520354e-03    nan            1.000000e+03         1.000000e+04         nan                 1.133635e+01         5.698000e+03         nan                 nan                                                    0.000000e+00    nan                                nan                 nan                       nan                      nan                      nan 
3.290345e-03    4.520354e-03    nan            1.000000e+04         1.000000e+05         nan                 1.133635e+01         5.698000e+03         nan                 nan                                                    0.000000e+00    nan                                nan                 nan                       nan                      nan                      nan 
4.520354e-03    6.210169e-03    5.404153e-03   4.000000e+00         1.000000e+01         6.238770e+00        1.133635e+01         5.698000e+03         1.101014e+03        1.830335e+00                                           2.886804e+01    5.372899e+00                       0.933149            0.0168095                 0.0339864                0.140108                 8.753300e+05 
4.520354e-03    6.210169e-03    5.479552e-03   1.000000e+01         1.000000e+02         1.474953e+01        1.133635e+01         5.698000e+03         1.974085e+03        2.069305e+00                                           9.846276e+00    3.137878e+00                       1.66485             0.0126522                 0.0761779                0.0815776                2.167300e+05 
4.520354e-03    6.210169e-03    nan            1.000000e+02         1.000000e+03         nan                 1.133635e+01         5.698000e+03         nan                 nan                                                    0.000000e+00    nan                                nan                 nan                       nan                      nan                      nan 
4.520354e-03    6.210169e-03    nan            1.000000e+03         1.000000e+04         nan                 1.133635e+01         5.698000e+03         nan                 nan                                                    0.000000e+00    nan                                nan                 nan                       nan                      nan                      nan 
4.520354e-03    6.210169e-03    nan            1.000000e+04         1.000000e+05         nan                 1.133635e+01         5.698000e+03         nan                 nan                                                    0.000000e+00    nan                                nan                 nan                       nan                      nan                      nan 
6.210169e-03    8.531679e-03    7.413157e-03   4.000000e+00         1.000000e+01         6.381577e+00        1.133635e+01         5.698000e+03         9.084460e+02        1.294712e+00                                           4.718016e+01    6.868782e+00                       1.1644              0.0121506                 0.0806771                0.101314                 9.086110e+05 
6.210169e-03    8.531679e-03    7.487186e-03   1.000000e+01         1.000000e+02         1.623283e+01        1.133635e+01         5.698000e+03         1.687570e+03        1.427795e+00                                           2.475028e+01    4.974965e+00                       3.35839             0.00571058                0.106597                 0.040623                 3.321220e+05 
6.210169e-03    8.531679e-03    nan            1.000000e+02         1.000000e+03         nan                 1.133635e+01         5.698000e+03         nan                 nan                                                    0.000000e+00    nan                                nan                 nan                       nan                      nan                      nan 
6.210169e-03    8.531679e-03    nan            1.000000e+03         1.000000e+04         nan                 1.133635e+01         5.698000e+03         nan                 nan                                                    0.000000e+00    nan                                nan                 nan                       nan                      nan                      nan 
6.210169e-03    8.531679e-03    nan            1.000000e+04         1.000000e+05         nan                 1.133635e+01         5.698000e+03         nan                 nan                                                    0.000000e+00    nan                                nan                 nan                       nan                      nan                      nan 
8.531679e-03    1.172102e-02    1.012850e-02   4.000000e+00         1.000000e+01         6.455616e+00        1.133635e+01         5.698000e+03         7.730114e+02        9.204196e-01                                           7.061392e+01    8.403209e+00                       0.71322             0.0113628                 0.0600317                0.0897194                9.331130e+05 
8.531679e-03    1.172102e-02    1.022383e-02   1.000000e+01         1.000000e+02         1.804184e+01        1.133635e+01         5.698000e+03         1.440915e+03        9.650282e-01                                           5.337387e+01    7.305742e+00                       4.1769              0.002797                  0.0741643                0.00581815               4.853460e+05 
8.531679e-03    1.172102e-02    nan            1.000000e+02         1.000000e+03         nan                 1.133635e+01         5.698000e+03         nan                 nan                                                    0.000000e+00    nan                                nan                 nan                       nan                      nan                      nan 
8.531679e-03    1.172102e-02    nan            1.000000e+03         1.000000e+04         nan                 1.133635e+01         5.698000e+03         nan                 nan                                                    0.000000e+00    nan                                nan                 nan                       nan                      nan                      nan 
8.531679e-03    1.172102e-02    nan            1.000000e+04         1.000000e+05         nan                 1.133635e+01         5.698000e+03         nan                 nan                                                    0.000000e+00    nan                                nan                 nan                       nan                      nan                      nan 
1.172102e-02    1.610262e-02    1.390541e-02   4.000000e+00         1.000000e+01         6.525599e+00        1.133635e+01         5.698000e+03         6.556644e+02        6.833504e-01                                           1.004360e+02    1.002177e+01                       0.691048            0.0145227                 0.0432573                0.0863343                9.508800e+05 
1.172102e-02    1.610262e-02    1.400419e-02   1.000000e+01         1.000000e+02         2.039651e+01        1.133635e+01         5.698000e+03         1.270545e+03        6.847439e-01                                           1.019191e+02    1.009550e+01                       7.87088             0.00126432                0.0900144                0.00621323               6.244350e+05 
1.172102e-02    1.610262e-02    1.512937e-02   1.000000e+02         1.000000e+03         1.134131e+02        1.133635e+01         5.698000e+03         4.488960e+03        6.057579e-01                                           5.023475e-02    2.241311e-01                       0.11554             0.133333                  0.377778                 1.77778                  9.096000e+03 
1.172102e-02    1.610262e-02    nan            1.000000e+03         1.000000e+04         nan                 1.133635e+01         5.698000e+03         nan                 nan                                                    0.000000e+00    nan                                nan                 nan                       nan                      nan                      nan 
1.172102e-02    1.610262e-02    nan            1.000000e+04         1.000000e+05         nan                 1.133635e+01         5.698000e+03         nan                 nan                                                    0.000000e+00    nan                                nan                 nan                       nan                      nan                      nan 
1.610262e-02    2.212216e-02    1.907069e-02   4.000000e+00         1.000000e+01         6.602982e+00        1.133635e+01         5.698000e+03         5.580563e+02        5.028023e-01                                           1.358092e+02    1.165372e+01                       1.33588             0.00820083                0.0496755                0.0656446                9.640570e+05 
1.610262e-02    2.212216e-02    1.919832e-02   1.000000e+01         1.000000e+02         2.317111e+01        1.133635e+01         5.698000e+03         1.124096e+03        4.835757e-01                                           1.786932e+02    1.336762e+01                       9.45517             0.00184246                0.070425                 0.0150381                7.267580e+05 
1.610262e-02    2.212216e-02    1.996481e-02   1.000000e+02         1.000000e+03         1.187579e+02        1.133635e+01         5.698000e+03         3.714695e+03        4.262875e-01                                           5.708422e-01    7.555410e-01                       0.50913             0.0144144                 0.0648649                0.876577                 2.981900e+04 
1.610262e-02    2.212216e-02    nan            1.000000e+03         1.000000e+04         nan                 1.133635e+01         5.698000e+03         nan                 nan                                                    0.000000e+00    nan                                nan                 nan                       nan                      nan                      nan 
1.610262e-02    2.212216e-02    nan            1.000000e+04         1.000000e+05         nan                 1.133635e+01         5.698000e+03         nan                 nan                                                    0.000000e+00    nan                                nan                 nan                       nan                      nan                      nan 
2.212216e-02    3.039195e-02    2.619540e-02   4.000000e+00         1.000000e+01         6.653130e+00        1.133635e+01         5.698000e+03         4.903978e+02        3.662501e-01                                           1.738856e+02    1.318657e+01                       0.943968            0.0109452                 0.0243207                0.0650035                9.731170e+05 
2.212216e-02    3.039195e-02    2.634437e-02   1.000000e+01         1.000000e+02         2.627089e+01        1.133635e+01         5.698000e+03         9.924286e+02        3.348193e-01                                           2.947864e+02    1.716935e+01                       5.25773             0.00107028                0.0430658                0.0286153                8.001490e+05 
2.212216e-02    3.039195e-02    2.699289e-02   1.000000e+02         1.000000e+03         1.227472e+02        1.133635e+01         5.698000e+03         2.923313e+03        2.820300e-01                                           3.336989e+00    1.826743e+00                       1.25749             0.0133431                 0.0319648                0.41173                  6.476400e+04 
2.212216e-02    3.039195e-02    nan            1.000000e+03         1.000000e+04         nan                 1.133635e+01         5.698000e+03         nan                 nan                                                    0.000000e+00    nan                                nan                 nan                       nan                      nan                      nan 
2.212216e-02    3.039195e-02    nan            1.000000e+04         1.000000e+05         nan                 1.133635e+01         5.698000e+03         nan                 nan                                                    0.000000e+00    nan                                nan                 nan                       nan                      nan                      nan 
3.039195e-02    4.175319e-02    3.602063e-02   4.000000e+00         1.000000e+01         6.696732e+00        1.133635e+01         5.698000e+03         4.242344e+02        2.616074e-01                                           2.149541e+02    1.466131e+01                       3.60623             0.00667093                0.00574533               0.0530999                9.801910e+05 
3.039195e-02    4.175319e-02    3.618534e-02   1.000000e+01         1.000000e+02         2.929260e+01        1.133635e+01         5.698000e+03         8.787234e+02        2.283335e-01                                           4.499949e+02    2.121308e+01                       4.48822             0.00068746                0.0382751                0.029172                 8.542760e+05 
3.039195e-02    4.175319e-02    3.691375e-02   1.000000e+02         1.000000e+03         1.311626e+02        1.133635e+01         5.698000e+03         2.422863e+03        1.804029e-01                                           1.353915e+01    3.679558e+00                       2.82725             0.00486084                0.0227362                0.212623                 1.166850e+05 
3.039195e-02    4.175319e-02    nan            1.000000e+03         1.000000e+04         nan                 1.133635e+01         5.698000e+03         nan                 nan                                                    0.000000e+00    nan                                nan                 nan                       nan                      nan                      nan 
3.039195e-02    4.175319e-02    nan            1.000000e+04         1.000000e+05         nan                 1.133635e+01         5.698000e+03         nan                 nan                                                    0.000000e+00    nan                                nan                 nan                       nan                      nan                      nan 
4.175319e-02    5.736153e-02    4.939748e-02   4.000000e+00         1.000000e+01         6.715081e+00        1.133635e+01         5.698000e+03         3.770358e+02        1.857293e-01                                           2.548674e+02    1.596457e+01                       6.84549             0.00636462                0.00784743               0.0361692                9.851050e+05 
4.175319e-02    5.736153e-02    4.961597e-02   1.000000e+01         1.000000e+02         3.198986e+01        1.133635e+01         5.698000e+03         7.731642e+02        1.529376e-01                                           6.270106e+02    2.504018e+01                       3.38744             0.000621457               0.0280543                0.0278589                8.934090e+05 
4.175319e-02    5.736153e-02    5.043156e-02   1.000000e+02         1.000000e+03         1.409618e+02        1.133635e+01         5.698000e+03         2.030752e+03        1.115901e-01                                           3.921012e+01    6.261799e+00                       4.29731             0.00229885                0.0191663                0.128694                 1.927610e+05 
4.175319e-02    5.736153e-02    nan            1.000000e+03         1.000000e+04         nan                 1.133635e+01         5.698000e+03         nan                 nan                                                    0.000000e+00    nan                                nan                 nan                       nan                      nan                      nan 
4.175319e-02    5.736153e-02    nan            1.000000e+04         1.000000e+05         nan                 1.133635e+01         5.698000e+03         nan                 nan                                                    0.000000e+00    nan                                nan                 nan                       nan                      nan                      nan 
5.736153e-02    7.880463e-02    6.770623e-02   4.000000e+00         1.000000e+01         6.738907e+00        1.133635e+01         5.698000e+03         3.376110e+02        1.312352e-01                                           2.953974e+02    1.718713e+01                       18.9386             0.00504626                0.043054                 0.0337709                9.888350e+05 
5.736153e-02    7.880463e-02    6.794073e-02   1.000000e+01         1.000000e+02         3.420671e+01        1.133635e+01         5.698000e+03         6.837392e+02        1.029185e-01                                           8.451564e+02    2.907157e+01                       19.623              0.000258034               0.00783938               0.0266619                9.216640e+05 
5.736153e-02    7.880463e-02    6.886891e-02   1.000000e+02         1.000000e+03         1.517427e+02        1.133635e+01         5.698000e+03         1.728448e+03        6.805292e-02                                           9.034875e+01    9.505196e+00                       2.20543             0.00117368                0.0291464                0.0617605                2.993360e+05 
5.736153e-02    7.880463e-02    nan            1.000000e+03         1.000000e+04         nan                 1.133635e+01         5.698000e+03         nan                 nan                                                    0.000000e+00    nan                                nan                 nan                       nan                      nan                      nan 
5.736153e-02    7.880463e-02    nan            1.000000e+04         1.000000e+05         nan                 1.133635e+01         5.698000e+03         nan                 nan                                                    0.000000e+00    nan                                nan                 nan                       nan                      nan                      nan 
7.880463e-02    1.082637e-01    9.289371e-02   4.000000e+00         1.000000e+01         6.779266e+00        1.133635e+01         5.698000e+03         3.107740e+02        9.730428e-02                                           3.284838e+02    1.812412e+01                       46.2719             0.00580849                0.0957465                0.0698708                9.912480e+05 
7.880463e-02    1.082637e-01    9.311608e-02   1.000000e+01         1.000000e+02         3.600252e+01        1.133635e+01         5.698000e+03         6.064791e+02        7.441417e-02                                           1.074934e+03    3.278618e+01                       57.8915             0.000855323               0.022692                 0.0257982                9.427490e+05 
7.880463e-02    1.082637e-01    9.398701e-02   1.000000e+02         1.000000e+03         1.664451e+02        1.133635e+01         5.698000e+03         1.496154e+03        4.455668e-02                                           1.764895e+02    1.328493e+01                       6.08849             0.000946173               0.0504446                0.0189024                4.453370e+05 
7.880463e-02    1.082637e-01    nan            1.000000e+03         1.000000e+04         nan                 1.133635e+01         5.698000e+03         nan                 nan                                                    0.000000e+00    nan                                nan                 nan                       nan                      nan                      nan 
7.880463e-02    1.082637e-01    nan            1.000000e+04         1.000000e+05         nan                 1.133635e+01         5.698000e+03         nan                 nan                                                    0.000000e+00    nan                                nan                 nan                       nan                      nan                      nan 
1.082637e-01    1.487352e-01    1.263587e-01   4.000000e+00         1.000000e+01         7.219215e+00        1.133635e+01         5.698000e+03         2.871847e+02        7.028908e-02                                           3.071665e+02    1.752616e+01                       69.0228             0.000831657               0.12771                  0.138239                 8.568190e+05 
1.082637e-01    1.487352e-01    1.278529e-01   1.000000e+01         1.000000e+02         3.751764e+01        1.133635e+01         5.698000e+03         5.411983e+02        5.190908e-02                                           1.327215e+03    3.643096e+01                       139.144             0.000559876               0.0739146                0.0341482                9.575020e+05 
1.082637e-01    1.487352e-01    1.287300e-01   1.000000e+02         1.000000e+03         1.818931e+02        1.133635e+01         5.698000e+03         1.306370e+03        2.826582e-02                                           2.994431e+02    1.730442e+01                       27.072              0.000591062               0.0861583                0.00669987               5.939240e+05 
1.082637e-01    1.487352e-01    1.291833e-01   1.000000e+03         1.000000e+04         1.081999e+03        1.133635e+01         5.698000e+03         4.911229e+03        1.307097e-02                                           3.467547e-02    1.862135e-01                       0.106916            0.0                       0.35                     3.36667                  5.887000e+03 
1.082637e-01    1.487352e-01    nan            1.000000e+04         1.000000e+05         nan                 1.133635e+01         5.698000e+03         nan                 nan                                                    0.000000e+00    nan                                nan                 nan                       nan                      nan                      nan 
1.487352e-01    2.043360e-01    1.723045e-01   4.000000e+00         1.000000e+01         8.166642e+00        1.133635e+01         5.698000e+03         2.797969e+02        4.862870e-02                                           2.013457e+02    1.418963e+01                       67.0483             0.00177594                0.160185                 0.237461                 5.591280e+05 
1.487352e-01    2.043360e-01    1.757028e-01   1.000000e+01         1.000000e+02         3.870830e+01        1.133635e+01         5.698000e+03         4.868416e+02        3.525311e-02                                           1.507607e+03    3.882792e+01                       238.05              0.000181062               0.126884                 0.0397101                9.686730e+05 
1.487352e-01    2.043360e-01    1.769606e-01   1.000000e+02         1.000000e+03         1.996734e+02        1.133635e+01         5.698000e+03         1.170975e+03        1.786378e-02                                           4.377496e+02    2.092247e+01                       59.3075             0.000665308               0.116829                 0.0255511                7.040210e+05 
1.487352e-01    2.043360e-01    1.849781e-01   1.000000e+03         1.000000e+04         1.184978e+03        1.133635e+01         5.698000e+03         4.004365e+03        5.564097e-03                                           3.926514e-01    6.266190e-01                       0.449169            0.0257576                 0.122727                 1.51212                  2.315500e+04 
1.487352e-01    2.043360e-01    nan            1.000000e+04         1.000000e+05         nan                 1.133635e+01         5.698000e+03         nan                 nan                                                    0.000000e+00    nan                                nan                 nan                       nan                      nan                      nan 
2.043360e-01    2.807216e-01    2.241150e-01   4.000000e+00         1.000000e+01         9.193731e+00        1.133635e+01         5.698000e+03         2.685101e+02        3.298091e-02                                           5.508484e+01    7.421916e+00                       25.9671             0.00205788                0.194874                 0.373643                 1.578510e+05 
2.043360e-01    2.807216e-01    2.409814e-01   1.000000e+01         1.000000e+02         3.979989e+01        1.133635e+01         5.698000e+03         4.423119e+02        2.234005e-02                                           1.575750e+03    3.969572e+01                       348.776             0.000341738               0.181873                 0.0565227                9.766370e+05 
2.043360e-01    2.807216e-01    2.424188e-01   1.000000e+02         1.000000e+03         2.170248e+02        1.133635e+01         5.698000e+03         1.055346e+03        1.065458e-02                                           5.700633e+02    2.387600e+01                       98.2979             0.0002966                 0.139692                 0.0361223                7.841890e+05 
2.043360e-01    2.807216e-01    2.499165e-01   1.000000e+03         1.000000e+04         1.184798e+03        1.133635e+01         5.698000e+03         3.113596e+03        2.570675e-03                                           1.796015e+00    1.340155e+00                       1.12515             0.00784314                0.0522876                0.7                      5.360800e+04 
2.043360e-01    2.807216e-01    nan            1.000000e+04         1.000000e+05         nan                 1.133635e+01         5.698000e+03         nan                 nan                                                    0.000000e+00    nan                                nan                 nan                       nan                      nan                      nan 
2.807216e-01    3.856620e-01    nan            4.000000e+00         1.000000e+01         nan                 1.133635e+01         5.698000e+03         nan                 nan                                                    0.000000e+00    nan                                nan                 nan                       nan                      nan                      nan 
2.807216e-01    3.856620e-01    3.283142e-01   1.000000e+01         1.000000e+02         4.280193e+01        1.133635e+01         5.698000e+03         4.117365e+02        1.221583e-02                                           1.368073e+03    3.698747e+01                       364.727             0.000255451               0.223887                 0.0744403                9.548420e+05 
2.807216e-01    3.856620e-01    3.308936e-01   1.000000e+02         1.000000e+03         2.313345e+02        1.133635e+01         5.698000e+03         9.608780e+02        5.824026e-03                                           6.321353e+02    2.514230e+01                       121.599             0.000644672               0.146921                 0.0578646                8.410930e+05 
2.807216e-01    3.856620e-01    3.396696e-01   1.000000e+03         1.000000e+04         1.233119e+03        1.133635e+01         5.698000e+03         2.676971e+03        1.152592e-03                                           4.533262e+00    2.129146e+00                       1.18523             0.00328798                0.0323129                0.301247                 1.020200e+05 
2.807216e-01    3.856620e-01    nan            1.000000e+04         1.000000e+05         nan                 1.133635e+01         5.698000e+03         nan                 nan                                                    0.000000e+00    nan                                nan                 nan                       nan                      nan                      nan 
3.856620e-01    5.298317e-01    nan            4.000000e+00         1.000000e+01         nan                 1.133635e+01         5.698000e+03         nan                 nan                                                    0.000000e+00    nan                                nan                 nan                       nan                      nan                      nan 
3.856620e-01    5.298317e-01    4.435455e-01   1.000000e+01         1.000000e+02         4.713745e+01        1.133635e+01         5.698000e+03         3.874631e+02        5.704289e-03                                           8.658469e+02    2.942528e+01                       184.773             0.000593821               0.181804                 0.0648137                9.066750e+05 
3.856620e-01    5.298317e-01    4.464284e-01   1.000000e+02         1.000000e+03         2.477348e+02        1.133635e+01         5.698000e+03         8.727715e+02        2.735558e-03                                           5.296993e+02    2.301520e+01                       68.9758             0.000444752               0.0735689                0.0942182                8.821920e+05 
3.856620e-01    5.298317e-01    4.514576e-01   1.000000e+03         1.000000e+04         1.281994e+03        1.133635e+01         5.698000e+03         2.408999e+03        6.130033e-04                                           7.186218e+00    2.680712e+00                       2.02924             0.00579819                0.163027                 0.0487952                1.695250e+05 
3.856620e-01    5.298317e-01    nan            1.000000e+04         1.000000e+05         nan                 1.133635e+01         5.698000e+03         nan                 nan                                                    0.000000e+00    nan                                nan                 nan                       nan                      nan                      nan 
5.298317e-01    7.278954e-01    nan            4.000000e+00         1.000000e+01         nan                 1.133635e+01         5.698000e+03         nan                 nan                                                    0.000000e+00    nan                                nan                 nan                       nan                      nan                      nan 
5.298317e-01    7.278954e-01    5.992222e-01   1.000000e+01         1.000000e+02         5.226142e+01        1.133635e+01         5.698000e+03         3.655500e+02        1.466041e-03                                           2.995893e+02    1.730865e+01                       88.2658             0.000736194               0.272692                 0.18445                  8.381690e+05 
5.298317e-01    7.278954e-01    6.035224e-01   1.000000e+02         1.000000e+03         2.617930e+02        1.133635e+01         5.698000e+03         7.803228e+02        6.679476e-04                                           2.361006e+02    1.536557e+01                       100.281             0.000987692               0.493766                 0.0248508                9.113340e+05 
5.298317e-01    7.278954e-01    6.097963e-01   1.000000e+03         1.000000e+04         1.338298e+03        1.133635e+01         5.698000e+03         2.095832e+03        1.563169e-04                                           5.346176e+00    2.312180e+00                       4.30477             0.0048048                 0.875375                 0.131031                 2.655520e+05 
5.298317e-01    7.278954e-01    nan            1.000000e+04         1.000000e+05         nan                 1.133635e+01         5.698000e+03         nan                 nan                                                    0.000000e+00    nan                                nan                 nan                       nan                      nan                      nan 
7.278954e-01    1.000000e+00    nan            4.000000e+00         1.000000e+01         nan                 1.133635e+01         5.698000e+03         nan                 nan                                                    0.000000e+00    nan                                nan                 nan                       nan                      nan                      nan 
7.278954e-01    1.000000e+00    7.841702e-01   1.000000e+01         1.000000e+02         5.750564e+01        1.133635e+01         5.698000e+03         3.505443e+02        1.828900e-04                                           3.102092e+01    5.569643e+00                       123.821             0.0025428                 3.34291                  1.90713                  6.211340e+05 
7.278954e-01    1.000000e+00    7.842763e-01   1.000000e+02         1.000000e+03         2.672500e+02        1.133635e+01         5.698000e+03         6.977464e+02        7.771578e-05                                           2.939550e+01    5.421762e+00                       154.604             0.00230665                5.0509                   1.32234                  9.034110e+05 
7.278954e-01    1.000000e+00    7.829830e-01   1.000000e+03         1.000000e+04         1.373261e+03        1.133635e+01         5.698000e+03         1.826052e+03        1.853035e-05                                           8.350744e-01    9.138240e-01                       6.04073             0.0127389                 8.4707                   0.0738854                3.959350e+05 
7.278954e-01    1.000000e+00    nan            1.000000e+04         1.000000e+05         nan                 1.133635e+01         5.698000e+03         nan                 nan                                                    0.000000e+00    nan                                nan                 nan                       nan                      nan                      nan 
