Experiment = FASERv2 | Neutrino = -14 | Exp. Target density (nucleons / cm3) = 10^(25.1) | Exp. Target Length = 200 cm | Total Events = 54293.3
x_lower x_upper x_avg     Q2_lower[GeV^2] Q2_upper[GeV^2] Q2_avg[GeV^2] E_nu_lower[GeV] E_nu_upper[GeV] E_nu_avg[GeV] log10(d^sigma/dxdQ2(x_avg,Q2_avg,Enu_avg) / (pb / GeV^-2)) N_events N_events_errs = Sqrt[N_events] MC_Samples
0.00010 0.00014 0.00012     4.0               10.0                7.0     11.34            5698.27            2854.81                nan                                  0.00000      0.00000          0  
0.00010 0.00014 0.00012     10.0               100.0                55.0     11.34            5698.27            2854.81                nan                                  0.00000      0.00000          0  
0.00010 0.00014 0.00012     100.0               1000.0                550.0     11.34            5698.27            2854.81                nan                                  0.00000      0.00000          0  
0.00010 0.00014 0.00012     1000.0               10000.0                5500.0     11.34            5698.27            2854.81                nan                                  0.00000      0.00000          0  
0.00010 0.00014 0.00012     10000.0               100000.0                55000.0     11.34            5698.27            2854.81                nan                                  0.00000      0.00000          0  
0.00014 0.00019 0.00016     4.0               10.0                7.0     11.34            5698.27            2854.81                nan                                  0.00000      0.00000          0  
0.00014 0.00019 0.00016     10.0               100.0                55.0     11.34            5698.27            2854.81                nan                                  0.00000      0.00000          0  
0.00014 0.00019 0.00016     100.0               1000.0                550.0     11.34            5698.27            2854.81                nan                                  0.00000      0.00000          0  
0.00014 0.00019 0.00016     1000.0               10000.0                5500.0     11.34            5698.27            2854.81                nan                                  0.00000      0.00000          0  
0.00014 0.00019 0.00016     10000.0               100000.0                55000.0     11.34            5698.27            2854.81                nan                                  0.00000      0.00000          0  
0.00019 0.00026 0.00022     4.0               10.0                7.0     11.34            5698.27            2854.81                nan                                  0.00000      0.00000          0  
0.00019 0.00026 0.00022     10.0               100.0                55.0     11.34            5698.27            2854.81                nan                                  0.00000      0.00000          0  
0.00019 0.00026 0.00022     100.0               1000.0                550.0     11.34            5698.27            2854.81                nan                                  0.00000      0.00000          0  
0.00019 0.00026 0.00022     1000.0               10000.0                5500.0     11.34            5698.27            2854.81                nan                                  0.00000      0.00000          0  
0.00019 0.00026 0.00022     10000.0               100000.0                55000.0     11.34            5698.27            2854.81                nan                                  0.00000      0.00000          0  
0.00026 0.00036 0.00031     4.0               10.0                7.0     11.34            5698.27            2854.81                nan                                  0.00000      0.00000          0  
0.00026 0.00036 0.00031     10.0               100.0                55.0     11.34            5698.27            2854.81                nan                                  0.00000      0.00000          0  
0.00026 0.00036 0.00031     100.0               1000.0                550.0     11.34            5698.27            2854.81                nan                                  0.00000      0.00000          0  
0.00026 0.00036 0.00031     1000.0               10000.0                5500.0     11.34            5698.27            2854.81                nan                                  0.00000      0.00000          0  
0.00026 0.00036 0.00031     10000.0               100000.0                55000.0     11.34            5698.27            2854.81                nan                                  0.00000      0.00000          0  
0.00036 0.00049 0.00046     4.0               10.0                4.3     11.34            5698.27            5350.89                1.2307                                  0.00004      0.00611          7443  
0.00036 0.00049 0.00042     10.0               100.0                55.0     11.34            5698.27            2854.81                nan                                  0.00000      0.00000          0  
0.00036 0.00049 0.00042     100.0               1000.0                550.0     11.34            5698.27            2854.81                nan                                  0.00000      0.00000          0  
0.00036 0.00049 0.00042     1000.0               10000.0                5500.0     11.34            5698.27            2854.81                nan                                  0.00000      0.00000          0  
0.00036 0.00049 0.00042     10000.0               100000.0                55000.0     11.34            5698.27            2854.81                nan                                  0.00000      0.00000          0  
0.00049 0.00067 0.00060     4.0               10.0                4.8     11.34            5698.27            4989.79                1.1380                                  0.00469      0.06848          67219  
0.00049 0.00067 0.00058     10.0               100.0                55.0     11.34            5698.27            2854.81                nan                                  0.00000      0.00000          0  
0.00049 0.00067 0.00058     100.0               1000.0                550.0     11.34            5698.27            2854.81                nan                                  0.00000      0.00000          0  
0.00049 0.00067 0.00058     1000.0               10000.0                5500.0     11.34            5698.27            2854.81                nan                                  0.00000      0.00000          0  
0.00049 0.00067 0.00058     10000.0               100000.0                55000.0     11.34            5698.27            2854.81                nan                                  0.00000      0.00000          0  
0.00067 0.00092 0.00082     4.0               10.0                5.6     11.34            5698.27            4675.43                0.8943                                  0.07866      0.28047          201857  
0.00067 0.00092 0.00080     10.0               100.0                55.0     11.34            5698.27            2854.81                nan                                  0.00000      0.00000          0  
0.00067 0.00092 0.00080     100.0               1000.0                550.0     11.34            5698.27            2854.81                nan                                  0.00000      0.00000          0  
0.00067 0.00092 0.00080     1000.0               10000.0                5500.0     11.34            5698.27            2854.81                nan                                  0.00000      0.00000          0  
0.00067 0.00092 0.00080     10000.0               100000.0                55000.0     11.34            5698.27            2854.81                nan                                  0.00000      0.00000          0  
0.00092 0.00127 0.00111     4.0               10.0                6.4     11.34            5698.27            4383.30                0.8610                                  0.69630      0.83444          398341  
0.00092 0.00127 0.00118     10.0               100.0                10.9     11.34            5698.27            5304.90                0.8357                                  0.00018      0.01343          1846  
0.00092 0.00127 0.00110     100.0               1000.0                550.0     11.34            5698.27            2854.81                nan                                  0.00000      0.00000          0  
0.00092 0.00127 0.00110     1000.0               10000.0                5500.0     11.34            5698.27            2854.81                nan                                  0.00000      0.00000          0  
0.00092 0.00127 0.00110     10000.0               100000.0                55000.0     11.34            5698.27            2854.81                nan                                  0.00000      0.00000          0  
0.00127 0.00174 0.00152     4.0               10.0                6.7     11.34            5698.27            4026.78                0.7794                                  3.35455      1.83154          563539  
0.00127 0.00174 0.00156     10.0               100.0                12.2     11.34            5698.27            4949.87                0.7502                                  0.01877      0.13701          13068  
0.00127 0.00174 0.00151     100.0               1000.0                550.0     11.34            5698.27            2854.81                nan                                  0.00000      0.00000          0  
0.00127 0.00174 0.00151     1000.0               10000.0                5500.0     11.34            5698.27            2854.81                nan                                  0.00000      0.00000          0  
0.00127 0.00174 0.00151     10000.0               100000.0                55000.0     11.34            5698.27            2854.81                nan                                  0.00000      0.00000          0  
0.00174 0.00240 0.00208     4.0               10.0                6.8     11.34            5698.27            3730.50                0.5498                                  8.48202      2.91239          682865  
0.00174 0.00240 0.00211     10.0               100.0                14.2     11.34            5698.27            4647.88                0.5012                                  0.26026      0.51016          37265  
0.00174 0.00240 0.00207     100.0               1000.0                550.0     11.34            5698.27            2854.81                nan                                  0.00000      0.00000          0  
0.00174 0.00240 0.00207     1000.0               10000.0                5500.0     11.34            5698.27            2854.81                nan                                  0.00000      0.00000          0  
0.00174 0.00240 0.00207     10000.0               100000.0                55000.0     11.34            5698.27            2854.81                nan                                  0.00000      0.00000          0  
0.00240 0.00329 0.00285     4.0               10.0                6.9     11.34            5698.27            3496.57                0.4761                                  23.09039      4.80525          769895  
0.00240 0.00329 0.00289     10.0               100.0                17.0     11.34            5698.27            4419.98                0.4582                                  2.12104      1.45638          76670  
0.00240 0.00329 0.00284     100.0               1000.0                550.0     11.34            5698.27            2854.81                nan                                  0.00000      0.00000          0  
0.00240 0.00329 0.00284     1000.0               10000.0                5500.0     11.34            5698.27            2854.81                nan                                  0.00000      0.00000          0  
0.00240 0.00329 0.00284     10000.0               100000.0                55000.0     11.34            5698.27            2854.81                nan                                  0.00000      0.00000          0  
0.00329 0.00452 0.00391     4.0               10.0                6.9     11.34            5698.27            3323.08                0.4005                                  53.44765      7.31079          832924  
0.00329 0.00452 0.00396     10.0               100.0                20.8     11.34            5698.27            4256.78                0.3979                                  10.26931      3.20458          135053  
0.00329 0.00452 0.00391     100.0               1000.0                550.0     11.34            5698.27            2854.81                nan                                  0.00000      0.00000          0  
0.00329 0.00452 0.00391     1000.0               10000.0                5500.0     11.34            5698.27            2854.81                nan                                  0.00000      0.00000          0  
0.00329 0.00452 0.00391     10000.0               100000.0                55000.0     11.34            5698.27            2854.81                nan                                  0.00000      0.00000          0  
0.00452 0.00621 0.00537     4.0               10.0                6.9     11.34            5698.27            3198.71                0.2059                                  81.26174      9.01453          878388  
0.00452 0.00621 0.00543     10.0               100.0                26.1     11.34            5698.27            4130.93                0.1840                                  27.11880      5.20757          217382  
0.00452 0.00621 0.00537     100.0               1000.0                550.0     11.34            5698.27            2854.81                nan                                  0.00000      0.00000          0  
0.00452 0.00621 0.00537     1000.0               10000.0                5500.0     11.34            5698.27            2854.81                nan                                  0.00000      0.00000          0  
0.00452 0.00621 0.00537     10000.0               100000.0                55000.0     11.34            5698.27            2854.81                nan                                  0.00000      0.00000          0  
0.00621 0.00853 0.00738     4.0               10.0                7.0     11.34            5698.27            3102.50                0.0414                                  123.92265      11.13205          912732  
0.00621 0.00853 0.00745     10.0               100.0                33.2     11.34            5698.27            4037.95                0.0115                                  69.95044      8.36364          334450  
0.00621 0.00853 0.00737     100.0               1000.0                550.0     11.34            5698.27            2854.81                nan                                  0.00000      0.00000          0  
0.00621 0.00853 0.00737     1000.0               10000.0                5500.0     11.34            5698.27            2854.81                nan                                  0.00000      0.00000          0  
0.00621 0.00853 0.00737     10000.0               100000.0                55000.0     11.34            5698.27            2854.81                nan                                  0.00000      0.00000          0  
0.00853 0.01172 0.01013     4.0               10.0                7.0     11.34            5698.27            3035.00                -0.0379                                  210.07193      14.49386          936471  
0.00853 0.01172 0.01021     10.0               100.0                42.1     11.34            5698.27            3952.09                -0.0694                                  174.70828      13.21773          489097  
0.00853 0.01172 0.01113     100.0               1000.0                106.0     11.34            5698.27            5392.04                -0.1626                                  0.00044      0.02093          741  
0.00853 0.01172 0.01013     1000.0               10000.0                5500.0     11.34            5698.27            2854.81                nan                                  0.00000      0.00000          0  
0.00853 0.01172 0.01013     10000.0               100000.0                55000.0     11.34            5698.27            2854.81                nan                                  0.00000      0.00000          0  
0.01172 0.01610 0.01392     4.0               10.0                7.0     11.34            5698.27            2985.43                -0.2074                                  268.16582      16.37577          954764  
0.01172 0.01610 0.01398     10.0               100.0                47.7     11.34            5698.27            3764.87                -0.2345                                  307.86145      17.54598          628483  
0.01172 0.01610 0.01448     100.0               1000.0                118.7     11.34            5698.27            5043.64                -0.3511                                  0.05290      0.23001          9109  
0.01172 0.01610 0.01391     1000.0               10000.0                5500.0     11.34            5698.27            2854.81                nan                                  0.00000      0.00000          0  
0.01172 0.01610 0.01391     10000.0               100000.0                55000.0     11.34            5698.27            2854.81                nan                                  0.00000      0.00000          0  
0.01610 0.02212 0.01912     4.0               10.0                7.0     11.34            5698.27            2945.12                -0.4321                                  292.23960      17.09502          967648  
0.01610 0.02212 0.01917     10.0               100.0                50.4     11.34            5698.27            3554.91                -0.4617                                  456.99915      21.37754          730774  
0.01610 0.02212 0.01957     100.0               1000.0                136.6     11.34            5698.27            4713.42                -0.5863                                  1.15822      1.07621          30068  
0.01610 0.02212 0.01911     1000.0               10000.0                5500.0     11.34            5698.27            2854.81                nan                                  0.00000      0.00000          0  
0.01610 0.02212 0.01911     10000.0               100000.0                55000.0     11.34            5698.27            2854.81                nan                                  0.00000      0.00000          0  
0.02212 0.03039 0.02626     4.0               10.0                7.0     11.34            5698.27            2923.16                -0.5089                                  427.52553      20.67669          976823  
0.02212 0.03039 0.02632     10.0               100.0                52.0     11.34            5698.27            3378.88                -0.5146                                  883.21806      29.71898          803650  
0.02212 0.03039 0.02671     100.0               1000.0                162.2     11.34            5698.27            4467.14                -0.6631                                  10.92460      3.30524          64682  
0.02212 0.03039 0.02626     1000.0               10000.0                5500.0     11.34            5698.27            2854.81                nan                                  0.00000      0.00000          0  
0.02212 0.03039 0.02626     10000.0               100000.0                55000.0     11.34            5698.27            2854.81                nan                                  0.00000      0.00000          0  
0.03039 0.04175 0.03608     4.0               10.0                7.0     11.34            5698.27            2901.92                -0.6563                                  509.17128      22.56482          983416  
0.03039 0.04175 0.03611     10.0               100.0                52.9     11.34            5698.27            3243.31                -0.6509                                  1349.31730      36.73305          857720  
0.03039 0.04175 0.03658     100.0               1000.0                196.9     11.34            5698.27            4289.66                -0.8354                                  47.54315      6.89515          117922  
0.03039 0.04175 0.03607     1000.0               10000.0                5500.0     11.34            5698.27            2854.81                nan                                  0.00000      0.00000          0  
0.03039 0.04175 0.03607     10000.0               100000.0                55000.0     11.34            5698.27            2854.81                nan                                  0.00000      0.00000          0  
0.04175 0.05736 0.04956     4.0               10.0                7.0     11.34            5698.27            2885.96                -0.9203                                  466.80041      21.60556          988590  
0.04175 0.05736 0.04961     10.0               100.0                53.6     11.34            5698.27            3138.69                -0.9387                                  1447.15763      38.04153          897581  
0.04175 0.05736 0.05016     100.0               1000.0                245.4     11.34            5698.27            4155.56                -1.1852                                  109.27738      10.45358          194287  
0.04175 0.05736 0.04956     1000.0               10000.0                5500.0     11.34            5698.27            2854.81                nan                                  0.00000      0.00000          0  
0.04175 0.05736 0.04956     10000.0               100000.0                55000.0     11.34            5698.27            2854.81                nan                                  0.00000      0.00000          0  
0.05736 0.07880 0.06808     4.0               10.0                7.0     11.34            5698.27            2873.20                -0.9924                                  610.93246      24.71705          992375  
0.05736 0.07880 0.06812     10.0               100.0                54.0     11.34            5698.27            3060.03                -0.9954                                  2286.67463      47.81919          925557  
0.05736 0.07880 0.06881     100.0               1000.0                311.9     11.34            5698.27            4057.44                -1.2665                                  324.52336      18.01453          300943  
0.05736 0.07880 0.06808     1000.0               10000.0                5500.0     11.34            5698.27            2854.81                nan                                  0.00000      0.00000          0  
0.05736 0.07880 0.06808     10000.0               100000.0                55000.0     11.34            5698.27            2854.81                nan                                  0.00000      0.00000          0  
0.07880 0.10826 0.09353     4.0               10.0                7.0     11.34            5698.27            2868.02                -1.1218                                  709.29452      26.63258          994866  
0.07880 0.10826 0.09357     10.0               100.0                54.3     11.34            5698.27            3004.24                -1.1219                                  3113.58114      55.79947          946706  
0.07880 0.10826 0.09443     100.0               1000.0                400.3     11.34            5698.27            3978.79                -1.4331                                  715.04465      26.74032          448774  
0.07880 0.10826 0.10448     1000.0               10000.0                1042.5     11.34            5698.27            5497.83                -1.7663                                  0.00016      0.01245          188  
0.07880 0.10826 0.09353     10000.0               100000.0                55000.0     11.34            5698.27            2854.81                nan                                  0.00000      0.00000          0  
0.10826 0.14874 0.12850     4.0               10.0                7.0     11.34            5698.27            2863.13                -1.4111                                  605.40662      24.60501          996825  
0.10826 0.14874 0.12854     10.0               100.0                54.5     11.34            5698.27            2962.09                -1.4505                                  2788.25397      52.80392          961766  
0.10826 0.14874 0.12922     100.0               1000.0                467.0     11.34            5698.27            3817.73                -1.8686                                  835.13847      28.89876          596775  
0.10826 0.14874 0.13487     1000.0               10000.0                1145.9     11.34            5698.27            5123.48                -2.2452                                  0.02797      0.16724          6096  
0.10826 0.14874 0.12850     10000.0               100000.0                55000.0     11.34            5698.27            2854.81                nan                                  0.00000      0.00000          0  
0.14874 0.20434 0.17654     4.0               10.0                7.0     11.34            5698.27            2860.78                -1.4937                                  683.33983      26.14077          998238  
0.14874 0.20434 0.17658     10.0               100.0                54.6     11.34            5698.27            2931.93                -1.5272                                  3504.51872      59.19898          972296  
0.14874 0.20434 0.17717     100.0               1000.0                498.8     11.34            5698.27            3603.69                -1.8850                                  1472.33590      38.37103          708275  
0.14874 0.20434 0.18116     1000.0               10000.0                1313.4     11.34            5698.27            4783.99                -2.3131                                  1.00789      1.00394          23619  
0.14874 0.20434 0.17654     10000.0               100000.0                55000.0     11.34            5698.27            2854.81                nan                                  0.00000      0.00000          0  
0.20434 0.28072 0.24257     4.0               10.0                7.0     11.34            5698.27            2857.50                -1.6281                                  746.33908      27.31921          999196  
0.20434 0.28072 0.24257     10.0               100.0                54.7     11.34            5698.27            2907.76                -1.6639                                  4316.17866      65.69763          980350  
0.20434 0.28072 0.24308     100.0               1000.0                516.6     11.34            5698.27            3421.89                -1.9760                                  2434.55021      49.34116          788296  
0.20434 0.28072 0.24702     1000.0               10000.0                1547.3     11.34            5698.27            4520.86                -2.4731                                  9.57202      3.09387          54769  
0.20434 0.28072 0.24253     10000.0               100000.0                55000.0     11.34            5698.27            2854.81                nan                                  0.00000      0.00000          0  
0.28072 0.38566 0.33320     4.0               10.0                7.0     11.34            5698.27            2856.81                -1.9311                                  558.03667      23.62280          999788  
0.28072 0.38566 0.33323     10.0               100.0                54.8     11.34            5698.27            2894.80                -2.0059                                  3209.81227      56.65521          986431  
0.28072 0.38566 0.33371     100.0               1000.0                526.8     11.34            5698.27            3270.51                -2.3208                                  2103.42293      45.86309          845743  
0.28072 0.38566 0.33805     1000.0               10000.0                1873.3     11.34            5698.27            4331.05                -3.0094                                  19.27288      4.39009          102776  
0.28072 0.38566 0.33319     10000.0               100000.0                55000.0     11.34            5698.27            2854.81                nan                                  0.00000      0.00000          0  
0.38566 0.52983 0.45769     4.0               10.0                7.0     11.34            5698.27            2853.66                -2.1528                                  467.59264      21.62389          999982  
0.38566 0.52983 0.45782     10.0               100.0                54.8     11.34            5698.27            2884.45                -2.2633                                  2707.47057      52.03336          990575  
0.38566 0.52983 0.45821     100.0               1000.0                534.4     11.34            5698.27            3162.30                -2.5836                                  1967.69710      44.35873          889015  
0.38566 0.52983 0.46346     1000.0               10000.0                2317.2     11.34            5698.27            4182.21                -3.4301                                  35.77035      5.98083          172417  
0.38566 0.52983 0.45775     10000.0               100000.0                55000.0     11.34            5698.27            2854.81                nan                                  0.00000      0.00000          0  
0.52983 0.72790 0.62883     4.0               10.0                7.0     11.34            5698.27            2854.57                -2.3157                                  469.34683      21.66441          1000000  
0.52983 0.72790 0.62885     10.0               100.0                54.9     11.34            5698.27            2870.15                -2.4231                                  3040.68903      55.14244          993750  
0.52983 0.72790 0.62940     100.0               1000.0                538.4     11.34            5698.27            3082.06                -2.7007                                  2873.16493      53.60191          918857  
0.52983 0.72790 0.63590     1000.0               10000.0                2934.1     11.34            5698.27            4082.91                -3.5613                                  111.55850      10.56213          272159  
0.52983 0.72790 0.62886     10000.0               100000.0                55000.0     11.34            5698.27            2854.81                nan                                  0.00000      0.00000          0  
0.72790 1.00000 0.86397     4.0               10.0                7.0     11.34            5698.27            2858.03                -2.7450                                  248.58386      15.76654          1000000  
0.72790 1.00000 0.86399     10.0               100.0                54.9     11.34            5698.27            2867.22                -2.8552                                  1750.71074      41.84150          995943  
0.72790 1.00000 0.86447     100.0               1000.0                542.5     11.34            5698.27            3019.20                -3.1043                                  2068.62577      45.48215          941989  
0.72790 1.00000 0.87289     1000.0               10000.0                3773.4     11.34            5698.27            4002.75                -4.0145                                  138.54450      11.77049          409114  
0.72790 1.00000 0.98656     10000.0               100000.0                10206.7     11.34            5698.27            5589.97                -6.3239                                  0.00000      0.00009          14  
