Experiment = FASERv | Neutrino = 14 | Exp. Target density (nucleons / cm3) = 10^(25.1) | Exp. Target Length = 100 cm | Total Events = 1741.1
x_lower x_upper x_avg     Q2_lower[GeV^2] Q2_upper[GeV^2] Q2_avg[GeV^2] E_nu_lower[GeV] E_nu_upper[GeV] E_nu_avg[GeV] log10(d^sigma/dxdQ2(x_avg,Q2_avg,Enu_avg) / (pb / GeV^-2)) N_events N_events_errs = Sqrt[N_events] N_sys_errs MC_Samples
0.00010 0.00014 nan     4.0               10.0                nan     11.34            5698.00            nan                nan                                  0.00000      0.00000  0.00000         10  
0.00010 0.00014 nan     10.0               100.0                nan     11.34            5698.00            nan                nan                                  0.00000      0.00000  0.00000         10  
0.00010 0.00014 nan     100.0               1000.0                nan     11.34            5698.00            nan                nan                                  0.00000      0.00000  0.00000         10  
0.00010 0.00014 nan     1000.0               10000.0                nan     11.34            5698.00            nan                nan                                  0.00000      0.00000  0.00000         10  
0.00010 0.00014 nan     10000.0               100000.0                nan     11.34            5698.00            nan                nan                                  0.00000      0.00000  0.00000         10  
0.00014 0.00019 nan     4.0               10.0                nan     11.34            5698.00            nan                nan                                  0.00000      0.00000  0.00000         10  
0.00014 0.00019 nan     10.0               100.0                nan     11.34            5698.00            nan                nan                                  0.00000      0.00000  0.00000         10  
0.00014 0.00019 nan     100.0               1000.0                nan     11.34            5698.00            nan                nan                                  0.00000      0.00000  0.00000         10  
0.00014 0.00019 nan     1000.0               10000.0                nan     11.34            5698.00            nan                nan                                  0.00000      0.00000  0.00000         10  
0.00014 0.00019 nan     10000.0               100000.0                nan     11.34            5698.00            nan                nan                                  0.00000      0.00000  0.00000         10  
0.00019 0.00026 nan     4.0               10.0                nan     11.34            5698.00            nan                nan                                  0.00000      0.00000  0.00000         10  
0.00019 0.00026 nan     10.0               100.0                nan     11.34            5698.00            nan                nan                                  0.00000      0.00000  0.00000         10  
0.00019 0.00026 nan     100.0               1000.0                nan     11.34            5698.00            nan                nan                                  0.00000      0.00000  0.00000         10  
0.00019 0.00026 nan     1000.0               10000.0                nan     11.34            5698.00            nan                nan                                  0.00000      0.00000  0.00000         10  
0.00019 0.00026 nan     10000.0               100000.0                nan     11.34            5698.00            nan                nan                                  0.00000      0.00000  0.00000         10  
0.00026 0.00036 nan     4.0               10.0                nan     11.34            5698.00            nan                nan                                  0.00000      0.00000  0.00000         10  
0.00026 0.00036 nan     10.0               100.0                nan     11.34            5698.00            nan                nan                                  0.00000      0.00000  0.00000         10  
0.00026 0.00036 nan     100.0               1000.0                nan     11.34            5698.00            nan                nan                                  0.00000      0.00000  0.00000         10  
0.00026 0.00036 nan     1000.0               10000.0                nan     11.34            5698.00            nan                nan                                  0.00000      0.00000  0.00000         10  
0.00026 0.00036 nan     10000.0               100000.0                nan     11.34            5698.00            nan                nan                                  0.00000      0.00000  0.00000         10  
0.00036 0.00049 0.00046     4.0               10.0                4.3     11.34            5698.00            5306.07                1.2420                                  0.00009      0.00948  0.00001         2138  
0.00036 0.00049 nan     10.0               100.0                nan     11.34            5698.00            nan                nan                                  0.00000      0.00000  0.00000         10  
0.00036 0.00049 nan     100.0               1000.0                nan     11.34            5698.00            nan                nan                                  0.00000      0.00000  0.00000         10  
0.00036 0.00049 nan     1000.0               10000.0                nan     11.34            5698.00            nan                nan                                  0.00000      0.00000  0.00000         10  
0.00036 0.00049 nan     10000.0               100000.0                nan     11.34            5698.00            nan                nan                                  0.00000      0.00000  0.00000         10  
0.00049 0.00067 0.00060     4.0               10.0                4.7     11.34            5698.00            4924.21                1.1522                                  0.00356      0.05966  0.00043         19845  
0.00049 0.00067 nan     10.0               100.0                nan     11.34            5698.00            nan                nan                                  0.00000      0.00000  0.00000         10  
0.00049 0.00067 nan     100.0               1000.0                nan     11.34            5698.00            nan                nan                                  0.00000      0.00000  0.00000         10  
0.00049 0.00067 nan     1000.0               10000.0                nan     11.34            5698.00            nan                nan                                  0.00000      0.00000  0.00000         10  
0.00049 0.00067 nan     10000.0               100000.0                nan     11.34            5698.00            nan                nan                                  0.00000      0.00000  0.00000         10  
0.00067 0.00092 0.00081     4.0               10.0                5.3     11.34            5698.00            4579.26                0.9155                                  0.02626      0.16204  0.00276         68289  
0.00067 0.00092 nan     10.0               100.0                nan     11.34            5698.00            nan                nan                                  0.00000      0.00000  0.00000         10  
0.00067 0.00092 nan     100.0               1000.0                nan     11.34            5698.00            nan                nan                                  0.00000      0.00000  0.00000         10  
0.00067 0.00092 nan     1000.0               10000.0                nan     11.34            5698.00            nan                nan                                  0.00000      0.00000  0.00000         10  
0.00067 0.00092 nan     10000.0               100000.0                nan     11.34            5698.00            nan                nan                                  0.00000      0.00000  0.00000         10  
0.00092 0.00127 0.00110     4.0               10.0                5.8     11.34            5698.00            4193.83                0.8788                                  0.13981      0.37391  0.01656         154116  
0.00092 0.00127 0.00117     10.0               100.0                10.9     11.34            5698.00            5277.35                0.8551                                  0.00041      0.02017  0.00004         4765  
0.00092 0.00127 nan     100.0               1000.0                nan     11.34            5698.00            nan                nan                                  0.00000      0.00000  0.00000         10  
0.00092 0.00127 nan     1000.0               10000.0                nan     11.34            5698.00            nan                nan                                  0.00000      0.00000  0.00000         10  
0.00092 0.00127 nan     10000.0               100000.0                nan     11.34            5698.00            nan                nan                                  0.00000      0.00000  0.00000         10  
0.00127 0.00174 0.00151     4.0               10.0                6.3     11.34            5698.00            3693.90                0.7861                                  0.46440      0.68147  0.06222         245769  
0.00127 0.00174 0.00155     10.0               100.0                12.0     11.34            5698.00            4889.55                0.7717                                  0.01314      0.11462  0.00148         36259  
0.00127 0.00174 nan     100.0               1000.0                nan     11.34            5698.00            nan                nan                                  0.00000      0.00000  0.00000         10  
0.00127 0.00174 nan     1000.0               10000.0                nan     11.34            5698.00            nan                nan                                  0.00000      0.00000  0.00000         10  
0.00127 0.00174 nan     10000.0               100000.0                nan     11.34            5698.00            nan                nan                                  0.00000      0.00000  0.00000         10  
0.00174 0.00240 0.00206     4.0               10.0                6.6     11.34            5698.00            3079.90                0.5451                                  0.93579      0.96736  0.13561         315525  
0.00174 0.00240 0.00211     10.0               100.0                13.3     11.34            5698.00            4551.36                0.5367                                  0.08423      0.29022  0.00803         118985  
0.00174 0.00240 nan     100.0               1000.0                nan     11.34            5698.00            nan                nan                                  0.00000      0.00000  0.00000         10  
0.00174 0.00240 nan     1000.0               10000.0                nan     11.34            5698.00            nan                nan                                  0.00000      0.00000  0.00000         10  
0.00174 0.00240 nan     10000.0               100000.0                nan     11.34            5698.00            nan                nan                                  0.00000      0.00000  0.00000         10  
0.00240 0.00329 0.00283     4.0               10.0                6.7     11.34            5698.00            2418.11                0.4359                                  2.00737      1.41682  0.33270         356645  
0.00240 0.00329 0.00287     10.0               100.0                15.2     11.34            5698.00            4200.73                0.4811                                  0.42928      0.65519  0.05096         265914  
0.00240 0.00329 nan     100.0               1000.0                nan     11.34            5698.00            nan                nan                                  0.00000      0.00000  0.00000         10  
0.00240 0.00329 nan     1000.0               10000.0                nan     11.34            5698.00            nan                nan                                  0.00000      0.00000  0.00000         10  
0.00240 0.00329 nan     10000.0               100000.0                nan     11.34            5698.00            nan                nan                                  0.00000      0.00000  0.00000         10  
0.00329 0.00452 0.00388     4.0               10.0                6.7     11.34            5698.00            1862.10                0.3378                                  3.45339      1.85833  0.51868         385581  
0.00329 0.00452 0.00392     10.0               100.0                17.9     11.34            5698.00            3821.12                0.4102                                  1.70907      1.30731  0.26618         462769  
0.00329 0.00452 nan     100.0               1000.0                nan     11.34            5698.00            nan                nan                                  0.00000      0.00000  0.00000         10  
0.00329 0.00452 nan     1000.0               10000.0                nan     11.34            5698.00            nan                nan                                  0.00000      0.00000  0.00000         10  
0.00329 0.00452 nan     10000.0               100000.0                nan     11.34            5698.00            nan                nan                                  0.00000      0.00000  0.00000         10  
0.00452 0.00621 0.00532     4.0               10.0                6.7     11.34            5698.00            1473.33                0.1382                                  3.90804      1.97688  0.45424         402086  
0.00452 0.00621 0.00537     10.0               100.0                21.6     11.34            5698.00            3472.04                0.2256                                  4.23085      2.05690  0.79257         703070  
0.00452 0.00621 nan     100.0               1000.0                nan     11.34            5698.00            nan                nan                                  0.00000      0.00000  0.00000         10  
0.00452 0.00621 nan     1000.0               10000.0                nan     11.34            5698.00            nan                nan                                  0.00000      0.00000  0.00000         10  
0.00452 0.00621 nan     10000.0               100000.0                nan     11.34            5698.00            nan                nan                                  0.00000      0.00000  0.00000         10  
0.00621 0.00853 0.00728     4.0               10.0                6.8     11.34            5698.00            1203.58                -0.0354                                  4.36166      2.08846  0.34396         382503  
0.00621 0.00853 0.00737     10.0               100.0                26.6     11.34            5698.00            3187.16                0.0449                                  10.05619      3.17115  2.11413         991679  
0.00621 0.00853 nan     100.0               1000.0                nan     11.34            5698.00            nan                nan                                  0.00000      0.00000  0.00000         10  
0.00621 0.00853 nan     1000.0               10000.0                nan     11.34            5698.00            nan                nan                                  0.00000      0.00000  0.00000         10  
0.00621 0.00853 nan     10000.0               100000.0                nan     11.34            5698.00            nan                nan                                  0.00000      0.00000  0.00000         10  
0.00853 0.01172 0.00995     4.0               10.0                7.1     11.34            5698.00            1017.04                -0.1084                                  5.41255      2.32649  0.13550         298519  
0.00853 0.01172 0.01010     10.0               100.0                33.2     11.34            5698.00            2965.17                -0.0400                                  24.38473      4.93809  5.43630         1310182  
0.00853 0.01172 0.01109     100.0               1000.0                105.9     11.34            5698.00            5405.02                -0.0903                                  0.00116      0.03402  0.00009         4773  
0.00853 0.01172 nan     1000.0               10000.0                nan     11.34            5698.00            nan                nan                                  0.00000      0.00000  0.00000         10  
0.00853 0.01172 nan     10000.0               100000.0                nan     11.34            5698.00            nan                nan                                  0.00000      0.00000  0.00000         10  
0.01172 0.01610 0.01358     4.0               10.0                7.3     11.34            5698.00            870.82                -0.2582                                  5.74515      2.39691  0.11379         180627  
0.01172 0.01610 0.01384     10.0               100.0                40.0     11.34            5698.00            2756.14                -0.2073                                  38.21744      6.18203  8.51858         1567498  
0.01172 0.01610 0.01442     100.0               1000.0                115.8     11.34            5698.00            5033.09                -0.2562                                  0.04922      0.22185  0.00309         66778  
0.01172 0.01610 nan     1000.0               10000.0                nan     11.34            5698.00            nan                nan                                  0.00000      0.00000  0.00000         10  
0.01172 0.01610 nan     10000.0               100000.0                nan     11.34            5698.00            nan                nan                                  0.00000      0.00000  0.00000         10  
0.01610 0.02212 0.01857     4.0               10.0                7.4     11.34            5698.00            728.15                -0.4871                                  5.22441      2.28570  0.30812         88507  
0.01610 0.02212 0.01894     10.0               100.0                46.6     11.34            5698.00            2527.70                -0.4393                                  43.65077      6.60687  8.78881         1650232  
0.01610 0.02212 0.01950     100.0               1000.0                127.9     11.34            5698.00            4702.62                -0.4578                                  0.42418      0.65129  0.02137         262233  
0.01610 0.02212 nan     1000.0               10000.0                nan     11.34            5698.00            nan                nan                                  0.00000      0.00000  0.00000         10  
0.01610 0.02212 nan     10000.0               100000.0                nan     11.34            5698.00            nan                nan                                  0.00000      0.00000  0.00000         10  
0.02212 0.03039 0.02540     4.0               10.0                7.7     11.34            5698.00            621.66                -0.5524                                  5.39706      2.32316  0.51679         37565  
0.02212 0.03039 0.02592     10.0               100.0                52.4     11.34            5698.00            2231.59                -0.5082                                  60.33210      7.76737  9.97270         1489268  
0.02212 0.03039 0.02653     100.0               1000.0                144.3     11.34            5698.00            4380.91                -0.5268                                  2.39200      1.54661  0.14439         640827  
0.02212 0.03039 nan     1000.0               10000.0                nan     11.34            5698.00            nan                nan                                  0.00000      0.00000  0.00000         10  
0.02212 0.03039 nan     10000.0               100000.0                nan     11.34            5698.00            nan                nan                                  0.00000      0.00000  0.00000         10  
0.03039 0.04175 0.03457     4.0               10.0                8.4     11.34            5698.00            556.58                -0.6729                                  3.32971      1.82475  0.54818         13175  
0.03039 0.04175 0.03548     10.0               100.0                57.8     11.34            5698.00            1927.25                -0.6473                                  65.22928      8.07646  7.01114         1167205  
0.03039 0.04175 0.03621     100.0               1000.0                169.0     11.34            5698.00            4030.38                -0.6762                                  8.39136      2.89678  0.81413         1147998  
0.03039 0.04175 nan     1000.0               10000.0                nan     11.34            5698.00            nan                nan                                  0.00000      0.00000  0.00000         10  
0.03039 0.04175 nan     10000.0               100000.0                nan     11.34            5698.00            nan                nan                                  0.00000      0.00000  0.00000         10  
0.04175 0.05736 0.04522     4.0               10.0                9.3     11.34            5698.00            517.47                -0.9006                                  0.56407      0.75105  0.12769         2245  
0.04175 0.05736 0.04850     10.0               100.0                62.8     11.34            5698.00            1654.79                -0.9300                                  52.87839      7.27175  2.04407         779085  
0.04175 0.05736 0.04955     100.0               1000.0                205.5     11.34            5698.00            3737.35                -0.9625                                  18.03427      4.24668  2.22983         1691525  
0.04175 0.05736 nan     1000.0               10000.0                nan     11.34            5698.00            nan                nan                                  0.00000      0.00000  0.00000         10  
0.04175 0.05736 nan     10000.0               100000.0                nan     11.34            5698.00            nan                nan                                  0.00000      0.00000  0.00000         10  
0.05736 0.07880 nan     4.0               10.0                nan     11.34            5698.00            nan                nan                                  0.00000      0.00000  0.00000         10  
0.05736 0.07880 0.06629     10.0               100.0                66.0     11.34            5698.00            1381.97                -0.9949                                  62.24549      7.88958  2.02609         427079  
0.05736 0.07880 0.06785     100.0               1000.0                259.9     11.34            5698.00            3565.99                -1.0406                                  43.50697      6.59598  5.63616         2163782  
0.05736 0.07880 nan     1000.0               10000.0                nan     11.34            5698.00            nan                nan                                  0.00000      0.00000  0.00000         10  
0.05736 0.07880 nan     10000.0               100000.0                nan     11.34            5698.00            nan                nan                                  0.00000      0.00000  0.00000         10  
0.07880 0.10826 nan     4.0               10.0                nan     11.34            5698.00            nan                nan                                  0.00000      0.00000  0.00000         10  
0.07880 0.10826 0.09092     10.0               100.0                67.5     11.34            5698.00            1114.61                -1.1173                                  70.19439      8.37821  2.81598         209496  
0.07880 0.10826 0.09296     100.0               1000.0                343.7     11.34            5698.00            3524.20                -1.1819                                  78.51451      8.86084  8.92392         2460235  
0.07880 0.10826 0.10504     1000.0               10000.0                1031.0     11.34            5698.00            5539.96                -1.3740                                  0.00052      0.02271  0.00012         986  
0.07880 0.10826 nan     10000.0               100000.0                nan     11.34            5698.00            nan                nan                                  0.00000      0.00000  0.00000         10  
0.10826 0.14874 nan     4.0               10.0                nan     11.34            5698.00            nan                nan                                  0.00000      0.00000  0.00000         10  
0.10826 0.14874 0.12477     10.0               100.0                69.4     11.34            5698.00            906.21                -1.3945                                  56.23749      7.49917  3.26090         104150  
0.10826 0.14874 0.12734     100.0               1000.0                452.9     11.34            5698.00            3530.46                -1.5038                                  86.31165      9.29041  5.83083         2533005  
0.10826 0.14874 0.13571     1000.0               10000.0                1102.3     11.34            5698.00            5265.49                -1.6272                                  0.06268      0.25036  0.00651         62068  
0.10826 0.14874 nan     10000.0               100000.0                nan     11.34            5698.00            nan                nan                                  0.00000      0.00000  0.00000         10  
0.14874 0.20434 nan     4.0               10.0                nan     11.34            5698.00            nan                nan                                  0.00000      0.00000  0.00000         10  
0.14874 0.20434 0.17122     10.0               100.0                71.8     11.34            5698.00            758.25                -1.5163                                  49.02605      7.00186  4.65477         53533  
0.14874 0.20434 0.17403     100.0               1000.0                559.6     11.34            5698.00            3448.77                -1.6141                                  110.98358      10.53487  0.81152         2254882  
0.14874 0.20434 0.18128     1000.0               10000.0                1195.5     11.34            5698.00            5013.50                -1.7118                                  0.71453      0.84530  0.15725         350015  
0.14874 0.20434 nan     10000.0               100000.0                nan     11.34            5698.00            nan                nan                                  0.00000      0.00000  0.00000         10  
0.20434 0.28072 nan     4.0               10.0                nan     11.34            5698.00            nan                nan                                  0.00000      0.00000  0.00000         10  
0.20434 0.28072 0.23437     10.0               100.0                75.9     11.34            5698.00            654.23                -1.6477                                  38.76725      6.22634  6.00563         27641  
0.20434 0.28072 0.23721     100.0               1000.0                632.7     11.34            5698.00            3135.74                -1.7588                                  152.01187      12.32931  5.24536         1580665  
0.20434 0.28072 0.24501     1000.0               10000.0                1328.7     11.34            5698.00            4769.63                -1.8691                                  3.54259      1.88218  0.85498         929603  
0.20434 0.28072 nan     10000.0               100000.0                nan     11.34            5698.00            nan                nan                                  0.00000      0.00000  0.00000         10  
0.28072 0.38566 nan     4.0               10.0                nan     11.34            5698.00            nan                nan                                  0.00000      0.00000  0.00000         10  
0.28072 0.38566 0.31927     10.0               100.0                81.9     11.34            5698.00            581.62                -1.9402                                  16.54947      4.06810  4.31686         13174  
0.28072 0.38566 0.32415     100.0               1000.0                659.2     11.34            5698.00            2556.27                -2.0884                                  147.16101      12.13099  2.96008         880231  
0.28072 0.38566 0.33242     1000.0               10000.0                1557.9     11.34            5698.00            4504.39                -2.2552                                  8.03616      2.83481  1.41432         1457335  
0.28072 0.38566 nan     10000.0               100000.0                nan     11.34            5698.00            nan                nan                                  0.00000      0.00000  0.00000         10  
0.38566 0.52983 nan     4.0               10.0                nan     11.34            5698.00            nan                nan                                  0.00000      0.00000  0.00000         10  
0.38566 0.52983 0.42403     10.0               100.0                90.6     11.34            5698.00            541.43                -2.2605                                  2.93384      1.71284  1.63458         4039  
0.38566 0.52983 0.44490     100.0               1000.0                663.9     11.34            5698.00            1966.50                -2.4188                                  133.59514      11.55834  5.36779         476508  
0.38566 0.52983 0.45394     1000.0               10000.0                1936.8     11.34            5698.00            4265.00                -2.6078                                  17.16803      4.14343  1.58784         1651348  
0.38566 0.52983 nan     10000.0               100000.0                nan     11.34            5698.00            nan                nan                                  0.00000      0.00000  0.00000         10  
0.52983 0.72790 nan     4.0               10.0                nan     11.34            5698.00            nan                nan                                  0.00000      0.00000  0.00000         10  
0.52983 0.72790 nan     10.0               100.0                nan     11.34            5698.00            nan                nan                                  0.00000      0.00000  0.00000         10  
0.52983 0.72790 0.61040     100.0               1000.0                673.4     11.34            5698.00            1535.01                -2.5731                                  140.31430      11.84543  11.04462         281513  
0.52983 0.72790 0.62209     1000.0               10000.0                2502.2     11.34            5698.00            4091.47                -2.8217                                  37.79676      6.14791  1.83785         1657100  
0.52983 0.72790 nan     10000.0               100000.0                nan     11.34            5698.00            nan                nan                                  0.00000      0.00000  0.00000         10  
0.72790 1.00000 nan     4.0               10.0                nan     11.34            5698.00            nan                nan                                  0.00000      0.00000  0.00000         10  
0.72790 1.00000 nan     10.0               100.0                nan     11.34            5698.00            nan                nan                                  0.00000      0.00000  0.00000         10  
0.72790 1.00000 0.83772     100.0               1000.0                688.5     11.34            5698.00            1224.76                -2.9543                                  76.09334      8.72315  9.75778         180437  
0.72790 1.00000 0.85393     1000.0               10000.0                3304.7     11.34            5698.00            3982.39                -3.2705                                  37.87527      6.15429  0.72650         1620997  
0.72790 1.00000 nan     10000.0               100000.0                nan     11.34            5698.00            nan                nan                                  0.00000      0.00019  0.00000         93  
