# x y Q2 xsec_nu xsec_nub
1.000000e-04 0.000000e+00 1.000000e+00 7.414530e+01 7.439121e+01
1.000000e-04 0.000000e+00 4.641589e+00 1.669435e+02 1.675419e+02
1.000000e-04 0.000000e+00 2.154435e+01 3.106145e+02 3.112059e+02
1.000000e-04 0.000000e+00 1.000000e+02 4.700101e+02 4.705855e+02
1.000000e-04 0.000000e+00 4.641589e+02 5.853317e+02 5.858469e+02
1.000000e-04 0.000000e+00 2.154435e+03 4.887368e+02 4.890683e+02
1.000000e-04 0.000000e+00 1.000000e+04 1.648993e+02 1.649897e+02
1.000000e-04 0.000000e+00 4.641589e+04 2.236704e+01 2.237561e+01
1.000000e-04 0.000000e+00 2.154435e+05 1.484959e+00 1.485441e+00
1.000000e-04 0.000000e+00 1.000000e+06 8.255061e-02 8.257389e-02
1.000000e-04 1.111111e-01 1.000000e+00 6.683313e+01 6.692016e+01
1.000000e-04 1.111111e-01 4.641589e+00 1.512850e+02 1.515460e+02
1.000000e-04 1.111111e-01 2.154435e+01 2.804040e+02 2.806251e+02
1.000000e-04 1.111111e-01 1.000000e+02 4.238435e+02 4.240271e+02
1.000000e-04 1.111111e-01 4.641589e+02 5.266106e+02 5.267497e+02
1.000000e-04 1.111111e-01 2.154435e+03 4.391315e+02 4.392062e+02
1.000000e-04 1.111111e-01 1.000000e+04 1.480425e+02 1.480591e+02
1.000000e-04 1.111111e-01 4.641589e+04 2.043075e+01 2.043185e+01
1.000000e-04 1.111111e-01 2.154435e+05 1.357017e+00 1.357060e+00
1.000000e-04 1.111111e-01 1.000000e+06 7.546364e-02 7.546487e-02
1.000000e-04 2.222222e-01 1.000000e+00 5.997854e+01 5.992395e+01
1.000000e-04 2.222222e-01 4.641589e+00 1.371345e+02 1.370956e+02
1.000000e-04 2.222222e-01 2.154435e+01 2.530117e+02 2.529052e+02
1.000000e-04 2.222222e-01 1.000000e+02 3.819811e+02 3.818185e+02
1.000000e-04 2.222222e-01 4.641589e+02 4.735027e+02 4.733096e+02
1.000000e-04 2.222222e-01 2.154435e+03 3.943904e+02 3.942383e+02
1.000000e-04 2.222222e-01 1.000000e+04 1.328760e+02 1.328275e+02
1.000000e-04 2.222222e-01 4.641589e+04 1.867883e+01 1.867336e+01
1.000000e-04 2.222222e-01 2.154435e+05 1.241553e+00 1.241209e+00
1.000000e-04 2.222222e-01 1.000000e+06 6.908173e-02 6.906350e-02
1.000000e-04 3.333333e-01 1.000000e+00 5.358155e+01 5.340256e+01
1.000000e-04 3.333333e-01 4.641589e+00 1.244920e+02 1.241907e+02
1.000000e-04 3.333333e-01 2.154435e+01 2.284375e+02 2.280462e+02
1.000000e-04 3.333333e-01 1.000000e+02 3.444229e+02 3.439599e+02
1.000000e-04 3.333333e-01 4.641589e+02 4.260078e+02 4.255266e+02
1.000000e-04 3.333333e-01 2.154435e+03 3.545136e+02 3.541648e+02
1.000000e-04 3.333333e-01 1.000000e+04 1.193998e+02 1.192948e+02
1.000000e-04 3.333333e-01 4.641589e+04 1.711130e+01 1.710012e+01
1.000000e-04 3.333333e-01 2.154435e+05 1.138566e+00 1.137886e+00
1.000000e-04 3.333333e-01 1.000000e+06 6.340487e-02 6.336977e-02
1.000000e-04 4.444444e-01 1.000000e+00 4.764215e+01 4.735601e+01
1.000000e-04 4.444444e-01 4.641589e+00 1.133575e+02 1.128312e+02
1.000000e-04 4.444444e-01 2.154435e+01 2.066816e+02 2.060482e+02
1.000000e-04 4.444444e-01 1.000000e+02 3.111689e+02 3.104513e+02
1.000000e-04 4.444444e-01 4.641589e+02 3.841261e+02 3.834008e+02
1.000000e-04 4.444444e-01 2.154435e+03 3.195010e+02 3.189856e+02
1.000000e-04 4.444444e-01 1.000000e+04 1.076138e+02 1.074610e+02
1.000000e-04 4.444444e-01 4.641589e+04 1.572815e+01 1.571214e+01
1.000000e-04 4.444444e-01 2.154435e+05 1.048058e+00 1.047094e+00
1.000000e-04 4.444444e-01 1.000000e+06 5.843306e-02 5.838369e-02
1.000000e-04 5.555556e-01 1.000000e+00 4.216034e+01 4.178428e+01
1.000000e-04 5.555556e-01 4.641589e+00 1.037309e+02 1.030173e+02
1.000000e-04 5.555556e-01 2.154435e+01 1.877438e+02 1.869111e+02
1.000000e-04 5.555556e-01 1.000000e+02 2.822190e+02 2.812925e+02
1.000000e-04 5.555556e-01 4.641589e+02 3.478575e+02 3.469320e+02
1.000000e-04 5.555556e-01 2.154435e+03 2.893527e+02 2.887007e+02
1.000000e-04 5.555556e-01 1.000000e+04 9.751815e+01 9.732611e+01
1.000000e-04 5.555556e-01 4.641589e+04 1.452939e+01 1.450941e+01
1.000000e-04 5.555556e-01 2.154435e+05 9.700280e-01 9.688308e-01
1.000000e-04 5.555556e-01 1.000000e+06 5.416632e-02 5.410525e-02
1.000000e-04 6.666667e-01 1.000000e+00 3.713612e+01 3.668739e+01
1.000000e-04 6.666667e-01 4.641589e+00 9.561234e+01 9.474882e+01
1.000000e-04 6.666667e-01 2.154435e+01 1.716242e+02 1.706349e+02
1.000000e-04 6.666667e-01 1.000000e+02 2.575734e+02 2.564838e+02
1.000000e-04 6.666667e-01 4.641589e+02 3.172021e+02 3.161204e+02
1.000000e-04 6.666667e-01 2.154435e+03 2.640687e+02 2.633102e+02
1.000000e-04 6.666667e-01 1.000000e+04 8.911273e+01 8.889015e+01
1.000000e-04 6.666667e-01 4.641589e+04 1.351500e+01 1.349195e+01
1.000000e-04 6.666667e-01 2.154435e+05 9.044759e-01 9.030972e-01
1.000000e-04 6.666667e-01 1.000000e+06 5.060462e-02 5.053445e-02
1.000000e-04 7.777778e-01 1.000000e+00 3.256950e+01 3.206532e+01
1.000000e-04 7.777778e-01 4.641589e+00 8.900171e+01 8.802586e+01
1.000000e-04 7.777778e-01 2.154435e+01 1.583228e+02 1.572196e+02
1.000000e-04 7.777778e-01 1.000000e+02 2.372319e+02 2.360249e+02
1.000000e-04 7.777778e-01 4.641589e+02 2.921597e+02 2.909658e+02
1.000000e-04 7.777778e-01 2.154435e+03 2.436489e+02 2.428140e+02
1.000000e-04 7.777778e-01 1.000000e+04 8.239758e+01 8.215310e+01
1.000000e-04 7.777778e-01 4.641589e+04 1.268500e+01 1.265974e+01
1.000000e-04 7.777778e-01 2.154435e+05 8.514017e-01 8.498932e-01
1.000000e-04 7.777778e-01 1.000000e+06 4.774799e-02 4.767129e-02
1.000000e-04 8.888889e-01 1.000000e+00 2.846047e+01 2.791809e+01
1.000000e-04 8.888889e-01 4.641589e+00 8.389905e+01 8.284838e+01
1.000000e-04 8.888889e-01 2.154435e+01 1.478396e+02 1.466653e+02
1.000000e-04 8.888889e-01 1.000000e+02 2.211947e+02 2.199160e+02
1.000000e-04 8.888889e-01 4.641589e+02 2.727305e+02 2.714684e+02
1.000000e-04 8.888889e-01 2.154435e+03 2.280933e+02 2.272121e+02
1.000000e-04 8.888889e-01 1.000000e+04 7.737269e+01 7.711497e+01
1.000000e-04 8.888889e-01 4.641589e+04 1.203939e+01 1.201279e+01
1.000000e-04 8.888889e-01 2.154435e+05 8.108056e-01 8.092186e-01
1.000000e-04 8.888889e-01 1.000000e+06 4.559640e-02 4.551578e-02
1.000000e-04 1.000000e+00 1.000000e+00 2.480903e+01 2.424568e+01
1.000000e-04 1.000000e+00 4.641589e+00 8.030436e+01 7.921639e+01
1.000000e-04 1.000000e+00 2.154435e+01 1.401746e+02 1.389719e+02
1.000000e-04 1.000000e+00 1.000000e+02 2.094616e+02 2.081571e+02
1.000000e-04 1.000000e+00 4.641589e+02 2.589143e+02 2.576281e+02
1.000000e-04 1.000000e+00 2.154435e+03 2.174020e+02 2.165046e+02
1.000000e-04 1.000000e+00 1.000000e+04 7.403808e+01 7.377575e+01
1.000000e-04 1.000000e+00 4.641589e+04 1.157815e+01 1.155109e+01
1.000000e-04 1.000000e+00 2.154435e+05 7.826874e-01 7.810735e-01
1.000000e-04 1.000000e+00 1.000000e+06 4.414988e-02 4.406791e-02
2.782559e-04 0.000000e+00 1.000000e+00 2.401762e+01 2.398168e+01
2.782559e-04 0.000000e+00 4.641589e+00 5.139132e+01 5.161209e+01
2.782559e-04 0.000000e+00 2.154435e+01 9.030274e+01 9.052096e+01
2.782559e-04 0.000000e+00 1.000000e+02 1.305695e+02 1.307783e+02
2.782559e-04 0.000000e+00 4.641589e+02 1.565531e+02 1.567359e+02
2.782559e-04 0.000000e+00 2.154435e+03 1.266574e+02 1.267727e+02
2.782559e-04 0.000000e+00 1.000000e+04 4.160381e+01 4.163465e+01
2.782559e-04 0.000000e+00 4.641589e+04 5.465283e+00 5.468155e+00
2.782559e-04 0.000000e+00 2.154435e+05 3.556360e-01 3.557952e-01
2.782559e-04 0.000000e+00 1.000000e+06 1.942255e-02 1.943011e-02
2.782559e-04 1.111111e-01 1.000000e+00 2.165128e+01 2.154937e+01
2.782559e-04 1.111111e-01 4.641589e+00 4.661042e+01 4.666278e+01
2.782559e-04 1.111111e-01 2.154435e+01 8.164836e+01 8.167972e+01
2.782559e-04 1.111111e-01 1.000000e+02 1.179287e+02 1.179388e+02
2.782559e-04 1.111111e-01 4.641589e+02 1.410522e+02 1.410440e+02
2.782559e-04 1.111111e-01 2.154435e+03 1.139545e+02 1.139391e+02
2.782559e-04 1.111111e-01 1.000000e+04 3.739714e+01 3.739038e+01
2.782559e-04 1.111111e-01 4.641589e+04 4.993412e+00 4.992480e+00
2.782559e-04 1.111111e-01 2.154435e+05 3.250592e-01 3.249942e-01
2.782559e-04 1.111111e-01 1.000000e+06 1.775797e-02 1.775426e-02
2.782559e-04 2.222222e-01 1.000000e+00 1.943075e+01 1.927166e+01
2.782559e-04 2.222222e-01 4.641589e+00 4.227405e+01 4.217702e+01
2.782559e-04 2.222222e-01 2.154435e+01 7.378559e+01 7.365180e+01
2.782559e-04 2.222222e-01 1.000000e+02 1.064605e+02 1.062953e+02
2.782559e-04 2.222222e-01 4.641589e+02 1.270372e+02 1.268604e+02
2.782559e-04 2.222222e-01 2.154435e+03 1.025051e+02 1.023743e+02
2.782559e-04 2.222222e-01 1.000000e+04 3.361553e+01 3.357560e+01
2.782559e-04 2.222222e-01 4.641589e+04 4.567075e+00 4.562785e+00
2.782559e-04 2.222222e-01 2.154435e+05 2.975040e-01 2.972411e-01
2.782559e-04 2.222222e-01 1.000000e+06 1.626111e-02 1.624745e-02
2.782559e-04 3.333333e-01 1.000000e+00 1.735604e+01 1.714854e+01
2.782559e-04 3.333333e-01 4.641589e+00 3.838220e+01 3.815482e+01
2.782559e-04 3.333333e-01 2.154435e+01 6.671446e+01 6.643719e+01
2.782559e-04 3.333333e-01 1.000000e+02 9.616497e+01 9.584765e+01
2.782559e-04 3.333333e-01 4.641589e+02 1.145081e+02 1.141851e+02
2.782559e-04 3.333333e-01 2.154435e+03 9.230910e+01 9.207838e+01
2.782559e-04 3.333333e-01 1.000000e+04 3.025900e+01 3.019031e+01
2.782559e-04 3.333333e-01 4.641589e+04 4.186270e+00 4.179070e+00
2.782559e-04 3.333333e-01 2.154435e+05 2.729702e-01 2.725357e-01
2.782559e-04 3.333333e-01 1.000000e+06 1.493196e-02 1.490967e-02
2.782559e-04 4.444444e-01 1.000000e+00 1.542714e+01 1.518001e+01
2.782559e-04 4.444444e-01 4.641589e+00 3.493487e+01 3.459617e+01
2.782559e-04 4.444444e-01 2.154435e+01 6.043494e+01 6.003590e+01
2.782559e-04 4.444444e-01 1.000000e+02 8.704206e+01 8.659587e+01
2.782559e-04 4.444444e-01 4.641589e+02 1.034649e+02 1.030180e+02
2.782559e-04 4.444444e-01 2.154435e+03 8.336663e+01 8.305122e+01
2.782559e-04 4.444444e-01 1.000000e+04 2.732754e+01 2.723450e+01
2.782559e-04 4.444444e-01 4.641589e+04 3.851000e+00 3.841336e+00
2.782559e-04 4.444444e-01 2.154435e+05 2.514580e-01 2.508782e-01
2.782559e-04 4.444444e-01 1.000000e+06 1.377052e-02 1.374094e-02
2.782559e-04 5.555556e-01 1.000000e+00 1.364406e+01 1.336608e+01
2.782559e-04 5.555556e-01 4.641589e+00 3.193206e+01 3.150107e+01
2.782559e-04 5.555556e-01 2.154435e+01 5.494706e+01 5.444793e+01
2.782559e-04 5.555556e-01 1.000000e+02 7.909177e+01 7.853996e+01
2.782559e-04 5.555556e-01 4.641589e+02 9.390760e+01 9.335929e+01
2.782559e-04 5.555556e-01 2.154435e+03 7.567762e+01 7.529287e+01
2.782559e-04 5.555556e-01 1.000000e+04 2.482115e+01 2.470817e+01
2.782559e-04 5.555556e-01 4.641589e+04 3.561262e+00 3.549581e+00
2.782559e-04 5.555556e-01 2.154435e+05 2.329672e-01 2.322686e-01
2.782559e-04 5.555556e-01 1.000000e+06 1.277680e-02 1.274124e-02
2.782559e-04 6.666667e-01 1.000000e+00 1.200680e+01 1.170674e+01
2.782559e-04 6.666667e-01 4.641589e+00 2.937378e+01 2.886952e+01
2.782559e-04 6.666667e-01 2.154435e+01 5.025079e+01 4.967326e+01
2.782559e-04 6.666667e-01 1.000000e+02 7.231411e+01 7.167992e+01
2.782559e-04 6.666667e-01 4.641589e+02 8.583622e+01 8.520884e+01
2.782559e-04 6.666667e-01 2.154435e+03 6.924209e+01 6.880331e+01
2.782559e-04 6.666667e-01 1.000000e+04 2.273983e+01 2.261133e+01
2.782559e-04 6.666667e-01 4.641589e+04 3.317058e+00 3.303807e+00
2.782559e-04 6.666667e-01 2.154435e+05 2.174979e-01 2.167068e-01
2.782559e-04 6.666667e-01 1.000000e+06 1.195079e-02 1.191058e-02
2.782559e-04 7.777778e-01 1.000000e+00 1.051535e+01 1.020200e+01
2.782559e-04 7.777778e-01 4.641589e+00 2.726001e+01 2.670152e+01
2.782559e-04 7.777778e-01 2.154435e+01 4.634615e+01 4.571192e+01
2.782559e-04 7.777778e-01 1.000000e+02 6.670908e+01 6.601576e+01
2.782559e-04 7.777778e-01 4.641589e+02 7.925074e+01 7.856668e+01
2.782559e-04 7.777778e-01 2.154435e+03 6.406004e+01 6.358256e+01
2.782559e-04 7.777778e-01 1.000000e+04 2.108359e+01 2.094397e+01
2.782559e-04 7.777778e-01 4.641589e+04 3.118388e+00 3.104013e+00
2.782559e-04 7.777778e-01 2.154435e+05 2.050501e-01 2.041928e-01
2.782559e-04 7.777778e-01 1.000000e+06 1.129249e-02 1.124896e-02
2.782559e-04 8.888889e-01 1.000000e+00 9.169725e+00 8.851846e+00
2.782559e-04 8.888889e-01 4.641589e+00 2.559076e+01 2.499708e+01
2.782559e-04 8.888889e-01 2.154435e+01 4.323313e+01 4.256389e+01
2.782559e-04 8.888889e-01 1.000000e+02 6.227668e+01 6.154748e+01
2.782559e-04 8.888889e-01 4.641589e+02 7.415116e+01 7.343280e+01
2.782559e-04 8.888889e-01 2.154435e+03 6.013146e+01 5.963061e+01
2.782559e-04 8.888889e-01 1.000000e+04 1.985241e+01 1.970609e+01
2.782559e-04 8.888889e-01 4.641589e+04 2.965250e+00 2.950199e+00
2.782559e-04 8.888889e-01 2.154435e+05 1.956238e-01 1.947266e-01
2.782559e-04 8.888889e-01 1.000000e+06 1.080191e-02 1.075637e-02
2.782559e-04 1.000000e+00 1.000000e+00 7.969913e+00 7.656291e+00
2.782559e-04 1.000000e+00 4.641589e+00 2.436604e+01 2.375618e+01
2.782559e-04 1.000000e+00 2.154435e+01 4.091174e+01 4.022917e+01
2.782559e-04 1.000000e+00 1.000000e+02 5.901691e+01 5.827506e+01
2.782559e-04 1.000000e+00 4.641589e+02 7.053749e+01 6.980722e+01
2.782559e-04 1.000000e+00 2.154435e+03 5.745635e+01 5.694746e+01
2.782559e-04 1.000000e+00 1.000000e+04 1.904631e+01 1.889770e+01
2.782559e-04 1.000000e+00 4.641589e+04 2.857647e+00 2.842365e+00
2.782559e-04 1.000000e+00 2.154435e+05 1.892189e-01 1.883083e-01
2.782559e-04 1.000000e+00 1.000000e+06 1.047904e-02 1.043283e-02
7.742637e-04 0.000000e+00 1.000000e+00 7.378591e+00 7.307552e+00
7.742637e-04 0.000000e+00 4.641589e+00 1.565277e+01 1.571629e+01
7.742637e-04 0.000000e+00 2.154435e+01 2.594484e+01 2.600909e+01
7.742637e-04 0.000000e+00 1.000000e+02 3.570226e+01 3.576178e+01
7.742637e-04 0.000000e+00 4.641589e+02 4.109028e+01 4.113987e+01
7.742637e-04 0.000000e+00 2.154435e+03 3.213891e+01 3.216874e+01
7.742637e-04 0.000000e+00 1.000000e+04 1.025913e+01 1.026676e+01
7.742637e-04 0.000000e+00 4.641589e+04 1.300656e+00 1.301338e+00
7.742637e-04 0.000000e+00 2.154435e+05 8.283928e-02 8.287558e-02
7.742637e-04 0.000000e+00 1.000000e+06 4.439126e-03 4.440782e-03
7.742637e-04 1.111111e-01 1.000000e+00 6.654838e+00 6.554308e+00
7.742637e-04 1.111111e-01 4.641589e+00 1.421025e+01 1.418972e+01
7.742637e-04 1.111111e-01 2.154435e+01 2.350353e+01 2.347323e+01
7.742637e-04 1.111111e-01 1.000000e+02 3.231008e+01 3.226846e+01
7.742637e-04 1.111111e-01 4.641589e+02 3.709301e+01 3.704499e+01
7.742637e-04 1.111111e-01 2.154435e+03 2.896850e+01 2.893135e+01
7.742637e-04 1.111111e-01 1.000000e+04 9.237822e+00 9.226132e+00
7.742637e-04 1.111111e-01 4.641589e+04 1.188953e+00 1.187675e+00
7.742637e-04 1.111111e-01 2.154435e+05 7.574945e-02 7.566999e-02
7.742637e-04 1.111111e-01 1.000000e+06 4.060206e-03 4.056033e-03
7.742637e-04 2.222222e-01 1.000000e+00 5.975810e+00 5.850287e+00
7.742637e-04 2.222222e-01 4.641589e+00 1.289549e+01 1.280058e+01
7.742637e-04 2.222222e-01 2.154435e+01 2.128087e+01 2.116708e+01
7.742637e-04 2.222222e-01 1.000000e+02 2.923154e+01 2.910066e+01
7.742637e-04 2.222222e-01 4.641589e+02 3.348077e+01 3.334660e+01
7.742637e-04 2.222222e-01 2.154435e+03 2.611347e+01 2.601720e+01
7.742637e-04 2.222222e-01 1.000000e+04 8.320666e+00 8.291927e+00
7.742637e-04 2.222222e-01 4.641589e+04 1.088195e+00 1.085188e+00
7.742637e-04 2.222222e-01 2.154435e+05 6.937070e-02 6.918910e-02
7.742637e-04 2.222222e-01 1.000000e+06 3.720008e-03 3.710691e-03
7.742637e-04 3.333333e-01 1.000000e+00 5.341508e+00 5.195490e+00
7.742637e-04 3.333333e-01 4.641589e+00 1.170846e+01 1.154887e+01
7.742637e-04 3.333333e-01 2.154435e+01 1.927687e+01 1.909062e+01
7.742637e-04 3.333333e-01 1.000000e+02 2.646664e+01 2.625836e+01
7.742637e-04 3.333333e-01 4.641589e+02 3.025356e+01 3.004471e+01
7.742637e-04 3.333333e-01 2.154435e+03 2.357381e+01 2.342630e+01
7.742637e-04 3.333333e-01 1.000000e+04 7.507663e+00 7.464146e+00
7.742637e-04 3.333333e-01 4.641589e+04 9.983824e-01 9.938768e-01
7.742637e-04 3.333333e-01 2.154435e+05 6.370302e-02 6.343290e-02
7.742637e-04 3.333333e-01 1.000000e+06 3.418531e-03 3.404755e-03
7.742637e-04 4.444444e-01 1.000000e+00 4.751932e+00 4.589917e+00
7.742637e-04 4.444444e-01 4.641589e+00 1.064918e+01 1.043458e+01
7.742637e-04 4.444444e-01 2.154435e+01 1.749152e+01 1.724386e+01
7.742637e-04 4.444444e-01 1.000000e+02 2.401538e+01 2.374158e+01
7.742637e-04 4.444444e-01 4.641589e+02 2.741139e+01 2.713932e+01
7.742637e-04 4.444444e-01 2.154435e+03 2.134952e+01 2.115865e+01
7.742637e-04 4.444444e-01 1.000000e+04 6.798813e+00 6.742790e+00
7.742637e-04 4.444444e-01 4.641589e+04 9.195153e-01 9.137413e-01
7.742637e-04 4.444444e-01 2.154435e+05 5.874643e-02 5.840139e-02
7.742637e-04 4.444444e-01 1.000000e+06 3.155775e-03 3.138227e-03
7.742637e-04 5.555556e-01 1.000000e+00 4.207081e+00 4.033567e+00
7.742637e-04 5.555556e-01 4.641589e+00 9.717644e+00 9.457726e+00
7.742637e-04 5.555556e-01 2.154435e+01 1.592482e+01 1.562681e+01
7.742637e-04 5.555556e-01 1.000000e+02 2.187776e+01 2.155032e+01
7.742637e-04 5.555556e-01 4.641589e+02 2.495424e+01 2.463043e+01
7.742637e-04 5.555556e-01 2.154435e+03 1.944061e+01 1.921424e+01
7.742637e-04 5.555556e-01 1.000000e+04 6.194117e+00 6.127858e+00
7.742637e-04 5.555556e-01 4.641589e+04 8.515937e-01 8.447816e-01
7.742637e-04 5.555556e-01 2.154435e+05 5.450092e-02 5.409457e-02
7.742637e-04 5.555556e-01 1.000000e+06 2.931741e-03 2.911106e-03
7.742637e-04 6.666667e-01 1.000000e+00 3.706956e+00 3.526442e+00
7.742637e-04 6.666667e-01 4.641589e+00 8.913851e+00 8.618298e+00
7.742637e-04 6.666667e-01 2.154435e+01 1.457677e+01 1.423946e+01
7.742637e-04 6.666667e-01 1.000000e+02 2.005379e+01 1.968456e+01
7.742637e-04 6.666667e-01 4.641589e+02 2.288213e+01 2.251804e+01
7.742637e-04 6.666667e-01 2.154435e+03 1.784708e+01 1.759308e+01
7.742637e-04 6.666667e-01 1.000000e+04 5.693574e+00 5.619350e+00
7.742637e-04 6.666667e-01 4.641589e+04 7.946174e-01 7.869978e-01
7.742637e-04 6.666667e-01 2.154435e+05 5.096649e-02 5.051244e-02
7.742637e-04 6.666667e-01 1.000000e+06 2.746428e-03 2.723392e-03
7.742637e-04 7.777778e-01 1.000000e+00 3.251556e+00 3.068540e+00
7.742637e-04 7.777778e-01 4.641589e+00 8.237801e+00 7.916299e+00
7.742637e-04 7.777778e-01 2.154435e+01 1.344738e+01 1.308181e+01
7.742637e-04 7.777778e-01 1.000000e+02 1.854346e+01 1.814432e+01
7.742637e-04 7.777778e-01 4.641589e+02 2.119505e+01 2.080215e+01
7.742637e-04 7.777778e-01 2.154435e+03 1.656892e+01 1.629517e+01
7.742637e-04 7.777778e-01 1.000000e+04 5.297184e+00 5.217267e+00
7.742637e-04 7.777778e-01 4.641589e+04 7.485865e-01 7.403897e-01
7.742637e-04 7.777778e-01 2.154435e+05 4.814313e-02 4.765501e-02
7.742637e-04 7.777778e-01 1.000000e+06 2.599836e-03 2.575084e-03
7.742637e-04 8.888889e-01 1.000000e+00 2.840882e+00 2.659862e+00
7.742637e-04 8.888889e-01 4.641589e+00 7.689496e+00 7.351727e+00
7.742637e-04 8.888889e-01 2.154435e+01 1.253664e+01 1.215385e+01
7.742637e-04 8.888889e-01 1.000000e+02 1.734678e+01 1.692960e+01
7.742637e-04 8.888889e-01 4.641589e+02 1.989301e+01 1.948275e+01
7.742637e-04 8.888889e-01 2.154435e+03 1.560613e+01 1.532051e+01
7.742637e-04 8.888889e-01 1.000000e+04 5.004947e+00 4.921609e+00
7.742637e-04 8.888889e-01 4.641589e+04 7.135010e-01 7.049575e-01
7.742637e-04 8.888889e-01 2.154435e+05 4.603086e-02 4.552227e-02
7.742637e-04 8.888889e-01 1.000000e+06 2.491966e-03 2.466184e-03
7.742637e-04 1.000000e+00 1.000000e+00 2.474934e+00 2.300408e+00
7.742637e-04 1.000000e+00 4.641589e+00 7.268935e+00 6.924584e+00
7.742637e-04 1.000000e+00 2.154435e+01 1.184455e+01 1.145560e+01
7.742637e-04 1.000000e+00 1.000000e+02 1.646373e+01 1.604038e+01
7.742637e-04 1.000000e+00 4.641589e+02 1.897600e+01 1.855986e+01
7.742637e-04 1.000000e+00 2.154435e+03 1.495872e+01 1.466909e+01
7.742637e-04 1.000000e+00 1.000000e+04 4.816864e+00 4.732375e+00
7.742637e-04 1.000000e+00 4.641589e+04 6.893609e-01 6.807010e-01
7.742637e-04 1.000000e+00 2.154435e+05 4.462966e-02 4.411422e-02
7.742637e-04 1.000000e+00 1.000000e+06 2.422817e-03 2.396691e-03
2.154435e-03 0.000000e+00 1.000000e+00 2.137512e+00 2.078702e+00
2.154435e-03 0.000000e+00 4.641589e+00 4.685301e+00 4.690365e+00
2.154435e-03 0.000000e+00 2.154435e+01 7.301283e+00 7.308740e+00
2.154435e-03 0.000000e+00 1.000000e+02 9.534754e+00 9.540903e+00
2.154435e-03 0.000000e+00 4.641589e+02 1.050565e+01 1.050931e+01
2.154435e-03 0.000000e+00 2.154435e+03 7.927505e+00 7.928862e+00
2.154435e-03 0.000000e+00 1.000000e+04 2.454964e+00 2.455099e+00
2.154435e-03 0.000000e+00 4.641589e+04 2.990694e-01 2.990643e-01
2.154435e-03 0.000000e+00 2.154435e+05 1.861604e-02 1.861477e-02
2.154435e-03 0.000000e+00 1.000000e+06 9.775604e-04 9.774567e-04
2.154435e-03 1.111111e-01 1.000000e+00 1.930561e+00 1.858285e+00
2.154435e-03 1.111111e-01 4.641589e+00 4.259402e+00 4.222280e+00
2.154435e-03 1.111111e-01 2.154435e+01 6.630817e+00 6.589718e+00
2.154435e-03 1.111111e-01 1.000000e+02 8.652310e+00 8.605907e+00
2.154435e-03 1.111111e-01 4.641589e+02 9.509631e+00 9.462216e+00
2.154435e-03 1.111111e-01 2.154435e+03 7.164751e+00 7.130876e+00
2.154435e-03 1.111111e-01 1.000000e+04 2.216403e+00 2.206336e+00
2.154435e-03 1.111111e-01 4.641589e+04 2.736732e-01 2.726302e-01
2.154435e-03 1.111111e-01 2.154435e+05 1.703921e-02 1.697651e-02
2.154435e-03 1.111111e-01 1.000000e+06 8.949202e-04 8.917180e-04
2.154435e-03 2.222222e-01 1.000000e+00 1.736409e+00 1.652994e+00
2.154435e-03 2.222222e-01 4.641589e+00 3.868748e+00 3.794411e+00
2.154435e-03 2.222222e-01 2.154435e+01 6.019076e+00 5.935134e+00
2.154435e-03 2.222222e-01 1.000000e+02 7.851366e+00 7.758593e+00
2.154435e-03 2.222222e-01 4.641589e+02 8.610244e+00 8.517766e+00
2.154435e-03 2.222222e-01 2.154435e+03 6.478637e+00 6.413675e+00
2.154435e-03 2.222222e-01 1.000000e+04 2.002434e+00 1.983366e+00
2.154435e-03 2.222222e-01 4.641589e+04 2.508093e-01 2.488506e-01
2.154435e-03 2.222222e-01 2.154435e+05 1.562319e-02 1.550629e-02
2.154435e-03 2.222222e-01 1.000000e+06 8.208576e-04 8.149217e-04
2.154435e-03 3.333333e-01 1.000000e+00 1.555056e+00 1.462830e+00
2.154435e-03 3.333333e-01 4.641589e+00 3.513340e+00 3.406760e+00
2.154435e-03 3.333333e-01 2.154435e+01 5.466060e+00 5.344988e+00
2.154435e-03 3.333333e-01 1.000000e+02 7.131921e+00 6.998962e+00
2.154435e-03 3.333333e-01 4.641589e+02 7.807489e+00 7.675957e+00
2.154435e-03 3.333333e-01 2.154435e+03 5.869163e+00 5.777261e+00
2.154435e-03 3.333333e-01 1.000000e+04 1.813058e+00 1.786189e+00
2.154435e-03 3.333333e-01 4.641589e+04 2.304779e-01 2.277256e-01
2.154435e-03 3.333333e-01 2.154435e+05 1.436797e-02 1.420409e-02
2.154435e-03 3.333333e-01 1.000000e+06 7.553728e-04 7.470676e-04
2.154435e-03 4.444444e-01 1.000000e+00 1.386503e+00 1.287791e+00
2.154435e-03 4.444444e-01 4.641589e+00 3.193178e+00 3.059326e+00
2.154435e-03 4.444444e-01 2.154435e+01 4.971769e+00 4.819280e+00
2.154435e-03 4.444444e-01 1.000000e+02 6.493975e+00 6.327014e+00
2.154435e-03 4.444444e-01 4.641589e+02 7.101365e+00 6.936790e+00
2.154435e-03 4.444444e-01 2.154435e+03 5.336328e+00 5.221632e+00
2.154435e-03 4.444444e-01 1.000000e+04 1.648274e+00 1.614805e+00
2.154435e-03 4.444444e-01 4.641589e+04 2.126789e-01 2.092552e-01
2.154435e-03 4.444444e-01 2.154435e+05 1.327354e-02 1.306992e-02
2.154435e-03 4.444444e-01 1.000000e+06 6.984656e-04 6.881559e-04
2.154435e-03 5.555556e-01 1.000000e+00 1.230748e+00 1.127879e+00
2.154435e-03 5.555556e-01 4.641589e+00 2.908262e+00 2.752109e+00
2.154435e-03 5.555556e-01 2.154435e+01 4.536203e+00 4.358009e+00
2.154435e-03 5.555556e-01 1.000000e+02 5.937528e+00 5.742748e+00
2.154435e-03 5.555556e-01 4.641589e+02 6.491873e+00 6.300265e+00
2.154435e-03 5.555556e-01 2.154435e+03 4.880133e+00 4.746789e+00
2.154435e-03 5.555556e-01 1.000000e+04 1.508083e+00 1.469214e+00
2.154435e-03 5.555556e-01 4.641589e+04 1.974123e-01 1.934393e-01
2.154435e-03 5.555556e-01 2.154435e+05 1.233992e-02 1.210378e-02
2.154435e-03 5.555556e-01 1.000000e+06 6.501361e-04 6.381864e-04
2.154435e-03 6.666667e-01 1.000000e+00 1.087793e+00 9.830922e-01
2.154435e-03 6.666667e-01 4.641589e+00 2.658592e+00 2.485110e+00
2.154435e-03 6.666667e-01 2.154435e+01 4.159363e+00 3.961176e+00
2.154435e-03 6.666667e-01 1.000000e+02 5.462581e+00 5.246165e+00
2.154435e-03 6.666667e-01 4.641589e+02 5.979012e+00 5.766381e+00
2.154435e-03 6.666667e-01 2.154435e+03 4.500578e+00 4.352732e+00
2.154435e-03 6.666667e-01 1.000000e+04 1.392484e+00 1.349416e+00
2.154435e-03 6.666667e-01 4.641589e+04 1.846782e-01 1.802780e-01
2.154435e-03 6.666667e-01 2.154435e+05 1.156710e-02 1.130568e-02
2.154435e-03 6.666667e-01 1.000000e+06 6.103842e-04 5.971593e-04
2.154435e-03 7.777778e-01 1.000000e+00 9.576367e-01 8.534321e-01
2.154435e-03 7.777778e-01 4.641589e+00 2.444167e+00 2.258327e+00
2.154435e-03 7.777778e-01 2.154435e+01 3.841247e+00 3.628780e+00
2.154435e-03 7.777778e-01 1.000000e+02 5.069133e+00 4.837265e+00
2.154435e-03 7.777778e-01 4.641589e+02 5.562783e+00 5.335140e+00
2.154435e-03 7.777778e-01 2.154435e+03 4.197662e+00 4.039461e+00
2.154435e-03 7.777778e-01 1.000000e+04 1.301477e+00 1.255411e+00
2.154435e-03 7.777778e-01 4.641589e+04 1.744764e-01 1.697712e-01
2.154435e-03 7.777778e-01 2.154435e+05 1.095508e-02 1.067560e-02
2.154435e-03 7.777778e-01 1.000000e+06 5.792101e-04 5.650745e-04
2.154435e-03 8.888889e-01 1.000000e+00 8.402795e-01 7.388980e-01
2.154435e-03 8.888889e-01 4.641589e+00 2.264989e+00 2.071762e+00
2.154435e-03 8.888889e-01 2.154435e+01 3.581856e+00 3.360823e+00
2.154435e-03 8.888889e-01 1.000000e+02 4.757184e+00 4.516047e+00
2.154435e-03 8.888889e-01 4.641589e+02 5.243185e+00 5.006540e+00
2.154435e-03 8.888889e-01 2.154435e+03 3.971385e+00 3.806976e+00
2.154435e-03 8.888889e-01 1.000000e+04 1.235063e+00 1.187199e+00
2.154435e-03 8.888889e-01 4.641589e+04 1.668071e-01 1.619190e-01
2.154435e-03 8.888889e-01 2.154435e+05 1.050386e-02 1.021355e-02
2.154435e-03 8.888889e-01 1.000000e+06 5.566136e-04 5.419320e-04
2.154435e-03 1.000000e+00 1.000000e+00 7.357214e-01 6.394900e-01
2.154435e-03 1.000000e+00 4.641589e+00 2.121056e+00 1.925414e+00
2.154435e-03 1.000000e+00 2.154435e+01 3.381190e+00 3.157302e+00
2.154435e-03 1.000000e+00 1.000000e+02 4.526734e+00 4.282512e+00
2.154435e-03 1.000000e+00 4.641589e+02 5.020219e+00 4.780581e+00
2.154435e-03 1.000000e+00 2.154435e+03 3.821749e+00 3.655277e+00
2.154435e-03 1.000000e+00 1.000000e+04 1.193241e+00 1.144780e+00
2.154435e-03 1.000000e+00 4.641589e+04 1.616702e-01 1.567213e-01
2.154435e-03 1.000000e+00 2.154435e+05 1.021344e-02 9.919537e-03
2.154435e-03 1.000000e+00 1.000000e+06 5.425948e-04 5.277318e-04
5.994843e-03 0.000000e+00 1.000000e+00 6.133565e-01 5.771192e-01
5.994843e-03 0.000000e+00 4.641589e+00 1.389746e+00 1.383749e+00
5.994843e-03 0.000000e+00 2.154435e+01 2.010416e+00 2.005726e+00
5.994843e-03 0.000000e+00 1.000000e+02 2.477058e+00 2.472407e+00
5.994843e-03 0.000000e+00 4.641589e+02 2.602841e+00 2.598194e+00
5.994843e-03 0.000000e+00 2.154435e+03 1.889522e+00 1.886266e+00
5.994843e-03 0.000000e+00 1.000000e+04 5.663940e-01 5.654421e-01
5.994843e-03 0.000000e+00 4.641589e+04 6.584413e-02 6.574972e-02
5.994843e-03 0.000000e+00 2.154435e+05 3.998074e-03 3.992471e-03
5.994843e-03 0.000000e+00 1.000000e+06 2.053975e-04 2.051145e-04
5.994843e-03 1.111111e-01 1.000000e+00 5.558062e-01 5.127414e-01
5.994843e-03 1.111111e-01 4.641589e+00 1.267312e+00 1.238666e+00
5.994843e-03 1.111111e-01 2.154435e+01 1.833579e+00 1.802132e+00
5.994843e-03 1.111111e-01 1.000000e+02 2.258087e+00 2.224137e+00
5.994843e-03 1.111111e-01 4.641589e+02 2.367209e+00 2.333963e+00
5.994843e-03 1.111111e-01 2.154435e+03 1.715883e+00 1.692868e+00
5.994843e-03 1.111111e-01 1.000000e+04 5.138068e-01 5.071344e-01
5.994843e-03 1.111111e-01 4.641589e+04 6.040839e-02 5.973274e-02
5.994843e-03 1.111111e-01 2.154435e+05 3.668495e-03 3.628559e-03
5.994843e-03 1.111111e-01 1.000000e+06 1.884853e-04 1.864750e-04
5.994843e-03 2.222222e-01 1.000000e+00 5.016414e-01 4.530005e-01
5.994843e-03 2.222222e-01 4.641589e+00 1.154239e+00 1.105650e+00
5.994843e-03 2.222222e-01 2.154435e+01 1.671960e+00 1.616916e+00
5.994843e-03 2.222222e-01 1.000000e+02 2.059417e+00 1.999620e+00
5.994843e-03 2.222222e-01 4.641589e+02 2.154683e+00 2.096205e+00
5.994843e-03 2.222222e-01 2.154435e+03 1.559910e+00 1.519461e+00
5.994843e-03 2.222222e-01 1.000000e+04 4.667086e-01 4.549891e-01
5.994843e-03 2.222222e-01 4.641589e+04 5.552548e-02 5.433701e-02
5.994843e-03 2.222222e-01 2.154435e+05 3.373145e-03 3.302917e-03
5.994843e-03 2.222222e-01 1.000000e+06 1.733582e-04 1.698241e-04
5.994843e-03 3.333333e-01 1.000000e+00 4.508621e-01 3.978966e-01
5.994843e-03 3.333333e-01 4.641589e+00 1.050526e+00 9.846988e-01
5.994843e-03 3.333333e-01 2.154435e+01 1.525560e+00 1.450079e+00
5.994843e-03 3.333333e-01 1.000000e+02 1.881049e+00 1.798855e+00
5.994843e-03 3.333333e-01 4.641589e+02 1.965263e+00 1.884921e+00
5.994843e-03 3.333333e-01 2.154435e+03 1.421602e+00 1.366046e+00
5.994843e-03 3.333333e-01 1.000000e+04 4.250993e-01 4.090061e-01
5.994843e-03 3.333333e-01 4.641589e+04 5.119540e-02 4.956253e-02
5.994843e-03 3.333333e-01 2.154435e+05 3.112025e-03 3.015545e-03
5.994843e-03 3.333333e-01 1.000000e+06 1.600164e-04 1.551616e-04
5.994843e-03 4.444444e-01 1.000000e+00 4.034681e-01 3.474295e-01
5.994843e-03 4.444444e-01 4.641589e+00 9.561724e-01 8.758137e-01
5.994843e-03 4.444444e-01 2.154435e+01 1.394378e+00 1.301620e+00
5.994843e-03 4.444444e-01 1.000000e+02 1.722983e+00 1.621843e+00
5.994843e-03 4.444444e-01 4.641589e+02 1.798949e+00 1.700111e+00
5.994843e-03 4.444444e-01 2.154435e+03 1.300959e+00 1.232622e+00
5.994843e-03 4.444444e-01 1.000000e+04 3.889789e-01 3.691856e-01
5.994843e-03 4.444444e-01 4.641589e+04 4.741815e-02 4.540930e-02
5.994843e-03 4.444444e-01 2.154435e+05 2.885133e-03 2.766444e-03
5.994843e-03 4.444444e-01 1.000000e+06 1.484598e-04 1.424877e-04
5.994843e-03 5.555556e-01 1.000000e+00 3.594597e-01 3.015993e-01
5.994843e-03 5.555556e-01 4.641589e+00 8.711787e-01 7.789944e-01
5.994843e-03 5.555556e-01 2.154435e+01 1.278415e+00 1.171541e+00
5.994843e-03 5.555556e-01 1.000000e+02 1.585218e+00 1.468582e+00
5.994843e-03 5.555556e-01 4.641589e+02 1.655741e+00 1.541774e+00
5.994843e-03 5.555556e-01 2.154435e+03 1.197980e+00 1.119190e+00
5.994843e-03 5.555556e-01 1.000000e+04 3.583475e-01 3.355276e-01
5.994843e-03 5.555556e-01 4.641589e+04 4.419373e-02 4.187732e-02
5.994843e-03 5.555556e-01 2.154435e+05 2.692472e-03 2.555614e-03
5.994843e-03 5.555556e-01 1.000000e+06 1.386884e-04 1.318022e-04
5.994843e-03 6.666667e-01 1.000000e+00 3.188366e-01 2.604061e-01
5.994843e-03 6.666667e-01 4.641589e+00 7.955450e-01 6.942409e-01
5.994843e-03 6.666667e-01 2.154435e+01 1.177671e+00 1.059840e+00
5.994843e-03 6.666667e-01 1.000000e+02 1.467755e+00 1.339074e+00
5.994843e-03 6.666667e-01 4.641589e+02 1.535638e+00 1.409911e+00
5.994843e-03 6.666667e-01 2.154435e+03 1.112667e+00 1.025749e+00
5.994843e-03 6.666667e-01 1.000000e+04 3.332051e-01 3.080319e-01
5.994843e-03 6.666667e-01 4.641589e+04 4.152214e-02 3.896659e-02
5.994843e-03 6.666667e-01 2.154435e+05 2.534039e-03 2.383055e-03
5.994843e-03 6.666667e-01 1.000000e+06 1.307022e-04 1.231053e-04
5.994843e-03 7.777778e-01 1.000000e+00 2.815990e-01 2.238497e-01
5.994843e-03 7.777778e-01 4.641589e+00 7.292711e-01 6.215532e-01
5.994843e-03 7.777778e-01 2.154435e+01 1.092145e+00 9.665182e-01
5.994843e-03 7.777778e-01 1.000000e+02 1.370594e+00 1.233318e+00
5.994843e-03 7.777778e-01 4.641589e+02 1.438642e+00 1.304522e+00
5.994843e-03 7.777778e-01 2.154435e+03 1.045019e+00 9.523002e-01
5.994843e-03 7.777778e-01 1.000000e+04 3.135516e-01 2.866986e-01
5.994843e-03 7.777778e-01 4.641589e+04 3.940338e-02 3.667711e-02
5.994843e-03 7.777778e-01 2.154435e+05 2.409836e-03 2.248766e-03
5.994843e-03 7.777778e-01 1.000000e+06 1.245011e-04 1.163968e-04
5.994843e-03 8.888889e-01 1.000000e+00 2.477468e-01 1.919302e-01
5.994843e-03 8.888889e-01 4.641589e+00 6.723570e-01 5.609313e-01
5.994843e-03 8.888889e-01 2.154435e+01 1.021837e+00 8.915751e-01
5.994843e-03 8.888889e-01 1.000000e+02 1.293734e+00 1.151315e+00
5.994843e-03 8.888889e-01 4.641589e+02 1.364752e+00 1.225606e+00
5.994843e-03 8.888889e-01 2.154435e+03 9.950352e-01 8.988424e-01
5.994843e-03 8.888889e-01 1.000000e+04 2.993870e-01 2.715277e-01
5.994843e-03 8.888889e-01 4.641589e+04 3.783745e-02 3.500888e-02
5.994843e-03 8.888889e-01 2.154435e+05 2.319861e-03 2.152747e-03
5.994843e-03 8.888889e-01 1.000000e+06 1.200853e-04 1.116769e-04
5.994843e-03 1.000000e+00 1.000000e+00 2.172801e-01 1.646476e-01
5.994843e-03 1.000000e+00 4.641589e+00 6.248029e-01 5.123752e-01
5.994843e-03 1.000000e+00 2.154435e+01 9.667486e-01 8.350108e-01
5.994843e-03 1.000000e+00 1.000000e+02 1.237176e+00 1.093064e+00
5.994843e-03 1.000000e+00 4.641589e+02 1.313967e+00 1.173164e+00
5.994843e-03 1.000000e+00 2.154435e+03 9.627168e-01 8.653762e-01
5.994843e-03 1.000000e+00 1.000000e+04 2.907114e-01 2.625193e-01
5.994843e-03 1.000000e+00 4.641589e+04 3.682435e-02 3.396190e-02
5.994843e-03 1.000000e+00 2.154435e+05 2.264117e-03 2.095000e-03
5.994843e-03 1.000000e+00 1.000000e+06 1.174547e-04 1.089454e-04
1.668101e-02 0.000000e+00 1.000000e+00 1.813368e-01 1.728294e-01
1.668101e-02 0.000000e+00 4.641589e+00 4.217904e-01 4.184583e-01
1.668101e-02 0.000000e+00 2.154435e+01 5.512657e-01 5.482608e-01
1.668101e-02 0.000000e+00 1.000000e+02 6.328403e-01 6.298622e-01
1.668101e-02 0.000000e+00 4.641589e+02 6.295986e-01 6.267423e-01
1.668101e-02 0.000000e+00 2.154435e+03 4.375425e-01 4.355895e-01
1.668101e-02 0.000000e+00 1.000000e+04 1.264964e-01 1.259348e-01
1.668101e-02 0.000000e+00 4.641589e+04 1.387672e-02 1.382152e-02
1.668101e-02 0.000000e+00 2.154435e+05 8.195516e-04 8.163035e-04
1.668101e-02 0.000000e+00 1.000000e+06 4.109331e-05 4.093034e-05
1.668101e-02 1.111111e-01 1.000000e+00 1.656165e-01 1.516688e-01
1.668101e-02 1.111111e-01 4.641589e+00 3.875694e-01 3.702399e-01
1.668101e-02 1.111111e-01 2.154435e+01 5.072514e-01 4.877813e-01
1.668101e-02 1.111111e-01 1.000000e+02 5.822781e-01 5.614876e-01
1.668101e-02 1.111111e-01 4.641589e+02 5.781740e-01 5.581766e-01
1.668101e-02 1.111111e-01 2.154435e+03 4.012977e-01 3.876678e-01
1.668101e-02 1.111111e-01 1.000000e+04 1.159160e-01 1.120191e-01
1.668101e-02 1.111111e-01 4.641589e+04 1.281898e-02 1.242909e-02
1.668101e-02 1.111111e-01 2.154435e+05 7.571086e-04 7.343242e-04
1.668101e-02 1.111111e-01 1.000000e+06 3.796393e-05 3.682904e-05
1.668101e-02 2.222222e-01 1.000000e+00 1.507836e-01 1.321400e-01
1.668101e-02 2.222222e-01 4.641589e+00 3.558202e-01 3.261637e-01
1.668101e-02 2.222222e-01 2.154435e+01 4.670176e-01 4.330270e-01
1.668101e-02 2.222222e-01 1.000000e+02 5.364644e-01 4.999595e-01
1.668101e-02 2.222222e-01 4.641589e+02 5.318701e-01 4.967501e-01
1.668101e-02 2.222222e-01 2.154435e+03 3.687957e-01 3.448638e-01
1.668101e-02 2.222222e-01 1.000000e+04 1.064553e-01 9.961572e-02
1.668101e-02 2.222222e-01 4.641589e+04 1.187118e-02 1.118599e-02
1.668101e-02 2.222222e-01 2.154435e+05 7.012784e-04 6.612572e-04
1.668101e-02 2.222222e-01 1.000000e+06 3.517070e-05 3.317829e-05
1.668101e-02 3.333333e-01 1.000000e+00 1.368381e-01 1.142430e-01
1.668101e-02 3.333333e-01 4.641589e+00 3.265429e-01 2.862294e-01
1.668101e-02 3.333333e-01 2.154435e+01 4.305644e-01 3.839980e-01
1.668101e-02 3.333333e-01 1.000000e+02 4.953993e-01 4.452779e-01
1.668101e-02 3.333333e-01 4.641589e+02 4.906870e-01 4.424628e-01
1.668101e-02 3.333333e-01 2.154435e+03 3.400366e-01 3.071774e-01
1.668101e-02 3.333333e-01 1.000000e+04 9.811417e-02 8.872466e-02
1.668101e-02 3.333333e-01 4.641589e+04 1.103332e-02 1.009223e-02
1.668101e-02 3.333333e-01 2.154435e+05 6.520609e-04 5.971026e-04
1.668101e-02 3.333333e-01 1.000000e+06 3.271364e-05 2.997809e-05
1.668101e-02 4.444444e-01 1.000000e+00 1.237799e-01 9.797793e-02
1.668101e-02 4.444444e-01 4.641589e+00 2.997374e-01 2.504373e-01
1.668101e-02 4.444444e-01 2.154435e+01 3.978918e-01 3.406943e-01
1.668101e-02 4.444444e-01 1.000000e+02 4.590828e-01 3.974427e-01
1.668101e-02 4.444444e-01 4.641589e+02 4.546246e-01 3.953147e-01
1.668101e-02 4.444444e-01 2.154435e+03 3.150204e-01 2.746088e-01
1.668101e-02 4.444444e-01 1.000000e+04 9.089275e-02 7.934592e-02
1.668101e-02 4.444444e-01 4.641589e+04 1.030541e-02 9.147817e-03
1.668101e-02 4.444444e-01 2.154435e+05 6.094561e-04 5.418602e-04
1.668101e-02 4.444444e-01 1.000000e+06 3.059273e-05 2.722845e-05
1.668101e-02 5.555556e-01 1.000000e+00 1.116092e-01 8.334464e-02
1.668101e-02 5.555556e-01 4.641589e+00 2.754037e-01 2.187871e-01
1.668101e-02 5.555556e-01 2.154435e+01 3.689997e-01 3.031158e-01
1.668101e-02 5.555556e-01 1.000000e+02 4.275149e-01 3.564539e-01
1.668101e-02 5.555556e-01 4.641589e+02 4.236829e-01 3.553058e-01
1.668101e-02 5.555556e-01 2.154435e+03 2.937470e-01 2.471578e-01
1.668101e-02 5.555556e-01 1.000000e+04 8.479100e-02 7.147950e-02
1.668101e-02 5.555556e-01 4.641589e+04 9.687432e-03 8.352741e-03
1.668101e-02 5.555556e-01 2.154435e+05 5.734640e-04 4.955303e-04
1.668101e-02 5.555556e-01 1.000000e+06 2.880797e-05 2.492937e-05
1.668101e-02 6.666667e-01 1.000000e+00 1.003258e-01 7.034318e-02
1.668101e-02 6.666667e-01 4.641589e+00 2.535418e-01 1.912791e-01
1.668101e-02 6.666667e-01 2.154435e+01 3.438881e-01 2.712625e-01
1.668101e-02 6.666667e-01 1.000000e+02 4.006956e-01 3.223115e-01
1.668101e-02 6.666667e-01 4.641589e+02 3.978620e-01 3.224360e-01
1.668101e-02 6.666667e-01 2.154435e+03 2.762164e-01 2.248245e-01
1.668101e-02 6.666667e-01 1.000000e+04 7.980892e-02 6.512542e-02
1.668101e-02 6.666667e-01 4.641589e+04 9.179396e-03 7.707004e-03
1.668101e-02 6.666667e-01 2.154435e+05 5.440846e-04 4.581126e-04
1.668101e-02 6.666667e-01 1.000000e+06 2.735938e-05 2.308085e-05
1.668101e-02 7.777778e-01 1.000000e+00 8.992984e-02 5.897355e-02
1.668101e-02 7.777778e-01 4.641589e+00 2.341518e-01 1.679130e-01
1.668101e-02 7.777778e-01 2.154435e+01 3.225571e-01 2.451345e-01
1.668101e-02 7.777778e-01 1.000000e+02 3.786249e-01 2.950156e-01
1.668101e-02 7.777778e-01 4.641589e+02 3.771618e-01 2.967054e-01
1.668101e-02 7.777778e-01 2.154435e+03 2.624287e-01 2.076089e-01
1.668101e-02 7.777778e-01 1.000000e+04 7.594650e-02 6.028366e-02
1.668101e-02 7.777778e-01 4.641589e+04 8.781301e-03 7.210607e-03
1.668101e-02 7.777778e-01 2.154435e+05 5.213180e-04 4.296073e-04
1.668101e-02 7.777778e-01 1.000000e+06 2.624694e-05 2.168288e-05
1.668101e-02 8.888889e-01 1.000000e+00 8.042125e-02 4.923575e-02
1.668101e-02 8.888889e-01 4.641589e+00 2.172335e-01 1.486890e-01
1.668101e-02 8.888889e-01 2.154435e+01 3.050067e-01 2.247317e-01
1.668101e-02 8.888889e-01 1.000000e+02 3.613027e-01 2.745661e-01
1.668101e-02 8.888889e-01 4.641589e+02 3.615823e-01 2.781139e-01
1.668101e-02 8.888889e-01 2.154435e+03 2.523839e-01 1.955110e-01
1.668101e-02 8.888889e-01 1.000000e+04 7.320376e-02 5.695422e-02
1.668101e-02 8.888889e-01 4.641589e+04 8.493147e-03 6.863550e-03
1.668101e-02 8.888889e-01 2.154435e+05 5.051640e-04 4.100143e-04
1.668101e-02 8.888889e-01 1.000000e+06 2.547065e-05 2.073547e-05
1.668101e-02 1.000000e+00 1.000000e+00 7.180005e-02 4.112978e-02
1.668101e-02 1.000000e+00 4.641589e+00 2.027871e-01 1.336071e-01
1.668101e-02 1.000000e+00 2.154435e+01 2.912368e-01 2.100543e-01
1.668101e-02 1.000000e+00 1.000000e+02 3.487292e-01 2.609631e-01
1.668101e-02 1.000000e+00 4.641589e+02 3.511236e-01 2.666617e-01
1.668101e-02 1.000000e+00 2.154435e+03 2.460819e-01 1.885307e-01
1.668101e-02 1.000000e+00 1.000000e+04 7.158068e-02 5.513712e-02
1.668101e-02 1.000000e+00 4.641589e+04 8.314932e-03 6.665833e-03
1.668101e-02 1.000000e+00 2.154435e+05 4.956228e-04 3.993337e-04
1.668101e-02 1.000000e+00 1.000000e+06 2.503053e-05 2.023861e-05
4.641589e-02 0.000000e+00 1.000000e+00 6.059935e-02 5.756337e-02
4.641589e-02 0.000000e+00 4.641589e+00 1.315448e-01 1.289963e-01
4.641589e-02 0.000000e+00 2.154435e+01 1.517514e-01 1.496959e-01
4.641589e-02 0.000000e+00 1.000000e+02 1.604452e-01 1.584221e-01
4.641589e-02 0.000000e+00 4.641589e+02 1.501618e-01 1.482179e-01
4.641589e-02 0.000000e+00 2.154435e+03 9.944792e-02 9.813005e-02
4.641589e-02 0.000000e+00 1.000000e+04 2.763744e-02 2.726351e-02
4.641589e-02 0.000000e+00 4.641589e+04 2.829850e-03 2.793045e-03
4.641589e-02 0.000000e+00 2.154435e+05 1.620411e-04 1.599104e-04
4.641589e-02 0.000000e+00 1.000000e+06 7.909573e-06 7.804445e-06
4.641589e-02 1.111111e-01 1.000000e+00 5.618508e-02 4.947037e-02
4.641589e-02 1.111111e-01 4.641589e+00 1.227676e-01 1.114655e-01
4.641589e-02 1.111111e-01 2.154435e+01 1.420306e-01 1.301225e-01
4.641589e-02 1.111111e-01 1.000000e+02 1.502808e-01 1.379995e-01
4.641589e-02 1.111111e-01 4.641589e+02 1.405110e-01 1.290107e-01
4.641589e-02 1.111111e-01 2.154435e+03 9.300313e-02 8.535410e-02
4.641589e-02 1.111111e-01 1.000000e+04 2.583765e-02 2.369890e-02
4.641589e-02 1.111111e-01 4.641589e+04 2.656929e-03 2.446794e-03
4.641589e-02 1.111111e-01 2.154435e+05 1.521530e-04 1.401002e-04
4.641589e-02 1.111111e-01 1.000000e+06 7.427757e-06 6.837663e-06
4.641589e-02 2.222222e-01 1.000000e+00 5.200521e-02 4.207869e-02
4.641589e-02 2.222222e-01 4.641589e+00 1.146135e-01 9.560473e-02
4.641589e-02 2.222222e-01 2.154435e+01 1.331577e-01 1.125614e-01
4.641589e-02 2.222222e-01 1.000000e+02 1.410909e-01 1.197600e-01
4.641589e-02 2.222222e-01 4.641589e+02 1.318383e-01 1.119071e-01
4.641589e-02 2.222222e-01 2.154435e+03 8.723365e-02 7.399900e-02
4.641589e-02 2.222222e-01 1.000000e+04 2.423065e-02 2.053486e-02
4.641589e-02 2.222222e-01 4.641589e+04 2.502366e-03 2.139306e-03
4.641589e-02 2.222222e-01 2.154435e+05 1.433311e-04 1.225242e-04
4.641589e-02 2.222222e-01 1.000000e+06 6.998510e-06 5.980536e-06
4.641589e-02 3.333333e-01 1.000000e+00 4.805973e-02 3.538832e-02
4.641589e-02 3.333333e-01 4.641589e+00 1.070825e-01 8.141400e-02
4.641589e-02 3.333333e-01 2.154435e+01 1.251327e-01 9.701245e-02
4.641589e-02 3.333333e-01 1.000000e+02 1.328755e-01 1.037035e-01
4.641589e-02 3.333333e-01 4.641589e+02 1.241436e-01 9.690700e-02
4.641589e-02 3.333333e-01 2.154435e+03 8.213948e-02 6.406476e-02
4.641589e-02 3.333333e-01 1.000000e+04 2.281643e-02 1.777141e-02
4.641589e-02 3.333333e-01 4.641589e+04 2.366161e-03 1.870581e-03
4.641589e-02 3.333333e-01 2.154435e+05 1.355754e-04 1.071825e-04
4.641589e-02 3.333333e-01 1.000000e+06 6.621832e-06 5.233063e-06
4.641589e-02 4.444444e-01 1.000000e+00 4.434864e-02 2.939926e-02
4.641589e-02 4.444444e-01 4.641589e+00 1.001748e-01 6.889331e-02
4.641589e-02 4.444444e-01 2.154435e+01 1.179555e-01 8.347572e-02
4.641589e-02 4.444444e-01 1.000000e+02 1.256347e-01 8.983004e-02
4.641589e-02 4.444444e-01 4.641589e+02 1.174270e-01 8.401053e-02
4.641589e-02 4.444444e-01 2.154435e+03 7.772063e-02 5.555137e-02
4.641589e-02 4.444444e-01 1.000000e+04 2.159501e-02 1.540854e-02
4.641589e-02 4.444444e-01 4.641589e+04 2.248313e-03 1.640619e-03
4.641589e-02 4.444444e-01 2.154435e+05 1.288860e-04 9.407497e-05
4.641589e-02 4.444444e-01 1.000000e+06 6.297723e-06 4.595245e-06
4.641589e-02 5.555556e-01 1.000000e+00 4.087196e-02 2.411151e-02
4.641589e-02 5.555556e-01 4.641589e+00 9.389023e-02 5.804265e-02
4.641589e-02 5.555556e-01 2.154435e+01 1.116263e-01 7.195120e-02
4.641589e-02 5.555556e-01 1.000000e+02 1.193683e-01 7.813957e-02
4.641589e-02 5.555556e-01 4.641589e+02 1.116884e-01 7.321764e-02
4.641589e-02 5.555556e-01 2.154435e+03 7.397708e-02 4.845883e-02
4.641589e-02 5.555556e-01 1.000000e+04 2.056638e-02 1.344626e-02
4.641589e-02 5.555556e-01 4.641589e+04 2.148822e-03 1.449420e-03
4.641589e-02 5.555556e-01 2.154435e+05 1.232627e-04 8.320169e-05
4.641589e-02 5.555556e-01 1.000000e+06 6.026183e-06 4.067081e-06
4.641589e-02 6.666667e-01 1.000000e+00 3.762966e-02 1.952508e-02
4.641589e-02 6.666667e-01 4.641589e+00 8.822885e-02 4.886204e-02
4.641589e-02 6.666667e-01 2.154435e+01 1.061450e-01 6.243890e-02
4.641589e-02 6.666667e-01 1.000000e+02 1.140765e-01 6.863213e-02
4.641589e-02 6.666667e-01 4.641589e+02 1.069278e-01 6.452833e-02
4.641589e-02 6.666667e-01 2.154435e+03 7.090885e-02 4.278715e-02
4.641589e-02 6.666667e-01 1.000000e+04 1.973053e-02 1.188456e-02
4.641589e-02 6.666667e-01 4.641589e+04 2.067689e-03 1.296985e-03
4.641589e-02 6.666667e-01 2.154435e+05 1.187057e-04 7.456263e-05
4.641589e-02 6.666667e-01 1.000000e+06 5.807211e-06 3.648572e-06
4.641589e-02 7.777778e-01 1.000000e+00 3.462176e-02 1.563996e-02
4.641589e-02 7.777778e-01 4.641589e+00 8.319066e-02 4.135146e-02
4.641589e-02 7.777778e-01 2.154435e+01 1.015115e-01 5.493880e-02
4.641589e-02 7.777778e-01 1.000000e+02 1.097592e-01 6.130770e-02
4.641589e-02 7.777778e-01 4.641589e+02 1.031452e-01 5.794261e-02
4.641589e-02 7.777778e-01 2.154435e+03 6.851594e-02 3.853632e-02
4.641589e-02 7.777778e-01 1.000000e+04 1.908748e-02 1.072344e-02
4.641589e-02 7.777778e-01 4.641589e+04 2.004913e-03 1.183312e-03
4.641589e-02 7.777778e-01 2.154435e+05 1.152149e-04 6.815779e-05
4.641589e-02 7.777778e-01 1.000000e+06 5.640809e-06 3.339717e-06
4.641589e-02 8.888889e-01 1.000000e+00 3.184826e-02 1.245615e-02
4.641589e-02 8.888889e-01 4.641589e+00 7.877564e-02 3.551091e-02
4.641589e-02 8.888889e-01 2.154435e+01 9.772594e-02 4.945091e-02
4.641589e-02 8.888889e-01 1.000000e+02 1.064163e-01 5.616629e-02
4.641589e-02 8.888889e-01 4.641589e+02 1.003407e-01 5.346047e-02
4.641589e-02 8.888889e-01 2.154435e+03 6.679834e-02 3.570635e-02
4.641589e-02 8.888889e-01 1.000000e+04 1.863721e-02 9.962903e-03
4.641589e-02 8.888889e-01 4.641589e+04 1.960494e-03 1.108402e-03
4.641589e-02 8.888889e-01 2.154435e+05 1.127903e-04 6.398718e-05
4.641589e-02 8.888889e-01 1.000000e+06 5.526975e-06 3.140517e-06
4.641589e-02 1.000000e+00 1.000000e+00 2.930915e-02 9.973659e-03
4.641589e-02 1.000000e+00 4.641589e+00 7.498380e-02 3.134041e-02
4.641589e-02 1.000000e+00 2.154435e+01 9.478825e-02 4.597523e-02
4.641589e-02 1.000000e+00 1.000000e+02 1.040481e-01 5.320789e-02
4.641589e-02 1.000000e+00 4.641589e+02 9.851422e-02 5.108191e-02
4.641589e-02 1.000000e+00 2.154435e+03 6.575605e-02 3.429723e-02
4.641589e-02 1.000000e+00 1.000000e+04 1.837973e-02 9.602952e-03
4.641589e-02 1.000000e+00 4.641589e+04 1.934433e-03 1.072256e-03
4.641589e-02 1.000000e+00 2.154435e+05 1.114320e-04 6.205079e-05
4.641589e-02 1.000000e+00 1.000000e+06 5.465710e-06 3.050972e-06
1.291550e-01 0.000000e+00 1.000000e+00 1.982419e-02 1.954077e-02
1.291550e-01 0.000000e+00 4.641589e+00 4.111965e-02 3.924528e-02
1.291550e-01 0.000000e+00 2.154435e+01 4.154326e-02 4.000601e-02
1.291550e-01 0.000000e+00 1.000000e+02 4.007806e-02 3.869395e-02
1.291550e-01 0.000000e+00 4.641589e+02 3.508715e-02 3.389037e-02
1.291550e-01 0.000000e+00 2.154435e+03 2.202948e-02 2.128625e-02
1.291550e-01 0.000000e+00 1.000000e+04 5.857660e-03 5.661930e-03
1.291550e-01 0.000000e+00 4.641589e+04 5.591928e-04 5.409598e-04
1.291550e-01 0.000000e+00 2.154435e+05 3.090014e-05 2.990276e-05
1.291550e-01 0.000000e+00 1.000000e+06 1.462116e-06 1.415336e-06
1.291550e-01 1.111111e-01 1.000000e+00 1.871210e-02 1.639051e-02
1.291550e-01 1.111111e-01 4.641589e+00 3.924167e-02 3.277151e-02
1.291550e-01 1.111111e-01 2.154435e+01 3.986867e-02 3.344014e-02
1.291550e-01 1.111111e-01 1.000000e+02 3.855496e-02 3.234191e-02
1.291550e-01 1.111111e-01 4.641589e+02 3.377352e-02 2.828430e-02
1.291550e-01 1.111111e-01 2.154435e+03 2.121561e-02 1.774328e-02
1.291550e-01 1.111111e-01 1.000000e+04 5.643844e-03 4.714623e-03
1.291550e-01 1.111111e-01 4.641589e+04 5.396946e-04 4.517537e-04
1.291550e-01 1.111111e-01 2.154435e+05 2.983296e-05 2.496167e-05
1.291550e-01 1.111111e-01 1.000000e+06 1.412074e-06 1.180996e-06
1.291550e-01 2.222222e-01 1.000000e+00 1.765434e-02 1.354104e-02
1.291550e-01 2.222222e-01 4.641589e+00 3.749570e-02 2.698264e-02
1.291550e-01 2.222222e-01 2.154435e+01 3.834188e-02 2.760076e-02
1.291550e-01 2.222222e-01 1.000000e+02 3.717978e-02 2.670661e-02
1.291550e-01 2.222222e-01 4.641589e+02 3.259365e-02 2.331748e-02
1.291550e-01 2.222222e-01 2.154435e+03 2.048708e-02 1.460696e-02
1.291550e-01 2.222222e-01 1.000000e+04 5.452893e-03 3.876527e-03
1.291550e-01 2.222222e-01 4.641589e+04 5.222848e-04 3.728410e-04
1.291550e-01 2.222222e-01 2.154435e+05 2.888157e-05 2.059231e-05
1.291550e-01 2.222222e-01 1.000000e+06 1.367515e-06 9.738302e-07
1.291550e-01 3.333333e-01 1.000000e+00 1.665090e-02 1.099236e-02
1.291550e-01 3.333333e-01 4.641589e+00 3.588174e-02 2.187869e-02
1.291550e-01 3.333333e-01 2.154435e+01 3.696289e-02 2.248787e-02
1.291550e-01 3.333333e-01 1.000000e+02 3.595252e-02 2.178806e-02
1.291550e-01 3.333333e-01 4.641589e+02 3.154756e-02 1.898990e-02
1.291550e-01 3.333333e-01 2.154435e+03 1.984387e-02 1.187728e-02
1.291550e-01 3.333333e-01 1.000000e+04 5.284805e-03 3.147641e-03
1.291550e-01 3.333333e-01 4.641589e+04 5.069635e-04 3.042219e-04
1.291550e-01 3.333333e-01 2.154435e+05 2.804595e-05 1.679468e-05
1.291550e-01 3.333333e-01 1.000000e+06 1.328439e-06 7.938371e-07
1.291550e-01 4.444444e-01 1.000000e+00 1.570178e-02 8.744469e-03
1.291550e-01 4.444444e-01 4.641589e+00 3.439978e-02 1.745964e-02
1.291550e-01 4.444444e-01 2.154435e+01 3.573169e-02 1.810147e-02
1.291550e-01 4.444444e-01 1.000000e+02 3.487319e-02 1.758625e-02
1.291550e-01 4.444444e-01 4.641589e+02 3.063524e-02 1.530156e-02
1.291550e-01 4.444444e-01 2.154435e+03 1.928600e-02 9.554248e-03
1.291550e-01 4.444444e-01 1.000000e+04 5.139582e-03 2.527966e-03
1.291550e-01 4.444444e-01 4.641589e+04 4.937306e-04 2.458963e-04
1.291550e-01 4.444444e-01 2.154435e+05 2.732611e-05 1.356879e-05
1.291550e-01 4.444444e-01 1.000000e+06 1.294846e-06 6.410171e-07
1.291550e-01 5.555556e-01 1.000000e+00 1.480699e-02 6.797367e-03
1.291550e-01 5.555556e-01 4.641589e+00 3.304982e-02 1.372550e-02
1.291550e-01 5.555556e-01 2.154435e+01 3.464829e-02 1.444156e-02
1.291550e-01 5.555556e-01 1.000000e+02 3.394178e-02 1.410119e-02
1.291550e-01 5.555556e-01 4.641589e+02 2.985669e-02 1.225246e-02
1.291550e-01 5.555556e-01 2.154435e+03 1.881347e-02 7.637859e-03
1.291550e-01 5.555556e-01 1.000000e+04 5.017221e-03 2.017501e-03
1.291550e-01 5.555556e-01 4.641589e+04 4.825861e-04 1.978642e-04
1.291550e-01 5.555556e-01 2.154435e+05 2.672205e-05 1.091463e-05
1.291550e-01 5.555556e-01 1.000000e+06 1.266735e-06 5.153703e-07
1.291550e-01 6.666667e-01 1.000000e+00 1.396652e-02 5.151055e-03
1.291550e-01 6.666667e-01 4.641589e+00 3.183187e-02 1.067628e-02
1.291550e-01 6.666667e-01 2.154435e+01 3.371268e-02 1.150814e-02
1.291550e-01 6.666667e-01 1.000000e+02 3.315829e-02 1.133287e-02
1.291550e-01 6.666667e-01 4.641589e+02 2.921191e-02 9.842596e-03
1.291550e-01 6.666667e-01 2.154435e+03 1.842626e-02 6.128115e-03
1.291550e-01 6.666667e-01 1.000000e+04 4.917725e-03 1.616247e-03
1.291550e-01 6.666667e-01 4.641589e+04 4.735300e-04 1.601256e-04
1.291550e-01 6.666667e-01 2.154435e+05 2.623377e-05 8.832199e-06
1.291550e-01 6.666667e-01 1.000000e+06 1.244107e-06 4.168967e-07
1.291550e-01 7.777778e-01 1.000000e+00 1.318038e-02 3.805531e-03
1.291550e-01 7.777778e-01 4.641589e+00 3.074593e-02 8.311961e-03
1.291550e-01 7.777778e-01 2.154435e+01 3.292487e-02 9.301208e-03
1.291550e-01 7.777778e-01 1.000000e+02 3.252273e-02 9.281288e-03
1.291550e-01 7.777778e-01 4.641589e+02 2.870091e-02 8.071976e-03
1.291550e-01 7.777778e-01 2.154435e+03 1.812439e-02 5.025016e-03
1.291550e-01 7.777778e-01 1.000000e+04 4.841092e-03 1.324203e-03
1.291550e-01 7.777778e-01 4.641589e+04 4.665624e-04 1.326805e-04
1.291550e-01 7.777778e-01 2.154435e+05 2.586126e-05 7.321506e-06
1.291550e-01 7.777778e-01 1.000000e+06 1.226961e-06 3.455962e-07
1.291550e-01 8.888889e-01 1.000000e+00 1.244856e-02 2.760797e-03
1.291550e-01 8.888889e-01 4.641589e+00 2.979199e-02 6.632555e-03
1.291550e-01 8.888889e-01 2.154435e+01 3.228486e-02 7.820768e-03
1.291550e-01 8.888889e-01 1.000000e+02 3.203508e-02 7.946454e-03
1.291550e-01 8.888889e-01 4.641589e+02 2.832367e-02 6.940595e-03
1.291550e-01 8.888889e-01 2.154435e+03 1.790784e-02 4.328561e-03
1.291550e-01 8.888889e-01 1.000000e+04 4.787323e-03 1.141370e-03
1.291550e-01 8.888889e-01 4.641589e+04 4.616832e-04 1.155290e-04
1.291550e-01 8.888889e-01 2.154435e+05 2.560453e-05 6.382545e-06
1.291550e-01 8.888889e-01 1.000000e+06 1.215299e-06 3.014688e-07
1.291550e-01 1.000000e+00 1.000000e+00 1.177107e-02 2.016852e-03
1.291550e-01 1.000000e+00 4.641589e+00 2.897005e-02 5.638059e-03
1.291550e-01 1.000000e+00 2.154435e+01 3.179264e-02 7.066819e-03
1.291550e-01 1.000000e+00 1.000000e+02 3.169537e-02 7.328365e-03
1.291550e-01 1.000000e+00 4.641589e+02 2.808021e-02 6.448455e-03
1.291550e-01 1.000000e+00 2.154435e+03 1.777663e-02 4.038751e-03
1.291550e-01 1.000000e+00 1.000000e+04 4.756418e-03 1.067748e-03
1.291550e-01 1.000000e+00 4.641589e+04 4.588924e-04 1.086709e-04
1.291550e-01 1.000000e+00 2.154435e+05 2.546359e-05 6.015318e-06
1.291550e-01 1.000000e+00 1.000000e+06 1.209119e-06 2.845146e-07
3.593814e-01 0.000000e+00 1.000000e+00 4.638082e-03 4.848499e-03
3.593814e-01 0.000000e+00 4.641589e+00 8.748926e-03 8.775993e-03
3.593814e-01 0.000000e+00 2.154435e+01 7.424681e-03 7.329454e-03
3.593814e-01 0.000000e+00 1.000000e+02 6.254623e-03 6.122617e-03
3.593814e-01 0.000000e+00 4.641589e+02 4.912317e-03 4.809114e-03
3.593814e-01 0.000000e+00 2.154435e+03 2.819402e-03 2.759757e-03
3.593814e-01 0.000000e+00 1.000000e+04 6.946505e-04 6.797860e-04
3.593814e-01 0.000000e+00 4.641589e+04 6.117303e-05 5.984433e-05
3.593814e-01 0.000000e+00 2.154435e+05 3.183458e-06 3.113412e-06
3.593814e-01 0.000000e+00 1.000000e+06 1.427833e-07 1.396009e-07
3.593814e-01 1.111111e-01 1.000000e+00 4.540329e-03 3.892551e-03
3.593814e-01 1.111111e-01 4.641589e+00 8.618280e-03 7.022642e-03
3.593814e-01 1.111111e-01 2.154435e+01 7.331362e-03 5.862614e-03
3.593814e-01 1.111111e-01 1.000000e+02 6.181846e-03 4.898963e-03
3.593814e-01 1.111111e-01 4.641589e+02 4.854967e-03 3.848466e-03
3.593814e-01 1.111111e-01 2.154435e+03 2.786423e-03 2.208656e-03
3.593814e-01 1.111111e-01 1.000000e+04 6.865090e-04 5.440751e-04
3.593814e-01 1.111111e-01 4.641589e+04 6.046860e-05 4.793142e-05
3.593814e-01 1.111111e-01 2.154435e+05 3.146600e-06 2.494032e-06
3.593814e-01 1.111111e-01 1.000000e+06 1.411226e-07 1.118430e-07
3.593814e-01 2.222222e-01 1.000000e+00 4.433984e-03 3.028152e-03
3.593814e-01 2.222222e-01 4.641589e+00 8.489668e-03 5.463657e-03
3.593814e-01 2.222222e-01 2.154435e+01 7.244273e-03 4.564062e-03
3.593814e-01 2.222222e-01 1.000000e+02 6.115467e-03 3.817149e-03
3.593814e-01 2.222222e-01 4.641589e+02 4.803103e-03 2.999602e-03
3.593814e-01 2.222222e-01 2.154435e+03 2.756744e-03 1.721824e-03
3.593814e-01 2.222222e-01 1.000000e+04 6.792062e-04 4.242139e-04
3.593814e-01 2.222222e-01 4.641589e+04 5.983815e-05 3.741133e-05
3.593814e-01 2.222222e-01 2.154435e+05 3.113674e-06 1.947126e-06
3.593814e-01 2.222222e-01 1.000000e+06 1.396412e-07 8.733505e-08
3.593814e-01 3.333333e-01 1.000000e+00 4.319046e-03 2.255303e-03
3.593814e-01 3.333333e-01 4.641589e+00 8.363090e-03 4.099038e-03
3.593814e-01 3.333333e-01 2.154435e+01 7.163414e-03 3.433797e-03
3.593814e-01 3.333333e-01 1.000000e+02 6.055486e-03 2.877177e-03
3.593814e-01 3.333333e-01 4.641589e+02 4.756723e-03 2.262521e-03
3.593814e-01 3.333333e-01 2.154435e+03 2.730365e-03 1.299261e-03
3.593814e-01 3.333333e-01 1.000000e+04 6.727421e-04 3.202024e-04
3.593814e-01 3.333333e-01 4.641589e+04 5.928166e-05 2.828408e-05
3.593814e-01 3.333333e-01 2.154435e+05 3.084680e-06 1.472693e-06
3.593814e-01 3.333333e-01 1.000000e+06 1.383392e-07 6.607712e-08
3.593814e-01 4.444444e-01 1.000000e+00 4.195516e-03 1.574004e-03
3.593814e-01 4.444444e-01 4.641589e+00 8.238547e-03 2.928785e-03
3.593814e-01 4.444444e-01 2.154435e+01 7.088786e-03 2.471820e-03
3.593814e-01 4.444444e-01 1.000000e+02 6.001902e-03 2.079046e-03
3.593814e-01 4.444444e-01 4.641589e+02 4.715828e-03 1.637225e-03
3.593814e-01 4.444444e-01 2.154435e+03 2.707286e-03 9.409676e-04
3.593814e-01 4.444444e-01 1.000000e+04 6.671167e-04 2.320407e-04
3.593814e-01 4.444444e-01 4.641589e+04 5.879915e-05 2.054965e-05
3.593814e-01 4.444444e-01 2.154435e+05 3.059618e-06 1.070735e-06
3.593814e-01 4.444444e-01 1.000000e+06 1.372165e-07 4.806917e-08
3.593814e-01 5.555556e-01 1.000000e+00 4.063393e-03 9.842547e-04
3.593814e-01 5.555556e-01 4.641589e+00 8.116039e-03 1.952898e-03
3.593814e-01 5.555556e-01 2.154435e+01 7.020386e-03 1.678131e-03
3.593814e-01 5.555556e-01 1.000000e+02 5.954716e-03 1.422757e-03
3.593814e-01 5.555556e-01 4.641589e+02 4.680418e-03 1.123711e-03
3.593814e-01 5.555556e-01 2.154435e+03 2.687508e-03 6.469433e-04
3.593814e-01 5.555556e-01 1.000000e+04 6.623300e-04 1.597287e-04
3.593814e-01 5.555556e-01 4.641589e+04 5.839060e-05 1.420806e-05
3.593814e-01 5.555556e-01 2.154435e+05 3.038489e-06 7.412513e-07
3.593814e-01 5.555556e-01 1.000000e+06 1.362731e-07 3.331121e-08
3.593814e-01 6.666667e-01 1.000000e+00 3.922678e-03 4.860550e-04
3.593814e-01 6.666667e-01 4.641589e+00 7.995564e-03 1.171377e-03
3.593814e-01 6.666667e-01 2.154435e+01 6.958217e-03 1.052729e-03
3.593814e-01 6.666667e-01 1.000000e+02 5.913927e-03 9.083086e-04
3.593814e-01 6.666667e-01 4.641589e+02 4.650493e-03 7.219818e-04
3.593814e-01 6.666667e-01 2.154435e+03 2.671029e-03 4.171882e-04
3.593814e-01 6.666667e-01 1.000000e+04 6.583819e-04 1.032665e-04
3.593814e-01 6.666667e-01 4.641589e+04 5.805602e-05 9.259295e-06
3.593814e-01 6.666667e-01 2.154435e+05 3.021291e-06 4.842415e-07
3.593814e-01 6.666667e-01 1.000000e+06 1.355090e-07 2.180324e-08
3.593814e-01 7.777778e-01 1.000000e+00 3.773371e-03 7.940511e-05
3.593814e-01 7.777778e-01 4.641589e+00 7.877125e-03 5.842219e-04
3.593814e-01 7.777778e-01 2.154435e+01 6.902278e-03 5.956148e-04
3.593814e-01 7.777778e-01 1.000000e+02 5.879536e-03 5.357016e-04
3.593814e-01 7.777778e-01 4.641589e+02 4.626053e-03 4.320361e-04
3.593814e-01 7.777778e-01 2.154435e+03 2.657851e-03 2.517023e-04
3.593814e-01 7.777778e-01 1.000000e+04 6.552725e-04 6.265397e-05
3.593814e-01 7.777778e-01 4.641589e+04 5.779542e-05 5.703360e-06
3.593814e-01 7.777778e-01 2.154435e+05 3.008025e-06 2.997057e-07
3.593814e-01 7.777778e-01 1.000000e+06 1.349242e-07 1.354525e-08
3.593814e-01 8.888889e-01 1.000000e+00 3.615472e-03 -2.356951e-04
3.593814e-01 8.888889e-01 4.641589e+00 7.760720e-03 1.914330e-04
3.593814e-01 8.888889e-01 2.154435e+01 6.852569e-03 3.067880e-04
3.593814e-01 8.888889e-01 1.000000e+02 5.851542e-03 3.049359e-04
3.593814e-01 8.888889e-01 4.641589e+02 4.607098e-03 2.538740e-04
3.593814e-01 8.888889e-01 2.154435e+03 2.647972e-03 1.504856e-04
3.593814e-01 8.888889e-01 1.000000e+04 6.530019e-04 3.789123e-05
3.593814e-01 8.888889e-01 4.641589e+04 5.760878e-05 3.540255e-06
3.593814e-01 8.888889e-01 2.154435e+05 2.998692e-06 1.876441e-07
3.593814e-01 8.888889e-01 1.000000e+06 1.345187e-07 8.537249e-09
3.593814e-01 1.000000e+00 1.000000e+00 3.448980e-03 -4.592455e-04
3.593814e-01 1.000000e+00 4.641589e+00 7.646349e-03 -6.989840e-06
3.593814e-01 1.000000e+00 2.154435e+01 6.809089e-03 1.862488e-04
3.593814e-01 1.000000e+00 1.000000e+02 5.829946e-03 2.160115e-04
3.593814e-01 1.000000e+00 4.641589e+02 4.593628e-03 1.874957e-04
3.593814e-01 1.000000e+00 2.154435e+03 2.641394e-03 1.135382e-04
3.593814e-01 1.000000e+00 1.000000e+04 6.515699e-04 2.897823e-05
3.593814e-01 1.000000e+00 4.641589e+04 5.749611e-05 2.769980e-06
3.593814e-01 1.000000e+00 2.154435e+05 2.993290e-06 1.480566e-07
3.593814e-01 1.000000e+00 1.000000e+06 1.342926e-07 6.779233e-09
1.000000e+00 0.000000e+00 1.000000e+00 1.841666e-04 1.927941e-04
1.000000e+00 0.000000e+00 4.641589e+00 2.558362e-05 2.617395e-05
1.000000e+00 0.000000e+00 2.154435e+01 3.067450e-07 3.033906e-07
1.000000e+00 0.000000e+00 1.000000e+02 -2.061764e-08 -1.345048e-08
1.000000e+00 0.000000e+00 4.641589e+02 -9.247884e-09 -6.765656e-09
1.000000e+00 0.000000e+00 2.154435e+03 -1.718752e-09 -1.312667e-09
1.000000e+00 0.000000e+00 1.000000e+04 -1.222314e-10 -9.654436e-11
1.000000e+00 0.000000e+00 4.641589e+04 -2.899441e-12 -2.351264e-12
1.000000e+00 0.000000e+00 2.154435e+05 -4.023794e-14 -3.333083e-14
1.000000e+00 0.000000e+00 1.000000e+06 -4.701939e-16 -3.962769e-16
1.000000e+00 1.111111e-01 1.000000e+00 1.969168e-04 1.367023e-04
1.000000e+00 1.111111e-01 4.641589e+00 2.529258e-05 2.077311e-05
1.000000e+00 1.111111e-01 2.154435e+01 2.772386e-07 2.754776e-07
1.000000e+00 1.111111e-01 1.000000e+02 -2.152497e-08 -1.000575e-08
1.000000e+00 1.111111e-01 4.641589e+02 -9.293748e-09 -5.627031e-09
1.000000e+00 1.111111e-01 2.154435e+03 -1.722668e-09 -1.082903e-09
1.000000e+00 1.111111e-01 1.000000e+04 -1.224337e-10 -7.878514e-11
1.000000e+00 1.111111e-01 4.641589e+04 -2.902982e-12 -1.902848e-12
1.000000e+00 1.111111e-01 2.154435e+05 -4.026909e-14 -2.680326e-14
1.000000e+00 1.111111e-01 1.000000e+06 -4.703297e-16 -3.171685e-16
1.000000e+00 2.222222e-01 1.000000e+00 2.065648e-04 8.554009e-05
1.000000e+00 2.222222e-01 4.641589e+00 2.501638e-05 1.598800e-05
1.000000e+00 2.222222e-01 2.154435e+01 2.511815e-07 2.508265e-07
1.000000e+00 2.222222e-01 1.000000e+02 -2.232546e-08 -6.966228e-09
1.000000e+00 2.222222e-01 4.641589e+02 -9.334211e-09 -4.622358e-09
1.000000e+00 2.222222e-01 2.154435e+03 -1.726124e-09 -8.801704e-10
1.000000e+00 2.222222e-01 1.000000e+04 -1.226122e-10 -6.311524e-11
1.000000e+00 2.222222e-01 4.641589e+04 -2.906105e-12 -1.507186e-12
1.000000e+00 2.222222e-01 2.154435e+05 -4.029656e-14 -2.104363e-14
1.000000e+00 2.222222e-01 1.000000e+06 -4.704495e-16 -2.473669e-16
1.000000e+00 3.333333e-01 1.000000e+00 2.131107e-04 3.930742e-05
1.000000e+00 3.333333e-01 4.641589e+00 2.475502e-05 1.181860e-05
1.000000e+00 3.333333e-01 2.154435e+01 2.285735e-07 2.294373e-07
1.000000e+00 3.333333e-01 1.000000e+02 -2.301912e-08 -4.331909e-09
1.000000e+00 3.333333e-01 4.641589e+02 -9.369274e-09 -3.751637e-09
1.000000e+00 3.333333e-01 2.154435e+03 -1.729118e-09 -7.044683e-10
1.000000e+00 3.333333e-01 1.000000e+04 -1.227670e-10 -4.953466e-11
1.000000e+00 3.333333e-01 4.641589e+04 -2.908813e-12 -1.164279e-12
1.000000e+00 3.333333e-01 2.154435e+05 -4.032038e-14 -1.605196e-14
1.000000e+00 3.333333e-01 1.000000e+06 -4.705533e-16 -1.868722e-16
1.000000e+00 4.444444e-01 1.000000e+00 2.165545e-04 -1.995687e-06
1.000000e+00 4.444444e-01 4.641589e+00 2.450850e-05 8.264933e-06
1.000000e+00 4.444444e-01 2.154435e+01 2.094147e-07 2.113099e-07
1.000000e+00 4.444444e-01 1.000000e+02 -2.360594e-08 -2.102796e-09
1.000000e+00 4.444444e-01 4.641589e+02 -9.398936e-09 -3.014869e-09
1.000000e+00 4.444444e-01 2.154435e+03 -1.731652e-09 -5.557972e-10
1.000000e+00 4.444444e-01 1.000000e+04 -1.228979e-10 -3.804340e-11
1.000000e+00 4.444444e-01 4.641589e+04 -2.911103e-12 -8.741267e-13
1.000000e+00 4.444444e-01 2.154435e+05 -4.034053e-14 -1.182823e-14
1.000000e+00 4.444444e-01 1.000000e+06 -4.706411e-16 -1.356844e-16
1.000000e+00 5.555556e-01 1.000000e+00 2.168962e-04 -3.836923e-05
1.000000e+00 5.555556e-01 4.641589e+00 2.427682e-05 5.326985e-06
1.000000e+00 5.555556e-01 2.154435e+01 1.937050e-07 1.964445e-07
1.000000e+00 5.555556e-01 1.000000e+02 -2.408593e-08 -2.788866e-10
1.000000e+00 5.555556e-01 4.641589e+02 -9.423197e-09 -2.412053e-09
1.000000e+00 5.555556e-01 2.154435e+03 -1.733724e-09 -4.341571e-10
1.000000e+00 5.555556e-01 1.000000e+04 -1.230050e-10 -2.864146e-11
1.000000e+00 5.555556e-01 4.641589e+04 -2.912978e-12 -6.367297e-13
1.000000e+00 5.555556e-01 2.154435e+05 -4.035702e-14 -8.372460e-15
1.000000e+00 5.555556e-01 1.000000e+06 -4.707130e-16 -9.380341e-17
1.000000e+00 6.666667e-01 1.000000e+00 2.141359e-04 -6.981320e-05
1.000000e+00 6.666667e-01 4.641589e+00 2.405997e-05 3.004760e-06
1.000000e+00 6.666667e-01 2.154435e+01 1.814446e-07 1.848409e-07
1.000000e+00 6.666667e-01 1.000000e+02 -2.445909e-08 1.139818e-09
1.000000e+00 6.666667e-01 4.641589e+02 -9.442058e-09 -1.943190e-09
1.000000e+00 6.666667e-01 2.154435e+03 -1.735336e-09 -3.395480e-10
1.000000e+00 6.666667e-01 1.000000e+04 -1.230883e-10 -2.132885e-11
1.000000e+00 6.666667e-01 4.641589e+04 -2.914436e-12 -4.520876e-13
1.000000e+00 6.666667e-01 2.154435e+05 -4.036984e-14 -5.684636e-15
1.000000e+00 6.666667e-01 1.000000e+06 -4.707689e-16 -6.122935e-17
1.000000e+00 7.777778e-01 1.000000e+00 2.082734e-04 -9.632760e-05
1.000000e+00 7.777778e-01 4.641589e+00 2.385797e-05 1.298258e-06
1.000000e+00 7.777778e-01 2.154435e+01 1.726333e-07 1.764991e-07
1.000000e+00 7.777778e-01 1.000000e+02 -2.472541e-08 2.153318e-09
1.000000e+00 7.777778e-01 4.641589e+02 -9.455518e-09 -1.608279e-09
1.000000e+00 7.777778e-01 2.154435e+03 -1.736487e-09 -2.719699e-10
1.000000e+00 7.777778e-01 1.000000e+04 -1.231479e-10 -1.610555e-11
1.000000e+00 7.777778e-01 4.641589e+04 -2.915477e-12 -3.202005e-13
1.000000e+00 7.777778e-01 2.154435e+05 -4.037900e-14 -3.764763e-15
1.000000e+00 7.777778e-01 1.000000e+06 -4.708088e-16 -3.796217e-17
1.000000e+00 8.888889e-01 1.000000e+00 1.993088e-04 -1.179124e-04
1.000000e+00 8.888889e-01 4.641589e+00 2.367080e-05 2.074782e-07
1.000000e+00 8.888889e-01 2.154435e+01 1.672713e-07 1.714193e-07
1.000000e+00 8.888889e-01 1.000000e+02 -2.488489e-08 2.761613e-09
1.000000e+00 8.888889e-01 4.641589e+02 -9.463578e-09 -1.407320e-09
1.000000e+00 8.888889e-01 2.154435e+03 -1.737178e-09 -2.314228e-10
1.000000e+00 8.888889e-01 1.000000e+04 -1.231836e-10 -1.297157e-11
1.000000e+00 8.888889e-01 4.641589e+04 -2.916102e-12 -2.410683e-13
1.000000e+00 8.888889e-01 2.154435e+05 -4.038450e-14 -2.612840e-15
1.000000e+00 8.888889e-01 1.000000e+06 -4.708328e-16 -2.400187e-17
1.000000e+00 1.000000e+00 1.000000e+00 1.872422e-04 -1.345677e-04
1.000000e+00 1.000000e+00 4.641589e+00 2.349847e-05 -2.675783e-07
1.000000e+00 1.000000e+00 2.154435e+01 1.653583e-07 1.696014e-07
1.000000e+00 1.000000e+00 1.000000e+02 -2.493754e-08 2.964704e-09
1.000000e+00 1.000000e+00 4.641589e+02 -9.466237e-09 -1.340314e-09
1.000000e+00 1.000000e+00 2.154435e+03 -1.737407e-09 -2.179067e-10
1.000000e+00 1.000000e+00 1.000000e+04 -1.231955e-10 -1.192692e-11
1.000000e+00 1.000000e+00 4.641589e+04 -2.916310e-12 -2.146910e-13
1.000000e+00 1.000000e+00 2.154435e+05 -4.038633e-14 -2.228867e-15
1.000000e+00 1.000000e+00 1.000000e+06 -4.708408e-16 -1.934845e-17
