# x y Q2 xsec_nu xsec_nub
1.000000e-04 0.000000e+00 1.000000e+00 7.508323e+01 7.530896e+01
1.000000e-04 0.000000e+00 4.641589e+00 1.635383e+02 1.641330e+02
1.000000e-04 0.000000e+00 2.154435e+01 3.056334e+02 3.062227e+02
1.000000e-04 0.000000e+00 1.000000e+02 4.665845e+02 4.671590e+02
1.000000e-04 0.000000e+00 4.641589e+02 5.834630e+02 5.839777e+02
1.000000e-04 0.000000e+00 2.154435e+03 4.882173e+02 4.885487e+02
1.000000e-04 0.000000e+00 1.000000e+04 1.649181e+02 1.650085e+02
1.000000e-04 0.000000e+00 4.641589e+04 2.238916e+01 2.239773e+01
1.000000e-04 0.000000e+00 2.154435e+05 1.487156e+00 1.487638e+00
1.000000e-04 0.000000e+00 1.000000e+06 8.269653e-02 8.271983e-02
1.000000e-04 1.111111e-01 1.000000e+00 6.767560e+01 6.774720e+01
1.000000e-04 1.111111e-01 4.641589e+00 1.482109e+02 1.484702e+02
1.000000e-04 1.111111e-01 2.154435e+01 2.758953e+02 2.761155e+02
1.000000e-04 1.111111e-01 1.000000e+02 4.207315e+02 4.209145e+02
1.000000e-04 1.111111e-01 4.641589e+02 5.249117e+02 5.250505e+02
1.000000e-04 1.111111e-01 2.154435e+03 4.386589e+02 4.387335e+02
1.000000e-04 1.111111e-01 1.000000e+04 1.480597e+02 1.480762e+02
1.000000e-04 1.111111e-01 4.641589e+04 2.045106e+01 2.045217e+01
1.000000e-04 1.111111e-01 2.154435e+05 1.359036e+00 1.359080e+00
1.000000e-04 1.111111e-01 1.000000e+06 7.559789e-02 7.559913e-02
1.000000e-04 2.222222e-01 1.000000e+00 6.073173e+01 6.066612e+01
1.000000e-04 2.222222e-01 4.641589e+00 1.343750e+02 1.343362e+02
1.000000e-04 2.222222e-01 2.154435e+01 2.488861e+02 2.487797e+02
1.000000e-04 2.222222e-01 1.000000e+02 3.790873e+02 3.789245e+02
1.000000e-04 2.222222e-01 4.641589e+02 4.719132e+02 4.717200e+02
1.000000e-04 2.222222e-01 2.154435e+03 3.939463e+02 3.937942e+02
1.000000e-04 2.222222e-01 1.000000e+04 1.328921e+02 1.328436e+02
1.000000e-04 2.222222e-01 4.641589e+04 1.869816e+01 1.869269e+01
1.000000e-04 2.222222e-01 2.154435e+05 1.243478e+00 1.243134e+00
1.000000e-04 2.222222e-01 1.000000e+06 6.920991e-02 6.919169e-02
1.000000e-04 3.333333e-01 1.000000e+00 5.425162e+01 5.406572e+01
1.000000e-04 3.333333e-01 4.641589e+00 1.220307e+02 1.217310e+02
1.000000e-04 3.333333e-01 2.154435e+01 2.246058e+02 2.242154e+02
1.000000e-04 3.333333e-01 1.000000e+02 3.416516e+02 3.411888e+02
1.000000e-04 3.333333e-01 4.641589e+02 4.244675e+02 4.239864e+02
1.000000e-04 3.333333e-01 2.154435e+03 3.540796e+02 3.537308e+02
1.000000e-04 3.333333e-01 1.000000e+04 1.194156e+02 1.193106e+02
1.000000e-04 3.333333e-01 4.641589e+04 1.713046e+01 1.711928e+01
1.000000e-04 3.333333e-01 2.154435e+05 1.140481e+00 1.139801e+00
1.000000e-04 3.333333e-01 1.000000e+06 6.353259e-02 6.349749e-02
1.000000e-04 4.444444e-01 1.000000e+00 4.823528e+01 4.794602e+01
1.000000e-04 4.444444e-01 4.641589e+00 1.111777e+02 1.106544e+02
1.000000e-04 4.444444e-01 2.154435e+01 2.030545e+02 2.024226e+02
1.000000e-04 4.444444e-01 1.000000e+02 3.084247e+02 3.077074e+02
1.000000e-04 4.444444e-01 4.641589e+02 3.825747e+02 3.818495e+02
1.000000e-04 4.444444e-01 2.154435e+03 3.190589e+02 3.185435e+02
1.000000e-04 4.444444e-01 1.000000e+04 1.076300e+02 1.074771e+02
1.000000e-04 4.444444e-01 4.641589e+04 1.574795e+01 1.573194e+01
1.000000e-04 4.444444e-01 2.154435e+05 1.050045e+00 1.049080e+00
1.000000e-04 4.444444e-01 1.000000e+06 5.856594e-02 5.851656e-02
1.000000e-04 5.555556e-01 1.000000e+00 4.268270e+01 4.230700e+01
1.000000e-04 5.555556e-01 4.641589e+00 1.018163e+02 1.011067e+02
1.000000e-04 5.555556e-01 2.154435e+01 1.842320e+02 1.834013e+02
1.000000e-04 5.555556e-01 1.000000e+02 2.794065e+02 2.784805e+02
1.000000e-04 5.555556e-01 4.641589e+02 3.462347e+02 3.453094e+02
1.000000e-04 5.555556e-01 2.154435e+03 2.888841e+02 2.882322e+02
1.000000e-04 5.555556e-01 1.000000e+04 9.753532e+01 9.734328e+01
1.000000e-04 5.555556e-01 4.641589e+04 1.455064e+01 1.453067e+01
1.000000e-04 5.555556e-01 2.154435e+05 9.721696e-01 9.709723e-01
1.000000e-04 5.555556e-01 1.000000e+06 5.430995e-02 5.424887e-02
1.000000e-04 6.666667e-01 1.000000e+00 3.759389e+01 3.714866e+01
1.000000e-04 6.666667e-01 4.641589e+00 9.394642e+01 9.308770e+01
1.000000e-04 6.666667e-01 2.154435e+01 1.681385e+02 1.671515e+02
1.000000e-04 6.666667e-01 1.000000e+02 2.545970e+02 2.535078e+02
1.000000e-04 6.666667e-01 4.641589e+02 3.154476e+02 3.143661e+02
1.000000e-04 6.666667e-01 2.154435e+03 2.635552e+02 2.627968e+02
1.000000e-04 6.666667e-01 1.000000e+04 8.913162e+01 8.890904e+01
1.000000e-04 6.666667e-01 4.641589e+04 1.353853e+01 1.351548e+01
1.000000e-04 6.666667e-01 2.154435e+05 9.068556e-01 9.054768e-01
1.000000e-04 6.666667e-01 1.000000e+06 5.076463e-02 5.069444e-02
1.000000e-04 7.777778e-01 1.000000e+00 3.296883e+01 3.247102e+01
1.000000e-04 7.777778e-01 4.641589e+00 8.756799e+01 8.659746e+01
1.000000e-04 7.777778e-01 2.154435e+01 1.547739e+02 1.536732e+02
1.000000e-04 7.777778e-01 1.000000e+02 2.339961e+02 2.327896e+02
1.000000e-04 7.777778e-01 4.641589e+02 2.902133e+02 2.890197e+02
1.000000e-04 7.777778e-01 2.154435e+03 2.430722e+02 2.422374e+02
1.000000e-04 7.777778e-01 1.000000e+04 8.241888e+01 8.217440e+01
1.000000e-04 7.777778e-01 4.641589e+04 1.271162e+01 1.268635e+01
1.000000e-04 7.777778e-01 2.154435e+05 8.541025e-01 8.525938e-01
1.000000e-04 7.777778e-01 1.000000e+06 4.792997e-02 4.785327e-02
1.000000e-04 8.888889e-01 1.000000e+00 2.880755e+01 2.827406e+01
1.000000e-04 8.888889e-01 4.641589e+00 8.268106e+01 8.163598e+01
1.000000e-04 8.888889e-01 2.154435e+01 1.441382e+02 1.429664e+02
1.000000e-04 8.888889e-01 1.000000e+02 2.176039e+02 2.163257e+02
1.000000e-04 8.888889e-01 4.641589e+02 2.705318e+02 2.692700e+02
1.000000e-04 8.888889e-01 2.154435e+03 2.274351e+02 2.265540e+02
1.000000e-04 8.888889e-01 1.000000e+04 7.739709e+01 7.713937e+01
1.000000e-04 8.888889e-01 4.641589e+04 1.206990e+01 1.204330e+01
1.000000e-04 8.888889e-01 2.154435e+05 8.139105e-01 8.123234e-01
1.000000e-04 8.888889e-01 1.000000e+06 4.580598e-02 4.572534e-02
1.000000e-04 1.000000e+00 1.000000e+00 2.511002e+01 2.455779e+01
1.000000e-04 1.000000e+00 4.641589e+00 7.928562e+01 7.820325e+01
1.000000e-04 1.000000e+00 2.154435e+01 1.362314e+02 1.350311e+02
1.000000e-04 1.000000e+00 1.000000e+02 2.054205e+02 2.041161e+02
1.000000e-04 1.000000e+00 4.641589e+02 2.564032e+02 2.551171e+02
1.000000e-04 1.000000e+00 2.154435e+03 2.166439e+02 2.157466e+02
1.000000e-04 1.000000e+00 1.000000e+04 7.406626e+01 7.380393e+01
1.000000e-04 1.000000e+00 4.641589e+04 1.161338e+01 1.158632e+01
1.000000e-04 1.000000e+00 2.154435e+05 7.862796e-01 7.846656e-01
1.000000e-04 1.000000e+00 1.000000e+06 4.439265e-02 4.431067e-02
2.782559e-04 0.000000e+00 1.000000e+00 2.413832e+01 2.409479e+01
2.782559e-04 0.000000e+00 4.641589e+00 5.006729e+01 5.028605e+01
2.782559e-04 0.000000e+00 2.154435e+01 8.878002e+01 8.899699e+01
2.782559e-04 0.000000e+00 1.000000e+02 1.296108e+02 1.298190e+02
2.782559e-04 0.000000e+00 4.641589e+02 1.560564e+02 1.562389e+02
2.782559e-04 0.000000e+00 2.154435e+03 1.265235e+02 1.266387e+02
2.782559e-04 0.000000e+00 1.000000e+04 4.160809e+01 4.163893e+01
2.782559e-04 0.000000e+00 4.641589e+04 5.470585e+00 5.473458e+00
2.782559e-04 0.000000e+00 2.154435e+05 3.561535e-01 3.563128e-01
2.782559e-04 0.000000e+00 1.000000e+06 1.945633e-02 1.946390e-02
2.782559e-04 1.111111e-01 1.000000e+00 2.175909e+01 2.165169e+01
2.782559e-04 1.111111e-01 4.641589e+00 4.541386e+01 4.546524e+01
2.782559e-04 1.111111e-01 2.154435e+01 8.026841e+01 8.029914e+01
2.782559e-04 1.111111e-01 1.000000e+02 1.170567e+02 1.170665e+02
2.782559e-04 1.111111e-01 4.641589e+02 1.406001e+02 1.405918e+02
2.782559e-04 1.111111e-01 2.154435e+03 1.138326e+02 1.138172e+02
2.782559e-04 1.111111e-01 1.000000e+04 3.740104e+01 3.739428e+01
2.782559e-04 1.111111e-01 4.641589e+04 4.998280e+00 4.997348e+00
2.782559e-04 1.111111e-01 2.154435e+05 3.255347e-01 3.254697e-01
2.782559e-04 1.111111e-01 1.000000e+06 1.778903e-02 1.778532e-02
2.782559e-04 2.222222e-01 1.000000e+00 1.952505e+01 1.936241e+01
2.782559e-04 2.222222e-01 4.641589e+00 4.119485e+01 4.109776e+01
2.782559e-04 2.222222e-01 2.154435e+01 7.251952e+01 7.238561e+01
2.782559e-04 2.222222e-01 1.000000e+02 1.056479e+02 1.054825e+02
2.782559e-04 2.222222e-01 4.641589e+02 1.266137e+02 1.264369e+02
2.782559e-04 2.222222e-01 2.154435e+03 1.023905e+02 1.022598e+02
2.782559e-04 2.222222e-01 1.000000e+04 3.361921e+01 3.357929e+01
2.782559e-04 2.222222e-01 4.641589e+04 4.571700e+00 4.567410e+00
2.782559e-04 2.222222e-01 2.154435e+05 2.979565e-01 2.976935e-01
2.782559e-04 2.222222e-01 1.000000e+06 1.629069e-02 1.627703e-02
2.782559e-04 3.333333e-01 1.000000e+00 1.743622e+01 1.722695e+01
2.782559e-04 3.333333e-01 4.641589e+00 3.741027e+01 3.718360e+01
2.782559e-04 3.333333e-01 2.154435e+01 6.553335e+01 6.525642e+01
2.782559e-04 3.333333e-01 1.000000e+02 9.538451e+01 9.506719e+01
2.782559e-04 3.333333e-01 4.641589e+02 1.140971e+02 1.137741e+02
2.782559e-04 3.333333e-01 2.154435e+03 9.219724e+01 9.196652e+01
2.782559e-04 3.333333e-01 1.000000e+04 3.026263e+01 3.019394e+01
2.782559e-04 3.333333e-01 4.641589e+04 4.190845e+00 4.183645e+00
2.782559e-04 3.333333e-01 2.154435e+05 2.734188e-01 2.729842e-01
2.782559e-04 3.333333e-01 1.000000e+06 1.496133e-02 1.493904e-02
2.782559e-04 4.444444e-01 1.000000e+00 1.549260e+01 1.524531e+01
2.782559e-04 4.444444e-01 4.641589e+00 3.406011e+01 3.372278e+01
2.782559e-04 4.444444e-01 2.154435e+01 5.930990e+01 5.891155e+01
2.782559e-04 4.444444e-01 1.000000e+02 8.626650e+01 8.582045e+01
2.782559e-04 4.444444e-01 4.641589e+02 1.030504e+02 1.026036e+02
2.782559e-04 4.444444e-01 2.154435e+03 8.325278e+01 8.293740e+01
2.782559e-04 4.444444e-01 1.000000e+04 2.733128e+01 2.723824e+01
2.782559e-04 4.444444e-01 4.641589e+04 3.855716e+00 3.846051e+00
2.782559e-04 4.444444e-01 2.154435e+05 2.519216e-01 2.513418e-01
2.782559e-04 4.444444e-01 1.000000e+06 1.380094e-02 1.377135e-02
2.782559e-04 5.555556e-01 1.000000e+00 1.369419e+01 1.341749e+01
2.782559e-04 5.555556e-01 4.641589e+00 3.114438e+01 3.071528e+01
2.782559e-04 5.555556e-01 2.154435e+01 5.384917e+01 5.335101e+01
2.782559e-04 5.555556e-01 1.000000e+02 7.829387e+01 7.774229e+01
2.782559e-04 5.555556e-01 4.641589e+02 9.347351e+01 9.292533e+01
2.782559e-04 5.555556e-01 2.154435e+03 7.555713e+01 7.517241e+01
2.782559e-04 5.555556e-01 1.000000e+04 2.482516e+01 2.471218e+01
2.782559e-04 5.555556e-01 4.641589e+04 3.566311e+00 3.554629e+00
2.782559e-04 5.555556e-01 2.154435e+05 2.334650e-01 2.327663e-01
2.782559e-04 5.555556e-01 1.000000e+06 1.280951e-02 1.277395e-02
2.782559e-04 6.666667e-01 1.000000e+00 1.204098e+01 1.174349e+01
2.782559e-04 6.666667e-01 4.641589e+00 2.866308e+01 2.816111e+01
2.782559e-04 6.666667e-01 2.154435e+01 4.915115e+01 4.857479e+01
2.782559e-04 6.666667e-01 1.000000e+02 7.146663e+01 7.083273e+01
2.782559e-04 6.666667e-01 4.641589e+02 8.536647e+01 8.473925e+01
2.782559e-04 6.666667e-01 2.154435e+03 6.911030e+01 6.867156e+01
2.782559e-04 6.666667e-01 1.000000e+04 2.274428e+01 2.261577e+01
2.782559e-04 6.666667e-01 4.641589e+04 3.322632e+00 3.309379e+00
2.782559e-04 6.666667e-01 2.154435e+05 2.180489e-01 2.172576e-01
2.782559e-04 6.666667e-01 1.000000e+06 1.198706e-02 1.194684e-02
2.782559e-04 7.777778e-01 1.000000e+00 1.053298e+01 1.022332e+01
2.782559e-04 7.777778e-01 4.641589e+00 2.661620e+01 2.606027e+01
2.782559e-04 7.777778e-01 2.154435e+01 4.521586e+01 4.458291e+01
2.782559e-04 7.777778e-01 1.000000e+02 6.578476e+01 6.509176e+01
2.782559e-04 7.777778e-01 4.641589e+02 7.872927e+01 7.804538e+01
2.782559e-04 7.777778e-01 2.154435e+03 6.391229e+01 6.343486e+01
2.782559e-04 7.777778e-01 1.000000e+04 2.108864e+01 2.094901e+01
2.782559e-04 7.777778e-01 4.641589e+04 3.124678e+00 3.110302e+00
2.782559e-04 7.777778e-01 2.154435e+05 2.056733e-01 2.048159e-01
2.782559e-04 7.777778e-01 1.000000e+06 1.133358e-02 1.129004e-02
2.782559e-04 8.888889e-01 1.000000e+00 9.170187e+00 8.856965e+00
2.782559e-04 8.888889e-01 4.641589e+00 2.500375e+01 2.441275e+01
2.782559e-04 8.888889e-01 2.154435e+01 4.204328e+01 4.137535e+01
2.782559e-04 8.888889e-01 1.000000e+02 6.124828e+01 6.051938e+01
2.782559e-04 8.888889e-01 4.641589e+02 7.356191e+01 7.284373e+01
2.782559e-04 8.888889e-01 2.154435e+03 5.996309e+01 5.946229e+01
2.782559e-04 8.888889e-01 1.000000e+04 1.985823e+01 1.971190e+01
2.782559e-04 8.888889e-01 4.641589e+04 2.972450e+00 2.957396e+00
2.782559e-04 8.888889e-01 2.154435e+05 1.963383e-01 1.954410e-01
2.782559e-04 8.888889e-01 1.000000e+06 1.084907e-02 1.080352e-02
2.782559e-04 1.000000e+00 1.000000e+00 7.952599e+00 7.644434e+00
2.782559e-04 1.000000e+00 4.641589e+00 2.382572e+01 2.321857e+01
2.782559e-04 1.000000e+00 2.154435e+01 3.963342e+01 3.895213e+01
2.782559e-04 1.000000e+00 1.000000e+02 5.785718e+01 5.711559e+01
2.782559e-04 1.000000e+00 4.641589e+02 6.986440e+01 6.913429e+01
2.782559e-04 1.000000e+00 2.154435e+03 5.726271e+01 5.675386e+01
2.782559e-04 1.000000e+00 1.000000e+04 1.905305e+01 1.890443e+01
2.782559e-04 1.000000e+00 4.641589e+04 2.865946e+00 2.850663e+00
2.782559e-04 1.000000e+00 2.154435e+05 1.900438e-01 1.891330e-01
2.782559e-04 1.000000e+00 1.000000e+06 1.053353e-02 1.048731e-02
7.742637e-04 0.000000e+00 1.000000e+00 7.328512e+00 7.254218e+00
7.742637e-04 0.000000e+00 4.641589e+00 1.519357e+01 1.525650e+01
7.742637e-04 0.000000e+00 2.154435e+01 2.550617e+01 2.556996e+01
7.742637e-04 0.000000e+00 1.000000e+02 3.544630e+01 3.550555e+01
7.742637e-04 0.000000e+00 4.641589e+02 4.096373e+01 4.101321e+01
7.742637e-04 0.000000e+00 2.154435e+03 3.210592e+01 3.213573e+01
7.742637e-04 0.000000e+00 1.000000e+04 1.026014e+01 1.026777e+01
7.742637e-04 0.000000e+00 4.641589e+04 1.301890e+00 1.302573e+00
7.742637e-04 0.000000e+00 2.154435e+05 8.295731e-02 8.299364e-02
7.742637e-04 0.000000e+00 1.000000e+06 4.446686e-03 4.448344e-03
7.742637e-04 1.111111e-01 1.000000e+00 6.609394e+00 6.506548e+00
7.742637e-04 1.111111e-01 4.641589e+00 1.379445e+01 1.377377e+01
7.742637e-04 1.111111e-01 2.154435e+01 2.310536e+01 2.307489e+01
7.742637e-04 1.111111e-01 1.000000e+02 3.207683e+01 3.203508e+01
7.742637e-04 1.111111e-01 4.641589e+02 3.697766e+01 3.692960e+01
7.742637e-04 1.111111e-01 2.154435e+03 2.893844e+01 2.890128e+01
7.742637e-04 1.111111e-01 1.000000e+04 9.238738e+00 9.227048e+00
7.742637e-04 1.111111e-01 4.641589e+04 1.190085e+00 1.188808e+00
7.742637e-04 1.111111e-01 2.154435e+05 7.585783e-02 7.577836e-02
7.742637e-04 1.111111e-01 1.000000e+06 4.067150e-03 4.062976e-03
7.742637e-04 2.222222e-01 1.000000e+00 5.933866e+00 5.806891e+00
7.742637e-04 2.222222e-01 4.641589e+00 1.251847e+01 1.242381e+01
7.742637e-04 2.222222e-01 2.154435e+01 2.091420e+01 2.080048e+01
7.742637e-04 2.222222e-01 1.000000e+02 2.901348e+01 2.888259e+01
7.742637e-04 2.222222e-01 4.641589e+02 3.337250e+01 3.323834e+01
7.742637e-04 2.222222e-01 2.154435e+03 2.608519e+01 2.598893e+01
7.742637e-04 2.222222e-01 1.000000e+04 8.321533e+00 8.292793e+00
7.742637e-04 2.222222e-01 4.641589e+04 1.089270e+00 1.086262e+00
7.742637e-04 2.222222e-01 2.154435e+05 6.947361e-02 6.929197e-02
7.742637e-04 2.222222e-01 1.000000e+06 3.726606e-03 3.717286e-03
7.742637e-04 3.333333e-01 1.000000e+00 5.301928e+00 5.155247e+00
7.742637e-04 3.333333e-01 4.641589e+00 1.136563e+01 1.120662e+01
7.742637e-04 3.333333e-01 2.154435e+01 1.893270e+01 1.874675e+01
7.742637e-04 3.333333e-01 1.000000e+02 2.625626e+01 2.604807e+01
7.742637e-04 3.333333e-01 4.641589e+02 3.014823e+01 2.993944e+01
7.742637e-04 3.333333e-01 2.154435e+03 2.354617e+01 2.339868e+01
7.742637e-04 3.333333e-01 1.000000e+04 7.508519e+00 7.464999e+00
7.742637e-04 3.333333e-01 4.641589e+04 9.994424e-01 9.949360e-01
7.742637e-04 3.333333e-01 2.154435e+05 6.380467e-02 6.353447e-02
7.742637e-04 3.333333e-01 1.000000e+06 3.425053e-03 3.411272e-03
7.742637e-04 4.444444e-01 1.000000e+00 4.713580e+00 4.551615e+00
7.742637e-04 4.444444e-01 4.641589e+00 1.033593e+01 1.012219e+01
7.742637e-04 4.444444e-01 2.154435e+01 1.716087e+01 1.691369e+01
7.742637e-04 4.444444e-01 1.000000e+02 2.380517e+01 2.353154e+01
7.742637e-04 4.444444e-01 4.641589e+02 2.730487e+01 2.703291e+01
7.742637e-04 4.444444e-01 2.154435e+03 2.132139e+01 2.113055e+01
7.742637e-04 4.444444e-01 1.000000e+04 6.799696e+00 6.743669e+00
7.742637e-04 4.444444e-01 4.641589e+04 9.206042e-01 9.148290e-01
7.742637e-04 4.444444e-01 2.154435e+05 5.885100e-02 5.850585e-02
7.742637e-04 4.444444e-01 1.000000e+06 3.162491e-03 3.144936e-03
7.742637e-04 5.555556e-01 1.000000e+00 4.168821e+00 3.995996e+00
7.742637e-04 5.555556e-01 4.641589e+00 9.429364e+00 9.170518e+00
7.742637e-04 5.555556e-01 2.154435e+01 1.559870e+01 1.530130e+01
7.742637e-04 5.555556e-01 1.000000e+02 2.166021e+01 2.133300e+01
7.742637e-04 5.555556e-01 4.641589e+02 2.484241e+01 2.451873e+01
7.742637e-04 5.555556e-01 2.154435e+03 1.941085e+01 1.918451e+01
7.742637e-04 5.555556e-01 1.000000e+04 6.195064e+00 6.128800e+00
7.742637e-04 5.555556e-01 4.641589e+04 8.527547e-01 8.459412e-01
7.742637e-04 5.555556e-01 2.154435e+05 5.461260e-02 5.420612e-02
7.742637e-04 5.555556e-01 1.000000e+06 2.938921e-03 2.918277e-03
7.742637e-04 6.666667e-01 1.000000e+00 3.667653e+00 3.488390e+00
7.742637e-04 6.666667e-01 4.641589e+00 8.645935e+00 8.351615e+00
7.742637e-04 6.666667e-01 2.154435e+01 1.424618e+01 1.390959e+01
7.742637e-04 6.666667e-01 1.000000e+02 1.982138e+01 1.945243e+01
7.742637e-04 6.666667e-01 4.641589e+02 2.276085e+01 2.239691e+01
7.742637e-04 6.666667e-01 2.154435e+03 1.781454e+01 1.756059e+01
7.742637e-04 6.666667e-01 1.000000e+04 5.694623e+00 5.620395e+00
7.742637e-04 6.666667e-01 4.641589e+04 7.958939e-01 7.882727e-01
7.742637e-04 6.666667e-01 2.154435e+05 5.108947e-02 5.063528e-02
7.742637e-04 6.666667e-01 1.000000e+06 2.754342e-03 2.731296e-03
7.742637e-04 7.777778e-01 1.000000e+00 3.210074e+00 3.028796e+00
7.742637e-04 7.777778e-01 4.641589e+00 7.985643e+00 7.665476e+00
7.742637e-04 7.777778e-01 2.154435e+01 1.310333e+01 1.273854e+01
7.742637e-04 7.777778e-01 1.000000e+02 1.828868e+01 1.788984e+01
7.742637e-04 7.777778e-01 4.641589e+02 2.106019e+01 2.066745e+01
7.742637e-04 7.777778e-01 2.154435e+03 1.653247e+01 1.625877e+01
7.742637e-04 7.777778e-01 1.000000e+04 5.298373e+00 5.218452e+00
7.742637e-04 7.777778e-01 4.641589e+04 7.500220e-01 7.418235e-01
7.742637e-04 7.777778e-01 2.154435e+05 4.828161e-02 4.779333e-02
7.742637e-04 7.777778e-01 1.000000e+06 2.608754e-03 2.583991e-03
7.742637e-04 8.888889e-01 1.000000e+00 2.796085e+00 2.617214e+00
7.742637e-04 8.888889e-01 4.641589e+00 7.448488e+00 7.112103e+00
7.742637e-04 8.888889e-01 2.154435e+01 1.217014e+01 1.178817e+01
7.742637e-04 8.888889e-01 1.000000e+02 1.706210e+01 1.664524e+01
7.742637e-04 8.888889e-01 4.641589e+02 1.974043e+01 1.933035e+01
7.742637e-04 8.888889e-01 2.154435e+03 1.556464e+01 1.527905e+01
7.742637e-04 8.888889e-01 1.000000e+04 5.006315e+00 4.922971e+00
7.742637e-04 8.888889e-01 4.641589e+04 7.151389e-01 7.065935e-01
7.742637e-04 8.888889e-01 2.154435e+05 4.618902e-02 4.568026e-02
7.742637e-04 8.888889e-01 1.000000e+06 2.502157e-03 2.476364e-03
7.742637e-04 1.000000e+00 1.000000e+00 2.425686e+00 2.253645e+00
7.742637e-04 1.000000e+00 4.641589e+00 7.034471e+00 6.691493e+00
7.742637e-04 1.000000e+00 2.154435e+01 1.144661e+01 1.105847e+01
7.742637e-04 1.000000e+00 1.000000e+02 1.614166e+01 1.571862e+01
7.742637e-04 1.000000e+00 4.641589e+02 1.880158e+01 1.838561e+01
7.742637e-04 1.000000e+00 2.154435e+03 1.491104e+01 1.462145e+01
7.742637e-04 1.000000e+00 1.000000e+04 4.818447e+00 4.733953e+00
7.742637e-04 1.000000e+00 4.641589e+04 6.912445e-01 6.825829e-01
7.742637e-04 1.000000e+00 2.154435e+05 4.481169e-02 4.429609e-02
7.742637e-04 1.000000e+00 1.000000e+06 2.434552e-03 2.408414e-03
2.154435e-03 0.000000e+00 1.000000e+00 2.092632e+00 2.033666e+00
2.154435e-03 0.000000e+00 4.641589e+00 4.543855e+00 4.548927e+00
2.154435e-03 0.000000e+00 2.154435e+01 7.183056e+00 7.190455e+00
2.154435e-03 0.000000e+00 1.000000e+02 9.469984e+00 9.476069e+00
2.154435e-03 0.000000e+00 4.641589e+02 1.047499e+01 1.047862e+01
2.154435e-03 0.000000e+00 2.154435e+03 7.919854e+00 7.921204e+00
2.154435e-03 0.000000e+00 1.000000e+04 2.455238e+00 2.455373e+00
2.154435e-03 0.000000e+00 4.641589e+04 2.993518e-01 2.993467e-01
2.154435e-03 0.000000e+00 2.154435e+05 1.864231e-02 1.864105e-02
2.154435e-03 0.000000e+00 1.000000e+06 9.792085e-04 9.791051e-04
2.154435e-03 1.111111e-01 1.000000e+00 1.889961e+00 1.817740e+00
2.154435e-03 1.111111e-01 4.641589e+00 4.130909e+00 4.093969e+00
2.154435e-03 1.111111e-01 2.154435e+01 6.523237e+00 6.482243e+00
2.154435e-03 1.111111e-01 1.000000e+02 8.593129e+00 8.546762e+00
2.154435e-03 1.111111e-01 4.641589e+02 9.481619e+00 9.434229e+00
2.154435e-03 1.111111e-01 2.154435e+03 7.157762e+00 7.123894e+00
2.154435e-03 1.111111e-01 1.000000e+04 2.216652e+00 2.206585e+00
2.154435e-03 1.111111e-01 4.641589e+04 2.739323e-01 2.728890e-01
2.154435e-03 1.111111e-01 2.154435e+05 1.706333e-02 1.700060e-02
2.154435e-03 1.111111e-01 1.000000e+06 8.964333e-04 8.932294e-04
2.154435e-03 2.222222e-01 1.000000e+00 1.699385e+00 1.616210e+00
2.154435e-03 2.222222e-01 4.641589e+00 3.751369e+00 3.677365e+00
2.154435e-03 2.222222e-01 2.154435e+01 5.919463e+00 5.835768e+00
2.154435e-03 2.222222e-01 1.000000e+02 7.795788e+00 7.703140e+00
2.154435e-03 2.222222e-01 4.641589e+02 8.583868e+00 8.491461e+00
2.154435e-03 2.222222e-01 2.154435e+03 6.472046e+00 6.407105e+00
2.154435e-03 2.222222e-01 1.000000e+04 2.002668e+00 1.983599e+00
2.154435e-03 2.222222e-01 4.641589e+04 2.510545e-01 2.490953e-01
2.154435e-03 2.222222e-01 2.154435e+05 1.564602e-02 1.552907e-02
2.154435e-03 2.222222e-01 1.000000e+06 8.222908e-04 8.163514e-04
2.154435e-03 3.333333e-01 1.000000e+00 1.520905e+00 1.429077e+00
2.154435e-03 3.333333e-01 4.641589e+00 3.405234e+00 3.299114e+00
2.154435e-03 3.333333e-01 2.154435e+01 5.371734e+00 5.251032e+00
2.154435e-03 3.333333e-01 1.000000e+02 7.077962e+00 6.945204e+00
2.154435e-03 3.333333e-01 4.641589e+02 7.781734e+00 7.650315e+00
2.154435e-03 3.333333e-01 2.154435e+03 5.862706e+00 5.770837e+00
2.154435e-03 3.333333e-01 1.000000e+04 1.813285e+00 1.786415e+00
2.154435e-03 3.333333e-01 4.641589e+04 2.307186e-01 2.279656e-01
2.154435e-03 3.333333e-01 2.154435e+05 1.439040e-02 1.422645e-02
2.154435e-03 3.333333e-01 1.000000e+06 7.567810e-04 7.484709e-04
2.154435e-03 4.444444e-01 1.000000e+00 1.354520e+00 1.256339e+00
2.154435e-03 4.444444e-01 4.641589e+00 3.092505e+00 2.959217e+00
2.154435e-03 4.444444e-01 2.154435e+01 4.880050e+00 4.728034e+00
2.154435e-03 4.444444e-01 1.000000e+02 6.439649e+00 6.272953e+00
2.154435e-03 4.444444e-01 4.641589e+02 7.075220e+00 6.910792e+00
2.154435e-03 4.444444e-01 2.154435e+03 5.329742e+00 5.215089e+00
2.154435e-03 4.444444e-01 1.000000e+04 1.648503e+00 1.615034e+00
2.154435e-03 4.444444e-01 4.641589e+04 2.129245e-01 2.094999e-01
2.154435e-03 4.444444e-01 2.154435e+05 1.329645e-02 1.309274e-02
2.154435e-03 4.444444e-01 1.000000e+06 6.999039e-04 6.895879e-04
2.154435e-03 5.555556e-01 1.000000e+00 1.200230e+00 1.097998e+00
2.154435e-03 5.555556e-01 4.641589e+00 2.813181e+00 2.657674e+00
2.154435e-03 5.555556e-01 2.154435e+01 4.444412e+00 4.266774e+00
2.154435e-03 5.555556e-01 1.000000e+02 5.880850e+00 5.686388e+00
2.154435e-03 5.555556e-01 4.641589e+02 6.464323e+00 6.272891e+00
2.154435e-03 5.555556e-01 2.154435e+03 4.873154e+00 4.739862e+00
2.154435e-03 5.555556e-01 1.000000e+04 1.508323e+00 1.469454e+00
2.154435e-03 5.555556e-01 4.641589e+04 1.976722e-01 1.936981e-01
2.154435e-03 5.555556e-01 2.154435e+05 1.236418e-02 1.212794e-02
2.154435e-03 5.555556e-01 1.000000e+06 6.516595e-04 6.397026e-04
2.154435e-03 6.666667e-01 1.000000e+00 1.058035e+00 9.540536e-01
2.154435e-03 6.666667e-01 4.641589e+00 2.567262e+00 2.394485e+00
2.154435e-03 6.666667e-01 2.154435e+01 4.064819e+00 3.867252e+00
2.154435e-03 6.666667e-01 1.000000e+02 5.401564e+00 5.185509e+00
2.154435e-03 6.666667e-01 4.641589e+02 5.949045e+00 5.736612e+00
2.154435e-03 6.666667e-01 2.154435e+03 4.492943e+00 4.345156e+00
2.154435e-03 6.666667e-01 1.000000e+04 1.392744e+00 1.349677e+00
2.154435e-03 6.666667e-01 4.641589e+04 1.849617e-01 1.805603e-01
2.154435e-03 6.666667e-01 2.154435e+05 1.159359e-02 1.133205e-02
2.154435e-03 6.666667e-01 1.000000e+06 6.120479e-04 5.988148e-04
2.154435e-03 7.777778e-01 1.000000e+00 9.279358e-01 8.245050e-01
2.154435e-03 7.777778e-01 4.641589e+00 2.354748e+00 2.169649e+00
2.154435e-03 7.777778e-01 2.154435e+01 3.741272e+00 3.529469e+00
2.154435e-03 7.777778e-01 1.000000e+02 5.001793e+00 4.770315e+00
2.154435e-03 7.777778e-01 4.641589e+02 5.529385e+00 5.301956e+00
2.154435e-03 7.777778e-01 2.154435e+03 4.189107e+00 4.030970e+00
2.154435e-03 7.777778e-01 1.000000e+04 1.301767e+00 1.255701e+00
2.154435e-03 7.777778e-01 4.641589e+04 1.747930e-01 1.700865e-01
2.154435e-03 7.777778e-01 2.154435e+05 1.098468e-02 1.070507e-02
2.154435e-03 7.777778e-01 1.000000e+06 5.810689e-04 5.669245e-04
2.154435e-03 8.888889e-01 1.000000e+00 8.099319e-01 7.093526e-01
2.154435e-03 8.888889e-01 4.641589e+00 2.175639e+00 1.983167e+00
2.154435e-03 8.888889e-01 2.154435e+01 3.473769e+00 3.253424e+00
2.154435e-03 8.888889e-01 1.000000e+02 4.681536e+00 4.440807e+00
2.154435e-03 8.888889e-01 4.641589e+02 5.205344e+00 4.968922e+00
2.154435e-03 8.888889e-01 2.154435e+03 3.961648e+00 3.797305e+00
2.154435e-03 8.888889e-01 1.000000e+04 1.235391e+00 1.187527e+00
2.154435e-03 8.888889e-01 4.641589e+04 1.671661e-01 1.622767e-01
2.154435e-03 8.888889e-01 2.154435e+05 1.053744e-02 1.024700e-02
2.154435e-03 8.888889e-01 1.000000e+06 5.587226e-04 5.440318e-04
2.154435e-03 1.000000e+00 1.000000e+00 7.040232e-01 6.085964e-01
2.154435e-03 1.000000e+00 4.641589e+00 2.029936e+00 1.835038e+00
2.154435e-03 1.000000e+00 2.154435e+01 3.262312e+00 3.039117e+00
2.154435e-03 1.000000e+00 1.000000e+02 4.440793e+00 4.196984e+00
2.154435e-03 1.000000e+00 4.641589e+02 4.976921e+00 4.737510e+00
2.154435e-03 1.000000e+00 2.154435e+03 3.810564e+00 3.644160e+00
2.154435e-03 1.000000e+00 1.000000e+04 1.193617e+00 1.145156e+00
2.154435e-03 1.000000e+00 4.641589e+04 1.620810e-01 1.571308e-01
2.154435e-03 1.000000e+00 2.154435e+05 1.025188e-02 9.957844e-03
2.154435e-03 1.000000e+00 1.000000e+06 5.450090e-04 5.301367e-04
5.994843e-03 0.000000e+00 1.000000e+00 5.935586e-01 5.584953e-01
5.994843e-03 0.000000e+00 4.641589e+00 1.350653e+00 1.344674e+00
5.994843e-03 0.000000e+00 2.154435e+01 1.980579e+00 1.975887e+00
5.994843e-03 0.000000e+00 1.000000e+02 2.461532e+00 2.456866e+00
5.994843e-03 0.000000e+00 4.641589e+02 2.595769e+00 2.591116e+00
5.994843e-03 0.000000e+00 2.154435e+03 1.887796e+00 1.884538e+00
5.994843e-03 0.000000e+00 1.000000e+04 5.664394e-01 5.654875e-01
5.994843e-03 0.000000e+00 4.641589e+04 6.590071e-02 6.580633e-02
5.994843e-03 0.000000e+00 2.154435e+05 4.003230e-03 3.997630e-03
5.994843e-03 0.000000e+00 1.000000e+06 2.057129e-04 2.054300e-04
5.994843e-03 1.111111e-01 1.000000e+00 5.378442e-01 4.959462e-01
5.994843e-03 1.111111e-01 4.641589e+00 1.231605e+00 1.203136e+00
5.994843e-03 1.111111e-01 2.154435e+01 1.806305e+00 1.775015e+00
5.994843e-03 1.111111e-01 1.000000e+02 2.243831e+00 2.209965e+00
5.994843e-03 1.111111e-01 4.641589e+02 2.360719e+00 2.327515e+00
5.994843e-03 1.111111e-01 2.154435e+03 1.714301e+00 1.691296e+00
5.994843e-03 1.111111e-01 1.000000e+04 5.138487e-01 5.071757e-01
5.994843e-03 1.111111e-01 4.641589e+04 6.046038e-02 5.978444e-02
5.994843e-03 1.111111e-01 2.154435e+05 3.673233e-03 3.633270e-03
5.994843e-03 1.111111e-01 1.000000e+06 1.887752e-04 1.867632e-04
5.994843e-03 2.222222e-01 1.000000e+00 4.851666e-01 4.376700e-01
5.994843e-03 2.222222e-01 4.641589e+00 1.121248e+00 1.072975e+00
5.994843e-03 2.222222e-01 2.154435e+01 1.646498e+00 1.591750e+00
5.994843e-03 2.222222e-01 1.000000e+02 2.045941e+00 1.986313e+00
5.994843e-03 2.222222e-01 4.641589e+02 2.148544e+00 2.090151e+00
5.994843e-03 2.222222e-01 2.154435e+03 1.558414e+00 1.517986e+00
5.994843e-03 2.222222e-01 1.000000e+04 4.667486e-01 4.550281e-01
5.994843e-03 2.222222e-01 4.641589e+04 5.557472e-02 5.438568e-02
5.994843e-03 2.222222e-01 2.154435e+05 3.377633e-03 3.307350e-03
5.994843e-03 2.222222e-01 1.000000e+06 1.736328e-04 1.700952e-04
5.994843e-03 3.333333e-01 1.000000e+00 4.355258e-01 3.836664e-01
5.994843e-03 3.333333e-01 4.641589e+00 1.019582e+00 9.541919e-01
5.994843e-03 3.333333e-01 2.154435e+01 1.501157e+00 1.426095e+00
5.994843e-03 3.333333e-01 1.000000e+02 1.867860e+00 1.785911e+00
5.994843e-03 3.333333e-01 4.641589e+02 1.959242e+00 1.879022e+00
5.994843e-03 3.333333e-01 2.154435e+03 1.420135e+00 1.364610e+00
5.994843e-03 3.333333e-01 1.000000e+04 4.251391e-01 4.090446e-01
5.994843e-03 3.333333e-01 4.641589e+04 5.124373e-02 4.961003e-02
5.994843e-03 3.333333e-01 2.154435e+05 3.116427e-03 3.019871e-03
5.994843e-03 3.333333e-01 1.000000e+06 1.602857e-04 1.554261e-04
5.994843e-03 4.444444e-01 1.000000e+00 3.889218e-01 3.339356e-01
5.994843e-03 4.444444e-01 4.641589e+00 9.266067e-01 8.467857e-01
5.994843e-03 4.444444e-01 2.154435e+01 1.370284e+00 1.278047e+00
5.994843e-03 4.444444e-01 1.000000e+02 1.709589e+00 1.608758e+00
5.994843e-03 4.444444e-01 4.641589e+02 1.792814e+00 1.694129e+00
5.994843e-03 4.444444e-01 2.154435e+03 1.299463e+00 1.231166e+00
5.994843e-03 4.444444e-01 1.000000e+04 3.890203e-01 3.692253e-01
5.994843e-03 4.444444e-01 4.641589e+04 4.746739e-02 4.545751e-02
5.994843e-03 4.444444e-01 2.154435e+05 2.889617e-03 2.770832e-03
5.994843e-03 4.444444e-01 1.000000e+06 1.487340e-04 1.427558e-04
5.994843e-03 5.555556e-01 1.000000e+00 3.453545e-01 2.884775e-01
5.994843e-03 5.555556e-01 4.641589e+00 8.423226e-01 7.507568e-01
5.994843e-03 5.555556e-01 2.154435e+01 1.253878e+00 1.147608e+00
5.994843e-03 5.555556e-01 1.000000e+02 1.571128e+00 1.454854e+00
5.994843e-03 5.555556e-01 4.641589e+02 1.649259e+00 1.535472e+00
5.994843e-03 5.555556e-01 2.154435e+03 1.196399e+00 1.117655e+00
5.994843e-03 5.555556e-01 1.000000e+04 3.583921e-01 3.355701e-01
5.994843e-03 5.555556e-01 4.641589e+04 4.424573e-02 4.192811e-02
5.994843e-03 5.555556e-01 2.154435e+05 2.697202e-03 2.560233e-03
5.994843e-03 5.555556e-01 1.000000e+06 1.389775e-04 1.320843e-04
5.994843e-03 6.666667e-01 1.000000e+00 3.048241e-01 2.472922e-01
5.994843e-03 6.666667e-01 4.641589e+00 7.667295e-01 6.661051e-01
5.994843e-03 6.666667e-01 2.154435e+01 1.151939e+00 1.034778e+00
5.994843e-03 6.666667e-01 1.000000e+02 1.452476e+00 1.324200e+00
5.994843e-03 6.666667e-01 4.641589e+02 1.528579e+00 1.403051e+00
5.994843e-03 6.666667e-01 2.154435e+03 1.110944e+00 1.024077e+00
5.994843e-03 6.666667e-01 1.000000e+04 3.332545e-01 3.080791e-01
5.994843e-03 6.666667e-01 4.641589e+04 4.157872e-02 3.902183e-02
5.994843e-03 6.666667e-01 2.154435e+05 2.539183e-03 2.388074e-03
5.994843e-03 6.666667e-01 1.000000e+06 1.310164e-04 1.234116e-04
5.994843e-03 7.777778e-01 1.000000e+00 2.673304e-01 2.103796e-01
5.994843e-03 7.777778e-01 4.641589e+00 6.998273e-01 5.928307e-01
5.994843e-03 7.777778e-01 2.154435e+01 1.064467e+00 9.395565e-01
5.994843e-03 7.777778e-01 1.000000e+02 1.353635e+00 1.216795e+00
5.994843e-03 7.777778e-01 4.641589e+02 1.430772e+00 1.296866e+00
5.994843e-03 7.777778e-01 2.154435e+03 1.043095e+00 9.504315e-01
5.994843e-03 7.777778e-01 1.000000e+04 3.136076e-01 2.867523e-01
5.994843e-03 7.777778e-01 4.641589e+04 3.946638e-02 3.673868e-02
5.994843e-03 7.777778e-01 2.154435e+05 2.415559e-03 2.254355e-03
5.994843e-03 7.777778e-01 1.000000e+06 1.248506e-04 1.167378e-04
5.994843e-03 8.888889e-01 1.000000e+00 2.328735e-01 1.777398e-01
5.994843e-03 8.888889e-01 4.641589e+00 6.416162e-01 5.309336e-01
5.994843e-03 8.888889e-01 2.154435e+01 9.914616e-01 8.619432e-01
5.994843e-03 8.888889e-01 1.000000e+02 1.274604e+00 1.132639e+00
5.994843e-03 8.888889e-01 4.641589e+02 1.355839e+00 1.216917e+00
5.994843e-03 8.888889e-01 2.154435e+03 9.928551e-01 8.967191e-01
5.994843e-03 8.888889e-01 1.000000e+04 2.994513e-01 2.715896e-01
5.994843e-03 8.888889e-01 4.641589e+04 3.790870e-02 3.507864e-02
5.994843e-03 8.888889e-01 2.154435e+05 2.326330e-03 2.159077e-03
5.994843e-03 8.888889e-01 1.000000e+06 1.204801e-04 1.120628e-04
5.994843e-03 1.000000e+00 1.000000e+00 2.014534e-01 1.493727e-01
5.994843e-03 1.000000e+00 4.641589e+00 5.920960e-01 4.804138e-01
5.994843e-03 1.000000e+00 2.154435e+01 9.329236e-01 8.019385e-01
5.994843e-03 1.000000e+00 1.000000e+02 1.215383e+00 1.071732e+00
5.994843e-03 1.000000e+00 4.641589e+02 1.303779e+00 1.163204e+00
5.994843e-03 1.000000e+00 2.154435e+03 9.602226e-01 8.629397e-01
5.994843e-03 1.000000e+00 1.000000e+04 2.907857e-01 2.625911e-01
5.994843e-03 1.000000e+00 4.641589e+04 3.690569e-02 3.404173e-02
5.994843e-03 1.000000e+00 2.154435e+05 2.271497e-03 2.102238e-03
5.994843e-03 1.000000e+00 1.000000e+06 1.179049e-04 1.093866e-04
1.668101e-02 0.000000e+00 1.000000e+00 1.750667e-01 1.668081e-01
1.668101e-02 0.000000e+00 4.641589e+00 4.117636e-01 4.084526e-01
1.668101e-02 0.000000e+00 2.154435e+01 5.440696e-01 5.410533e-01
1.668101e-02 0.000000e+00 1.000000e+02 6.292568e-01 6.262672e-01
1.668101e-02 0.000000e+00 4.641589e+02 6.280487e-01 6.251888e-01
1.668101e-02 0.000000e+00 2.154435e+03 4.371866e-01 4.352332e-01
1.668101e-02 0.000000e+00 1.000000e+04 1.265086e-01 1.259471e-01
1.668101e-02 0.000000e+00 4.641589e+04 1.388808e-02 1.383291e-02
1.668101e-02 0.000000e+00 2.154435e+05 8.205466e-04 8.172995e-04
1.668101e-02 0.000000e+00 1.000000e+06 4.115236e-05 4.098944e-05
1.668101e-02 1.111111e-01 1.000000e+00 1.598107e-01 1.463314e-01
1.668101e-02 1.111111e-01 4.641589e+00 3.782818e-01 3.612258e-01
1.668101e-02 1.111111e-01 2.154435e+01 5.005907e-01 4.813024e-01
1.668101e-02 1.111111e-01 1.000000e+02 5.789446e-01 5.582468e-01
1.668101e-02 1.111111e-01 4.641589e+02 5.767330e-01 5.567791e-01
1.668101e-02 1.111111e-01 2.154435e+03 4.009669e-01 3.873477e-01
1.668101e-02 1.111111e-01 1.000000e+04 1.159273e-01 1.120301e-01
1.668101e-02 1.111111e-01 4.641589e+04 1.282950e-02 1.243936e-02
1.668101e-02 1.111111e-01 2.154435e+05 7.580297e-04 7.352225e-04
1.668101e-02 1.111111e-01 1.000000e+06 3.801861e-05 3.688230e-05
1.668101e-02 2.222222e-01 1.000000e+00 1.452990e-01 1.273141e-01
1.668101e-02 2.222222e-01 4.641589e+00 3.470581e-01 3.178968e-01
1.668101e-02 2.222222e-01 2.154435e+01 4.607030e-01 4.270647e-01
1.668101e-02 2.222222e-01 1.000000e+02 5.332722e-01 4.969519e-01
1.668101e-02 2.222222e-01 4.641589e+02 5.304909e-01 4.954559e-01
1.668101e-02 2.222222e-01 2.154435e+03 3.684792e-01 3.445678e-01
1.668101e-02 2.222222e-01 1.000000e+04 1.064660e-01 9.962576e-02
1.668101e-02 2.222222e-01 4.641589e+04 1.188117e-02 1.119550e-02
1.668101e-02 2.222222e-01 2.154435e+05 7.021535e-04 6.620885e-04
1.668101e-02 2.222222e-01 1.000000e+06 3.522267e-05 3.322755e-05
1.668101e-02 3.333333e-01 1.000000e+00 1.315317e-01 1.097562e-01
1.668101e-02 3.333333e-01 4.641589e+00 3.180926e-01 2.784657e-01
1.668101e-02 3.333333e-01 2.154435e+01 4.244067e-01 3.783402e-01
1.668101e-02 3.333333e-01 1.000000e+02 4.922394e-01 4.423824e-01
1.668101e-02 3.333333e-01 4.641589e+02 4.893224e-01 4.412192e-01
1.668101e-02 3.333333e-01 2.154435e+03 3.397235e-01 3.068934e-01
1.668101e-02 3.333333e-01 1.000000e+04 9.812476e-02 8.873415e-02
1.668101e-02 3.333333e-01 4.641589e+04 1.104311e-02 1.010134e-02
1.668101e-02 3.333333e-01 2.154435e+05 6.529180e-04 5.978976e-04
1.668101e-02 3.333333e-01 1.000000e+06 3.276453e-05 3.002516e-05
1.668101e-02 4.444444e-01 1.000000e+00 1.185087e-01 9.365758e-02
1.668101e-02 4.444444e-01 4.641589e+00 2.913853e-01 2.429325e-01
1.668101e-02 4.444444e-01 2.154435e+01 3.917016e-01 3.351287e-01
1.668101e-02 4.444444e-01 1.000000e+02 4.558464e-01 3.945384e-01
1.668101e-02 4.444444e-01 4.641589e+02 4.532274e-01 3.940691e-01
1.668101e-02 4.444444e-01 2.154435e+03 3.146999e-01 2.743246e-01
1.668101e-02 4.444444e-01 1.000000e+04 9.090346e-02 7.935524e-02
1.668101e-02 4.444444e-01 4.641589e+04 1.031531e-02 9.156864e-03
1.668101e-02 4.444444e-01 2.154435e+05 6.103231e-04 5.426497e-04
1.668101e-02 4.444444e-01 1.000000e+06 3.064419e-05 2.727515e-05
1.668101e-02 5.555556e-01 1.000000e+00 1.062301e-01 7.901830e-02
1.668101e-02 5.555556e-01 4.641589e+00 2.669361e-01 2.112970e-01
1.668101e-02 5.555556e-01 2.154435e+01 3.625877e-01 2.974304e-01
1.668101e-02 5.555556e-01 1.000000e+02 4.240931e-01 3.534198e-01
1.668101e-02 5.555556e-01 4.641589e+02 4.222059e-01 3.540055e-01
1.668101e-02 5.555556e-01 2.154435e+03 2.934082e-01 2.468613e-01
1.668101e-02 5.555556e-01 1.000000e+04 8.480217e-02 7.148905e-02
1.668101e-02 5.555556e-01 4.641589e+04 9.697771e-03 8.362082e-03
1.668101e-02 5.555556e-01 2.154435e+05 5.743689e-04 4.963449e-04
1.668101e-02 5.555556e-01 1.000000e+06 2.886166e-05 2.497751e-05
1.668101e-02 6.666667e-01 1.000000e+00 9.469579e-02 6.583836e-02
1.668101e-02 6.666667e-01 4.641589e+00 2.447451e-01 1.835595e-01
1.668101e-02 6.666667e-01 2.154435e+01 3.370652e-01 2.652452e-01
1.668101e-02 6.666667e-01 1.000000e+02 3.969794e-01 3.190267e-01
1.668101e-02 6.666667e-01 4.641589e+02 3.962581e-01 3.210284e-01
1.668101e-02 6.666667e-01 2.154435e+03 2.758486e-01 2.245036e-01
1.668101e-02 6.666667e-01 1.000000e+04 7.982089e-02 6.513557e-02
1.668101e-02 6.666667e-01 4.641589e+04 9.190493e-03 7.716993e-03
1.668101e-02 6.666667e-01 2.154435e+05 5.450554e-04 4.589831e-04
1.668101e-02 6.666667e-01 1.000000e+06 2.741693e-05 2.313224e-05
1.668101e-02 7.777778e-01 1.000000e+00 8.390584e-02 5.411776e-02
1.668101e-02 7.777778e-01 4.641589e+00 2.248122e-01 1.597197e-01
1.668101e-02 7.777778e-01 2.154435e+01 3.151339e-01 2.385731e-01
1.668101e-02 7.777778e-01 1.000000e+02 3.745055e-01 2.913591e-01
1.668101e-02 7.777778e-01 4.641589e+02 3.753838e-01 2.951379e-01
1.668101e-02 7.777778e-01 2.154435e+03 2.620210e-01 2.072515e-01
1.668101e-02 7.777778e-01 1.000000e+04 7.595960e-02 6.029481e-02
1.668101e-02 7.777778e-01 4.641589e+04 8.793477e-03 7.221595e-03
1.668101e-02 7.777778e-01 2.154435e+05 5.223825e-04 4.305644e-04
1.668101e-02 7.777778e-01 1.000000e+06 2.631001e-05 2.173935e-05
1.668101e-02 8.888889e-01 1.000000e+00 7.386024e-02 4.385649e-02
1.668101e-02 8.888889e-01 4.641589e+00 2.071374e-01 1.397778e-01
1.668101e-02 8.888889e-01 2.154435e+01 2.967938e-01 2.174142e-01
1.668101e-02 8.888889e-01 1.000000e+02 3.566713e-01 2.704170e-01
1.668101e-02 8.888889e-01 4.641589e+02 3.595830e-01 2.763339e-01
1.668101e-02 8.888889e-01 2.154435e+03 2.519254e-01 1.951049e-01
1.668101e-02 8.888889e-01 1.000000e+04 7.321831e-02 5.696675e-02
1.668101e-02 8.888889e-01 4.641589e+04 8.506722e-03 6.875889e-03
1.668101e-02 8.888889e-01 2.154435e+05 5.063503e-04 4.110888e-04
1.668101e-02 8.888889e-01 1.000000e+06 2.554088e-05 2.079883e-05
1.668101e-02 1.000000e+00 1.000000e+00 6.455898e-02 3.505457e-02
1.668101e-02 1.000000e+00 4.641589e+00 1.917209e-01 1.237338e-01
1.668101e-02 1.000000e+00 2.154435e+01 2.820451e-01 2.017683e-01
1.668101e-02 1.000000e+00 1.000000e+02 3.434768e-01 2.562003e-01
1.668101e-02 1.000000e+00 4.641589e+02 3.488558e-01 2.646165e-01
1.668101e-02 1.000000e+00 2.154435e+03 2.455619e-01 1.880639e-01
1.668101e-02 1.000000e+00 1.000000e+04 7.159703e-02 5.515141e-02
1.668101e-02 1.000000e+00 4.641589e+04 8.330229e-03 6.679875e-03
1.668101e-02 1.000000e+00 2.154435e+05 4.969588e-04 4.005562e-04
1.668101e-02 1.000000e+00 1.000000e+06 2.510957e-05 2.031068e-05
4.641589e-02 0.000000e+00 1.000000e+00 5.877936e-02 5.583332e-02
4.641589e-02 0.000000e+00 4.641589e+00 1.290228e-01 1.265436e-01
4.641589e-02 0.000000e+00 2.154435e+01 1.500583e-01 1.480250e-01
4.641589e-02 0.000000e+00 1.000000e+02 1.596451e-01 1.576274e-01
4.641589e-02 0.000000e+00 4.641589e+02 1.498397e-01 1.478983e-01
4.641589e-02 0.000000e+00 2.154435e+03 9.937906e-02 9.806160e-02
4.641589e-02 0.000000e+00 1.000000e+04 2.764006e-02 2.726601e-02
4.641589e-02 0.000000e+00 4.641589e+04 2.831835e-03 2.795004e-03
4.641589e-02 0.000000e+00 2.154435e+05 1.622069e-04 1.600740e-04
4.641589e-02 0.000000e+00 1.000000e+06 7.919034e-06 7.813785e-06
4.641589e-02 1.111111e-01 1.000000e+00 5.440681e-02 4.803516e-02
4.641589e-02 1.111111e-01 4.641589e+00 1.203495e-01 1.093517e-01
4.641589e-02 1.111111e-01 2.154435e+01 1.404137e-01 1.286833e-01
4.641589e-02 1.111111e-01 1.000000e+02 1.495127e-01 1.373131e-01
4.641589e-02 1.111111e-01 4.641589e+02 1.402014e-01 1.287356e-01
4.641589e-02 1.111111e-01 2.154435e+03 9.293682e-02 8.529536e-02
4.641589e-02 1.111111e-01 1.000000e+04 2.584017e-02 2.370101e-02
4.641589e-02 1.111111e-01 4.641589e+04 2.658814e-03 2.448493e-03
4.641589e-02 1.111111e-01 2.154435e+05 1.523106e-04 1.402419e-04
4.641589e-02 1.111111e-01 1.000000e+06 7.436764e-06 6.845734e-06
4.641589e-02 2.222222e-01 1.000000e+00 5.022386e-02 4.086201e-02
4.641589e-02 2.222222e-01 4.641589e+00 1.122444e-01 9.374644e-02
4.641589e-02 2.222222e-01 2.154435e+01 1.315786e-01 1.112970e-01
4.641589e-02 2.222222e-01 1.000000e+02 1.403356e-01 1.191537e-01
4.641589e-02 2.222222e-01 4.641589e+02 1.315336e-01 1.116653e-01
4.641589e-02 2.222222e-01 2.154435e+03 8.716830e-02 7.394754e-02
4.641589e-02 2.222222e-01 1.000000e+04 2.423312e-02 2.053667e-02
4.641589e-02 2.222222e-01 4.641589e+04 2.504192e-03 2.140806e-03
4.641589e-02 2.222222e-01 2.154435e+05 1.434840e-04 1.226491e-04
4.641589e-02 2.222222e-01 1.000000e+06 7.007264e-06 5.987634e-06
4.641589e-02 3.333333e-01 1.000000e+00 4.623051e-02 3.431386e-02
4.641589e-02 3.333333e-01 4.641589e+00 1.047077e-01 7.972790e-02
4.641589e-02 3.333333e-01 2.154435e+01 1.235529e-01 9.586605e-02
4.641589e-02 3.333333e-01 1.000000e+02 1.321137e-01 1.031492e-01
4.641589e-02 3.333333e-01 4.641589e+02 1.238364e-01 9.668726e-02
4.641589e-02 3.333333e-01 2.154435e+03 8.207349e-02 6.401815e-02
4.641589e-02 3.333333e-01 1.000000e+04 2.281891e-02 1.777299e-02
4.641589e-02 3.333333e-01 4.641589e+04 2.367972e-03 1.871944e-03
4.641589e-02 3.333333e-01 2.154435e+05 1.357273e-04 1.072957e-04
4.641589e-02 3.333333e-01 1.000000e+06 6.630535e-06 5.239484e-06
4.641589e-02 4.444444e-01 1.000000e+00 4.242675e-02 2.839072e-02
4.641589e-02 4.444444e-01 4.641589e+00 9.773923e-02 6.729606e-02
4.641589e-02 4.444444e-01 2.154435e+01 1.163366e-01 8.239050e-02
4.641589e-02 4.444444e-01 1.000000e+02 1.248472e-01 8.929969e-02
4.641589e-02 4.444444e-01 4.641589e+02 1.171096e-01 8.380156e-02
4.641589e-02 4.444444e-01 2.154435e+03 7.765240e-02 5.550718e-02
4.641589e-02 4.444444e-01 1.000000e+04 2.159753e-02 1.540998e-02
4.641589e-02 4.444444e-01 4.641589e+04 2.250151e-03 1.641907e-03
4.641589e-02 4.444444e-01 2.154435e+05 1.290403e-04 9.418177e-05
4.641589e-02 4.444444e-01 1.000000e+06 6.306576e-06 4.601286e-06
4.641589e-02 5.555556e-01 1.000000e+00 3.881259e-02 2.309259e-02
4.641589e-02 5.555556e-01 4.641589e+00 9.133907e-02 5.645092e-02
4.641589e-02 5.555556e-01 2.154435e+01 1.099297e-01 7.087033e-02
4.641589e-02 5.555556e-01 1.000000e+02 1.185359e-01 7.760509e-02
4.641589e-02 5.555556e-01 4.641589e+02 1.113533e-01 7.300818e-02
4.641589e-02 5.555556e-01 2.154435e+03 7.390502e-02 4.841464e-02
4.641589e-02 5.555556e-01 1.000000e+04 2.056899e-02 1.344764e-02
4.641589e-02 5.555556e-01 4.641589e+04 2.150731e-03 1.450694e-03
4.641589e-02 5.555556e-01 2.154435e+05 1.234231e-04 8.330719e-05
4.641589e-02 5.555556e-01 1.000000e+06 6.035388e-06 4.073038e-06
4.641589e-02 6.666667e-01 1.000000e+00 3.538802e-02 1.841947e-02
4.641589e-02 6.666667e-01 4.641589e+00 8.550720e-02 4.719248e-02
4.641589e-02 6.666667e-01 2.154435e+01 1.043322e-01 6.130555e-02
4.641589e-02 6.666667e-01 1.000000e+02 1.131799e-01 6.806544e-02
4.641589e-02 6.666667e-01 4.641589e+02 1.065675e-01 6.430712e-02
4.641589e-02 6.666667e-01 2.154435e+03 7.083135e-02 4.274052e-02
4.641589e-02 6.666667e-01 1.000000e+04 1.973329e-02 1.188595e-02
4.641589e-02 6.666667e-01 4.641589e+04 2.069711e-03 1.298305e-03
4.641589e-02 6.666667e-01 2.154435e+05 1.188757e-04 7.467198e-05
4.641589e-02 6.666667e-01 1.000000e+06 5.816970e-06 3.654742e-06
4.641589e-02 7.777778e-01 1.000000e+00 3.215305e-02 1.437135e-02
4.641589e-02 7.777778e-01 4.641589e+00 8.024362e-02 3.952074e-02
4.641589e-02 7.777778e-01 2.154435e+01 9.954420e-02 5.369616e-02
4.641589e-02 7.777778e-01 1.000000e+02 1.087792e-01 6.068072e-02
4.641589e-02 7.777778e-01 4.641589e+02 1.027522e-01 5.769838e-02
4.641589e-02 7.777778e-01 2.154435e+03 6.843140e-02 3.848483e-02
4.641589e-02 7.777778e-01 1.000000e+04 1.909042e-02 1.072493e-02
4.641589e-02 7.777778e-01 4.641589e+04 2.007091e-03 1.184741e-03
4.641589e-02 7.777778e-01 2.154435e+05 1.153980e-04 6.827617e-05
4.641589e-02 7.777778e-01 1.000000e+06 5.651323e-06 3.346396e-06
4.641589e-02 8.888889e-01 1.000000e+00 2.910767e-02 1.094823e-02
4.641589e-02 8.888889e-01 4.641589e+00 7.554834e-02 3.343570e-02
4.641589e-02 8.888889e-01 2.154435e+01 9.556558e-02 4.804215e-02
4.641589e-02 8.888889e-01 1.000000e+02 1.053338e-01 5.545093e-02
4.641589e-02 8.888889e-01 4.641589e+02 9.990745e-02 5.318196e-02
4.641589e-02 8.888889e-01 2.154435e+03 6.670517e-02 3.564756e-02
4.641589e-02 8.888889e-01 1.000000e+04 1.864039e-02 9.964577e-03
4.641589e-02 8.888889e-01 4.641589e+04 1.962872e-03 1.110001e-03
4.641589e-02 8.888889e-01 2.154435e+05 1.129902e-04 6.411974e-05
4.641589e-02 8.888889e-01 1.000000e+06 5.538446e-06 3.148002e-06
4.641589e-02 1.000000e+00 1.000000e+00 2.625190e-02 8.150129e-03
4.641589e-02 1.000000e+00 4.641589e+00 7.142135e-02 2.893736e-02
4.641589e-02 1.000000e+00 2.154435e+01 9.239638e-02 4.434352e-02
4.641589e-02 1.000000e+00 1.000000e+02 1.028437e-01 5.237608e-02
4.641589e-02 1.000000e+00 4.641589e+02 9.803317e-02 5.075786e-02
4.641589e-02 1.000000e+00 2.154435e+03 6.565265e-02 3.422872e-02
4.641589e-02 1.000000e+00 1.000000e+04 1.838319e-02 9.604885e-03
4.641589e-02 1.000000e+00 4.641589e+04 1.937053e-03 1.074086e-03
4.641589e-02 1.000000e+00 2.154435e+05 1.116521e-04 6.220270e-05
4.641589e-02 1.000000e+00 1.000000e+06 5.478339e-06 3.059559e-06
1.291550e-01 0.000000e+00 1.000000e+00 1.913647e-02 1.879723e-02
1.291550e-01 0.000000e+00 4.641589e+00 4.043554e-02 3.856422e-02
1.291550e-01 0.000000e+00 2.154435e+01 4.116572e-02 3.963971e-02
1.291550e-01 0.000000e+00 1.000000e+02 3.991867e-02 3.854038e-02
1.291550e-01 0.000000e+00 4.641589e+02 3.503098e-02 3.383626e-02
1.291550e-01 0.000000e+00 2.154435e+03 2.201927e-02 2.127651e-02
1.291550e-01 0.000000e+00 1.000000e+04 5.858313e-03 5.662612e-03
1.291550e-01 0.000000e+00 4.641589e+04 5.594738e-04 5.412396e-04
1.291550e-01 0.000000e+00 2.154435e+05 3.092148e-05 2.992396e-05
1.291550e-01 0.000000e+00 1.000000e+06 1.463252e-06 1.416465e-06
1.291550e-01 1.111111e-01 1.000000e+00 1.799534e-02 1.582201e-02
1.291550e-01 1.111111e-01 4.641589e+00 3.854666e-02 3.223882e-02
1.291550e-01 1.111111e-01 2.154435e+01 3.948493e-02 3.315482e-02
1.291550e-01 1.111111e-01 1.000000e+02 3.839198e-02 3.222205e-02
1.291550e-01 1.111111e-01 4.641589e+02 3.371573e-02 2.824244e-02
1.291550e-01 1.111111e-01 2.154435e+03 2.120505e-02 1.773580e-02
1.291550e-01 1.111111e-01 1.000000e+04 5.644525e-03 4.715135e-03
1.291550e-01 1.111111e-01 4.641589e+04 5.399798e-04 4.519734e-04
1.291550e-01 1.111111e-01 2.154435e+05 2.985468e-05 2.497825e-05
1.291550e-01 1.111111e-01 1.000000e+06 1.413234e-06 1.181875e-06
1.291550e-01 2.222222e-01 1.000000e+00 1.690046e-02 1.311553e-02
1.291550e-01 2.222222e-01 4.641589e+00 3.678164e-02 2.657132e-02
1.291550e-01 2.222222e-01 2.154435e+01 3.794763e-02 2.738184e-02
1.291550e-01 2.222222e-01 1.000000e+02 3.701136e-02 2.661429e-02
1.291550e-01 2.222222e-01 4.641589e+02 3.253362e-02 2.328561e-02
1.291550e-01 2.222222e-01 2.154435e+03 2.047603e-02 1.460130e-02
1.291550e-01 2.222222e-01 1.000000e+04 5.453602e-03 3.876892e-03
1.291550e-01 2.222222e-01 4.641589e+04 5.225770e-04 3.730110e-04
1.291550e-01 2.222222e-01 2.154435e+05 2.890388e-05 2.060507e-05
1.291550e-01 2.222222e-01 1.000000e+06 1.368712e-06 9.745020e-07
1.291550e-01 3.333333e-01 1.000000e+00 1.585182e-02 1.067780e-02
1.291550e-01 3.333333e-01 4.641589e+00 3.514047e-02 2.156171e-02
1.291550e-01 3.333333e-01 2.154435e+01 3.655382e-02 2.232078e-02
1.291550e-01 3.333333e-01 1.000000e+02 3.577683e-02 2.171709e-02
1.291550e-01 3.333333e-01 4.641589e+02 3.148464e-02 1.896578e-02
1.291550e-01 3.333333e-01 2.154435e+03 1.983222e-02 1.187301e-02
1.291550e-01 3.333333e-01 1.000000e+04 5.285545e-03 3.147885e-03
1.291550e-01 3.333333e-01 4.641589e+04 5.072654e-04 3.043524e-04
1.291550e-01 3.333333e-01 2.154435e+05 2.806909e-05 1.680444e-05
1.291550e-01 3.333333e-01 1.000000e+06 1.329684e-06 7.943464e-07
1.291550e-01 4.444444e-01 1.000000e+00 1.484943e-02 8.508809e-03
1.291550e-01 4.444444e-01 4.641589e+00 3.362315e-02 1.721000e-02
1.291550e-01 4.444444e-01 2.154435e+01 3.530350e-02 1.797162e-02
1.291550e-01 4.444444e-01 1.000000e+02 3.468839e-02 1.753046e-02
1.291550e-01 4.444444e-01 4.641589e+02 3.056879e-02 1.528293e-02
1.291550e-01 4.444444e-01 2.154435e+03 1.927362e-02 9.550945e-03
1.291550e-01 4.444444e-01 1.000000e+04 5.140352e-03 2.528113e-03
1.291550e-01 4.444444e-01 4.641589e+04 4.940450e-04 2.459976e-04
1.291550e-01 4.444444e-01 2.154435e+05 2.735029e-05 1.357634e-05
1.291550e-01 4.444444e-01 1.000000e+06 1.296150e-06 6.414078e-07
1.291550e-01 5.555556e-01 1.000000e+00 1.389327e-02 6.608562e-03
1.291550e-01 5.555556e-01 4.641589e+00 3.222968e-02 1.351619e-02
1.291550e-01 5.555556e-01 2.154435e+01 3.419667e-02 1.433437e-02
1.291550e-01 5.555556e-01 1.000000e+02 3.374602e-02 1.405440e-02
1.291550e-01 5.555556e-01 4.641589e+02 2.978608e-02 1.223708e-02
1.291550e-01 5.555556e-01 2.154435e+03 1.880023e-02 7.635094e-03
1.291550e-01 5.555556e-01 1.000000e+04 5.018024e-03 2.017576e-03
1.291550e-01 5.555556e-01 4.641589e+04 4.829159e-04 1.979466e-04
1.291550e-01 5.555556e-01 2.154435e+05 2.674749e-05 1.092077e-05
1.291550e-01 5.555556e-01 1.000000e+06 1.268111e-06 5.156863e-07
1.291550e-01 6.666667e-01 1.000000e+00 1.298336e-02 4.977058e-03
1.291550e-01 6.666667e-01 4.641589e+00 3.096007e-02 1.048028e-02
1.291550e-01 6.666667e-01 2.154435e+01 3.323333e-02 1.140903e-02
1.291550e-01 6.666667e-01 1.000000e+02 3.294975e-02 1.128890e-02
1.291550e-01 6.666667e-01 4.641589e+02 2.913651e-02 9.828227e-03
1.291550e-01 6.666667e-01 2.154435e+03 1.841204e-02 6.125461e-03
1.291550e-01 6.666667e-01 1.000000e+04 4.918561e-03 1.616274e-03
1.291550e-01 6.666667e-01 4.641589e+04 4.738779e-04 1.601994e-04
1.291550e-01 6.666667e-01 2.154435e+05 2.626070e-05 8.837750e-06
1.291550e-01 6.666667e-01 1.000000e+06 1.245567e-06 4.171820e-07
1.291550e-01 7.777778e-01 1.000000e+00 1.211970e-02 3.614298e-03
1.291550e-01 7.777778e-01 4.641589e+00 2.981431e-02 8.102264e-03
1.291550e-01 7.777778e-01 2.154435e+01 3.241347e-02 9.195594e-03
1.291550e-01 7.777778e-01 1.000000e+02 3.229955e-02 9.233976e-03
1.291550e-01 7.777778e-01 4.641589e+02 2.862007e-02 8.056364e-03
1.291550e-01 7.777778e-01 2.154435e+03 1.810906e-02 5.022044e-03
1.291550e-01 7.777778e-01 1.000000e+04 4.841964e-03 1.324207e-03
1.291550e-01 7.777778e-01 4.641589e+04 4.669312e-04 1.327560e-04
1.291550e-01 7.777778e-01 2.154435e+05 2.588990e-05 7.327263e-06
1.291550e-01 7.777778e-01 1.000000e+06 1.228518e-06 3.458948e-07
1.291550e-01 8.888889e-01 1.000000e+00 1.130227e-02 2.520280e-03
1.291550e-01 8.888889e-01 4.641589e+00 2.879240e-02 6.382144e-03
1.291550e-01 8.888889e-01 2.154435e+01 3.173711e-02 7.694071e-03
1.291550e-01 8.888889e-01 1.000000e+02 3.179544e-02 7.889614e-03
1.291550e-01 8.888889e-01 4.641589e+02 2.823677e-02 6.921494e-03
1.291550e-01 8.888889e-01 2.154435e+03 1.789128e-02 4.324844e-03
1.291550e-01 8.888889e-01 1.000000e+04 4.788231e-03 1.141375e-03
1.291550e-01 8.888889e-01 4.641589e+04 4.620756e-04 1.156163e-04
1.291550e-01 8.888889e-01 2.154435e+05 2.563510e-05 6.389314e-06
1.291550e-01 8.888889e-01 1.000000e+06 1.216963e-06 3.018246e-07
1.291550e-01 1.000000e+00 1.000000e+00 1.053109e-02 1.695006e-03
1.291550e-01 1.000000e+00 4.641589e+00 2.789435e-02 5.319922e-03
1.291550e-01 1.000000e+00 2.154435e+01 3.120423e-02 6.904457e-03
1.291550e-01 1.000000e+00 1.000000e+02 3.143741e-02 7.255818e-03
1.291550e-01 1.000000e+00 4.641589e+02 2.798660e-02 6.423617e-03
1.291550e-01 1.000000e+00 2.154435e+03 1.775872e-02 4.033860e-03
1.291550e-01 1.000000e+00 1.000000e+04 4.757364e-03 1.067778e-03
1.291550e-01 1.000000e+00 4.641589e+04 4.593113e-04 1.087804e-04
1.291550e-01 1.000000e+00 2.154435e+05 2.549631e-05 6.023902e-06
1.291550e-01 1.000000e+00 1.000000e+06 1.210903e-06 2.849716e-07
3.593814e-01 0.000000e+00 1.000000e+00 4.584600e-03 4.791838e-03
3.593814e-01 0.000000e+00 4.641589e+00 8.748460e-03 8.767231e-03
3.593814e-01 0.000000e+00 2.154435e+01 7.441302e-03 7.338307e-03
3.593814e-01 0.000000e+00 1.000000e+02 6.261592e-03 6.128309e-03
3.593814e-01 0.000000e+00 4.641589e+02 4.915024e-03 4.810877e-03
3.593814e-01 0.000000e+00 2.154435e+03 2.819326e-03 2.759182e-03
3.593814e-01 0.000000e+00 1.000000e+04 6.943011e-04 6.793258e-04
3.593814e-01 0.000000e+00 4.641589e+04 6.112453e-05 5.978710e-05
3.593814e-01 0.000000e+00 2.154435e+05 3.180156e-06 3.109711e-06
3.593814e-01 0.000000e+00 1.000000e+06 1.426084e-07 1.394106e-07
3.593814e-01 1.111111e-01 1.000000e+00 4.471519e-03 3.862486e-03
3.593814e-01 1.111111e-01 4.641589e+00 8.610239e-03 7.023096e-03
3.593814e-01 1.111111e-01 2.154435e+01 7.344834e-03 5.872393e-03
3.593814e-01 1.111111e-01 1.000000e+02 6.187526e-03 4.904656e-03
3.593814e-01 1.111111e-01 4.641589e+02 4.857150e-03 3.850354e-03
3.593814e-01 1.111111e-01 2.154435e+03 2.786207e-03 2.208337e-03
3.593814e-01 1.111111e-01 1.000000e+04 6.861499e-04 5.437216e-04
3.593814e-01 1.111111e-01 4.641589e+04 6.042047e-05 4.788594e-05
3.593814e-01 1.111111e-01 2.154435e+05 3.143363e-06 2.491049e-06
3.593814e-01 1.111111e-01 1.000000e+06 1.409522e-07 1.116884e-07
3.593814e-01 2.222222e-01 1.000000e+00 4.349719e-03 3.019534e-03
3.593814e-01 2.222222e-01 4.641589e+00 8.473753e-03 5.471085e-03
3.593814e-01 2.222222e-01 2.154435e+01 7.254512e-03 4.574209e-03
3.593814e-01 2.222222e-01 1.000000e+02 6.119847e-03 3.822686e-03
3.593814e-01 2.222222e-01 4.641589e+02 4.804769e-03 3.001547e-03
3.593814e-01 2.222222e-01 2.154435e+03 2.756394e-03 1.721722e-03
3.593814e-01 2.222222e-01 1.000000e+04 6.788387e-04 4.239549e-04
3.593814e-01 2.222222e-01 4.641589e+04 5.979048e-05 3.737637e-05
3.593814e-01 2.222222e-01 2.154435e+05 3.110505e-06 1.944787e-06
3.593814e-01 2.222222e-01 1.000000e+06 1.394753e-07 8.721262e-08
3.593814e-01 3.333333e-01 1.000000e+00 4.219201e-03 2.262981e-03
3.593814e-01 3.333333e-01 4.641589e+00 8.339000e-03 4.111200e-03
3.593814e-01 3.333333e-01 2.154435e+01 7.170335e-03 3.443756e-03
3.593814e-01 3.333333e-01 1.000000e+02 6.058556e-03 2.882398e-03
3.593814e-01 3.333333e-01 4.641589e+02 4.757882e-03 2.264458e-03
3.593814e-01 3.333333e-01 2.154435e+03 2.729888e-03 1.299336e-03
3.593814e-01 3.333333e-01 1.000000e+04 6.723676e-04 3.200255e-04
3.593814e-01 3.333333e-01 4.641589e+04 5.923457e-05 2.825839e-05
3.593814e-01 3.333333e-01 2.154435e+05 3.081583e-06 1.470925e-06
3.593814e-01 3.333333e-01 1.000000e+06 1.381778e-07 6.598320e-08
3.593814e-01 4.444444e-01 1.000000e+00 4.079965e-03 1.592828e-03
3.593814e-01 4.444444e-01 4.641589e+00 8.205980e-03 2.943439e-03
3.593814e-01 4.444444e-01 2.154435e+01 7.092305e-03 2.481032e-03
3.593814e-01 4.444444e-01 1.000000e+02 6.003652e-03 2.083793e-03
3.593814e-01 4.444444e-01 4.641589e+02 4.716488e-03 1.639087e-03
3.593814e-01 4.444444e-01 2.154435e+03 2.706688e-03 9.411788e-04
3.593814e-01 4.444444e-01 1.000000e+04 6.667365e-04 2.319336e-04
3.593814e-01 4.444444e-01 4.641589e+04 5.875272e-05 2.053200e-05
3.593814e-01 4.444444e-01 2.154435e+05 3.056597e-06 1.069465e-06
3.593814e-01 4.444444e-01 1.000000e+06 1.370598e-07 4.800015e-08
3.593814e-01 5.555556e-01 1.000000e+00 3.932010e-03 1.009074e-03
3.593814e-01 5.555556e-01 4.641589e+00 8.074695e-03 1.967803e-03
3.593814e-01 5.555556e-01 2.154435e+01 7.020420e-03 1.686039e-03
3.593814e-01 5.555556e-01 1.000000e+02 5.955135e-03 1.426871e-03
3.593814e-01 5.555556e-01 4.641589e+02 4.680588e-03 1.125432e-03
3.593814e-01 5.555556e-01 2.154435e+03 2.686795e-03 6.472512e-04
3.593814e-01 5.555556e-01 1.000000e+04 6.619455e-04 1.596790e-04
3.593814e-01 5.555556e-01 4.641589e+04 5.834495e-05 1.419719e-05
3.593814e-01 5.555556e-01 2.154435e+05 3.035547e-06 7.404046e-07
3.593814e-01 5.555556e-01 1.000000e+06 1.361211e-07 3.326346e-08
3.593814e-01 6.666667e-01 1.000000e+00 3.775338e-03 5.117203e-04
3.593814e-01 6.666667e-01 4.641589e+00 7.945142e-03 1.184292e-03
3.593814e-01 6.666667e-01 2.154435e+01 6.954682e-03 1.058777e-03
3.593814e-01 6.666667e-01 1.000000e+02 5.913005e-03 9.116316e-04
3.593814e-01 6.666667e-01 4.641589e+02 4.650181e-03 7.234944e-04
3.593814e-01 6.666667e-01 2.154435e+03 2.670209e-03 4.175531e-04
3.593814e-01 6.666667e-01 1.000000e+04 6.579945e-04 1.032618e-04
3.593814e-01 6.666667e-01 4.641589e+04 5.801124e-05 9.253980e-06
3.593814e-01 6.666667e-01 2.154435e+05 3.018432e-06 4.837455e-07
3.593814e-01 6.666667e-01 1.000000e+06 1.353618e-07 2.177315e-08
3.593814e-01 7.777778e-01 1.000000e+00 3.609948e-03 1.007658e-04
3.593814e-01 7.777778e-01 4.641589e+00 7.817324e-03 5.929052e-04
3.593814e-01 7.777778e-01 2.154435e+01 6.895089e-03 5.992438e-04
3.593814e-01 7.777778e-01 1.000000e+02 5.877263e-03 5.380751e-04
3.593814e-01 7.777778e-01 4.641589e+02 4.625267e-03 4.332740e-04
3.593814e-01 7.777778e-01 2.154435e+03 2.656929e-03 2.520843e-04
3.593814e-01 7.777778e-01 1.000000e+04 6.548835e-04 6.268201e-05
3.593814e-01 7.777778e-01 4.641589e+04 5.775161e-05 5.702355e-06
3.593814e-01 7.777778e-01 2.154435e+05 3.005253e-06 2.994870e-07
3.593814e-01 7.777778e-01 1.000000e+06 1.347820e-07 1.352920e-08
3.593814e-01 8.888889e-01 1.000000e+00 3.435839e-03 -2.237891e-04
3.593814e-01 8.888889e-01 4.641589e+00 7.691239e-03 1.936433e-04
3.593814e-01 8.888889e-01 2.154435e+01 6.841643e-03 3.074413e-04
3.593814e-01 8.888889e-01 1.000000e+02 5.847908e-03 3.062013e-04
3.593814e-01 8.888889e-01 4.641589e+02 4.605848e-03 2.547709e-04
3.593814e-01 8.888889e-01 2.154435e+03 2.646956e-03 1.508448e-04
3.593814e-01 8.888889e-01 1.000000e+04 6.526126e-04 3.793961e-05
3.593814e-01 8.888889e-01 4.641589e+04 5.756605e-05 3.542318e-06
3.593814e-01 8.888889e-01 2.154435e+05 2.996010e-06 1.876292e-07
3.593814e-01 8.888889e-01 1.000000e+06 1.343815e-07 8.531621e-09
3.593814e-01 1.000000e+00 1.000000e+00 3.253012e-03 -4.619445e-04
3.593814e-01 1.000000e+00 4.641589e+00 7.566888e-03 -1.349386e-05
3.593814e-01 1.000000e+00 2.154435e+01 6.794342e-03 1.833690e-04
3.593814e-01 1.000000e+00 1.000000e+02 5.824940e-03 2.160103e-04
3.593814e-01 1.000000e+00 4.641589e+02 4.591921e-03 1.879849e-04
3.593814e-01 1.000000e+00 2.154435e+03 2.640290e-03 1.138347e-04
3.593814e-01 1.000000e+00 1.000000e+04 6.511818e-04 2.903459e-05
3.593814e-01 1.000000e+00 4.641589e+04 5.745457e-05 2.773870e-06
3.593814e-01 1.000000e+00 2.154435e+05 2.990703e-06 1.481722e-07
3.593814e-01 1.000000e+00 1.000000e+06 1.341605e-07 6.780410e-09
1.000000e+00 0.000000e+00 1.000000e+00 1.995165e-04 2.090345e-04
1.000000e+00 0.000000e+00 4.641589e+00 2.098303e-05 2.118325e-05
1.000000e+00 0.000000e+00 2.154435e+01 2.907475e-06 3.085014e-06
1.000000e+00 0.000000e+00 1.000000e+02 2.234379e-06 2.228278e-06
1.000000e+00 0.000000e+00 4.641589e+02 5.411429e-07 5.358530e-07
1.000000e+00 0.000000e+00 2.154435e+03 7.855278e-08 7.773084e-08
1.000000e+00 0.000000e+00 1.000000e+04 4.642180e-09 4.595390e-09
1.000000e+00 0.000000e+00 4.641589e+04 9.420875e-11 9.330459e-11
1.000000e+00 0.000000e+00 2.154435e+05 1.142694e-12 1.132320e-12
1.000000e+00 0.000000e+00 1.000000e+06 1.186407e-14 1.176195e-14
1.000000e+00 1.111111e-01 1.000000e+00 2.134522e-04 1.482237e-04
1.000000e+00 1.111111e-01 4.641589e+00 2.056849e-05 1.701201e-05
1.000000e+00 1.111111e-01 2.154435e+01 2.697095e-06 2.637691e-06
1.000000e+00 1.111111e-01 1.000000e+02 2.164958e-06 1.841177e-06
1.000000e+00 1.111111e-01 4.641589e+02 5.252507e-07 4.415900e-07
1.000000e+00 1.111111e-01 2.154435e+03 7.623646e-08 6.408084e-08
1.000000e+00 1.111111e-01 1.000000e+04 4.503553e-09 3.791506e-09
1.000000e+00 1.111111e-01 4.641589e+04 9.135898e-11 7.704967e-11
1.000000e+00 1.111111e-01 2.154435e+05 1.107724e-12 9.357688e-13
1.000000e+00 1.111111e-01 1.000000e+06 1.149700e-14 9.727355e-15
1.000000e+00 2.222222e-01 1.000000e+00 2.239747e-04 9.271605e-05
1.000000e+00 2.222222e-01 4.641589e+00 2.018770e-05 1.331594e-05
1.000000e+00 2.222222e-01 2.154435e+01 2.510953e-06 2.242464e-06
1.000000e+00 2.222222e-01 1.000000e+02 2.103691e-06 1.499606e-06
1.000000e+00 2.222222e-01 4.641589e+02 5.112278e-07 3.584164e-07
1.000000e+00 2.222222e-01 2.154435e+03 7.419265e-08 5.203672e-08
1.000000e+00 2.222222e-01 1.000000e+04 4.381234e-09 3.082197e-09
1.000000e+00 2.222222e-01 4.641589e+04 8.884447e-11 6.270709e-11
1.000000e+00 2.222222e-01 2.154435e+05 1.076867e-12 7.623412e-13
1.000000e+00 2.222222e-01 1.000000e+06 1.117311e-14 7.932125e-15
1.000000e+00 3.333333e-01 1.000000e+00 2.310841e-04 4.251145e-05
1.000000e+00 3.333333e-01 4.641589e+00 1.984064e-05 1.009501e-05
1.000000e+00 3.333333e-01 2.154435e+01 2.349049e-06 1.899334e-06
1.000000e+00 3.333333e-01 1.000000e+02 2.050580e-06 1.203564e-06
1.000000e+00 3.333333e-01 4.641589e+02 4.990744e-07 2.863323e-07
1.000000e+00 3.333333e-01 2.154435e+03 7.242134e-08 4.159848e-08
1.000000e+00 3.333333e-01 1.000000e+04 4.275225e-09 2.467462e-09
1.000000e+00 3.333333e-01 4.641589e+04 8.666523e-11 5.027685e-11
1.000000e+00 3.333333e-01 2.154435e+05 1.050125e-12 6.120373e-13
1.000000e+00 3.333333e-01 1.000000e+06 1.089240e-14 6.376258e-15
1.000000e+00 4.444444e-01 1.000000e+00 2.347803e-04 -2.390069e-06
1.000000e+00 4.444444e-01 4.641589e+00 1.952733e-05 7.349245e-06
1.000000e+00 4.444444e-01 2.154435e+01 2.211384e-06 1.608299e-06
1.000000e+00 4.444444e-01 1.000000e+02 2.005623e-06 9.530502e-07
1.000000e+00 4.444444e-01 4.641589e+02 4.887903e-07 2.253377e-07
1.000000e+00 4.444444e-01 2.154435e+03 7.092253e-08 3.276612e-08
1.000000e+00 4.444444e-01 1.000000e+04 4.185525e-09 1.947302e-09
1.000000e+00 4.444444e-01 4.641589e+04 8.482126e-11 3.975896e-11
1.000000e+00 4.444444e-01 2.154435e+05 1.027498e-12 4.848571e-13
1.000000e+00 4.444444e-01 1.000000e+06 1.065488e-14 5.059756e-15
1.000000e+00 5.555556e-01 1.000000e+00 2.350633e-04 -4.198850e-05
1.000000e+00 5.555556e-01 4.641589e+00 1.924776e-05 5.078632e-06
1.000000e+00 5.555556e-01 2.154435e+01 2.097957e-06 1.369361e-06
1.000000e+00 5.555556e-01 1.000000e+02 1.968822e-06 7.480659e-07
1.000000e+00 5.555556e-01 4.641589e+02 4.803755e-07 1.754325e-07
1.000000e+00 5.555556e-01 2.154435e+03 6.969623e-08 2.553963e-08
1.000000e+00 5.555556e-01 1.000000e+04 4.112134e-09 1.521717e-09
1.000000e+00 5.555556e-01 4.641589e+04 8.331256e-11 3.115342e-11
1.000000e+00 5.555556e-01 2.154435e+05 1.008984e-12 3.808005e-13
1.000000e+00 5.555556e-01 1.000000e+06 1.046055e-14 3.982618e-15
1.000000e+00 6.666667e-01 1.000000e+00 2.319332e-04 -7.628383e-05
1.000000e+00 6.666667e-01 4.641589e+00 1.900192e-05 3.283173e-06
1.000000e+00 6.666667e-01 2.154435e+01 2.008768e-06 1.182519e-06
1.000000e+00 6.666667e-01 1.000000e+02 1.940175e-06 5.886105e-07
1.000000e+00 6.666667e-01 4.641589e+02 4.738302e-07 1.366168e-07
1.000000e+00 6.666667e-01 2.154435e+03 6.874243e-08 1.991902e-08
1.000000e+00 6.666667e-01 1.000000e+04 4.055052e-09 1.190706e-09
1.000000e+00 6.666667e-01 4.641589e+04 8.213913e-11 2.446022e-11
1.000000e+00 6.666667e-01 2.154435e+05 9.945844e-13 2.998677e-13
1.000000e+00 6.666667e-01 1.000000e+06 1.030940e-14 3.144844e-15
1.000000e+00 7.777778e-01 1.000000e+00 2.253899e-04 -1.052761e-04
1.000000e+00 7.777778e-01 4.641589e+00 1.878984e-05 1.962869e-06
1.000000e+00 7.777778e-01 2.154435e+01 1.943818e-06 1.047774e-06
1.000000e+00 7.777778e-01 1.000000e+02 1.919684e-06 4.746841e-07
1.000000e+00 7.777778e-01 4.641589e+02 4.691542e-07 1.088906e-07
1.000000e+00 7.777778e-01 2.154435e+03 6.806114e-08 1.590429e-08
1.000000e+00 7.777778e-01 1.000000e+04 4.014279e-09 9.542696e-10
1.000000e+00 7.777778e-01 4.641589e+04 8.130097e-11 1.967936e-11
1.000000e+00 7.777778e-01 2.154435e+05 9.842990e-13 2.420586e-13
1.000000e+00 7.777778e-01 1.000000e+06 1.020144e-14 2.546435e-15
1.000000e+00 8.888889e-01 1.000000e+00 2.154335e-04 -1.289652e-04
1.000000e+00 8.888889e-01 4.641589e+00 1.861149e-05 1.117720e-06
1.000000e+00 8.888889e-01 2.154435e+01 1.903106e-06 9.651243e-07
1.000000e+00 8.888889e-01 1.000000e+02 1.907347e-06 4.062867e-07
1.000000e+00 8.888889e-01 4.641589e+02 4.663475e-07 9.225383e-08
1.000000e+00 8.888889e-01 2.154435e+03 6.765234e-08 1.349544e-08
1.000000e+00 8.888889e-01 1.000000e+04 3.989816e-09 8.124080e-10
1.000000e+00 8.888889e-01 4.641589e+04 8.079808e-11 1.681085e-11
1.000000e+00 8.888889e-01 2.154435e+05 9.781279e-13 2.073731e-13
1.000000e+00 8.888889e-01 1.000000e+06 1.013666e-14 2.187389e-15
1.000000e+00 1.000000e+00 1.000000e+00 2.020639e-04 -1.473513e-04
1.000000e+00 1.000000e+00 4.641589e+00 1.846689e-05 7.477249e-07
1.000000e+00 1.000000e+00 2.154435e+01 1.886633e-06 9.345711e-07
1.000000e+00 1.000000e+00 1.000000e+02 1.903165e-06 3.834182e-07
1.000000e+00 1.000000e+00 4.641589e+02 4.654102e-07 8.670653e-08
1.000000e+00 1.000000e+00 2.154435e+03 6.751605e-08 1.269246e-08
1.000000e+00 1.000000e+00 1.000000e+04 3.981662e-09 7.651209e-10
1.000000e+00 1.000000e+00 4.641589e+04 8.063045e-11 1.585469e-11
1.000000e+00 1.000000e+00 2.154435e+05 9.760709e-13 1.958113e-13
1.000000e+00 1.000000e+00 1.000000e+06 1.011507e-14 2.067708e-15
