# x y Q2 xsec_nu xsec_nub
1.000000e-04 0.000000e+00 1.000000e+00 1.949479e+01 1.974677e+01
1.000000e-04 0.000000e+00 4.641589e+00 6.414618e+01 6.462428e+01
1.000000e-04 0.000000e+00 2.154435e+01 1.345645e+02 1.350288e+02
1.000000e-04 0.000000e+00 1.000000e+02 2.142285e+02 2.146734e+02
1.000000e-04 0.000000e+00 4.641589e+02 2.740130e+02 2.744063e+02
1.000000e-04 0.000000e+00 2.154435e+03 2.322894e+02 2.325394e+02
1.000000e-04 0.000000e+00 1.000000e+04 7.912909e+01 7.919640e+01
1.000000e-04 0.000000e+00 4.641589e+04 9.181677e+00 9.188086e+00
1.000000e-04 0.000000e+00 2.154435e+05 6.070793e-01 6.074367e-01
1.000000e-04 0.000000e+00 1.000000e+06 3.364489e-02 3.366195e-02
1.000000e-04 1.111111e-01 1.000000e+00 1.789736e+01 1.813066e+01
1.000000e-04 1.111111e-01 4.641589e+00 5.918353e+01 5.964209e+01
1.000000e-04 1.111111e-01 2.154435e+01 1.228493e+02 1.233034e+02
1.000000e-04 1.111111e-01 1.000000e+02 1.950152e+02 1.954531e+02
1.000000e-04 1.111111e-01 4.641589e+02 2.481166e+02 2.485037e+02
1.000000e-04 1.111111e-01 2.154435e+03 2.097204e+02 2.099664e+02
1.000000e-04 1.111111e-01 1.000000e+04 7.131174e+01 7.137798e+01
1.000000e-04 1.111111e-01 4.641589e+04 8.264655e+00 8.270962e+00
1.000000e-04 1.111111e-01 2.154435e+05 5.459811e-01 5.463329e-01
1.000000e-04 1.111111e-01 1.000000e+06 3.023973e-02 3.025653e-02
1.000000e-04 2.222222e-01 1.000000e+00 1.631440e+01 1.652906e+01
1.000000e-04 2.222222e-01 4.641589e+00 5.457629e+01 5.501558e+01
1.000000e-04 2.222222e-01 2.154435e+01 1.121515e+02 1.125959e+02
1.000000e-04 2.222222e-01 1.000000e+02 1.775139e+02 1.779455e+02
1.000000e-04 2.222222e-01 4.641589e+02 2.246311e+02 2.250125e+02
1.000000e-04 2.222222e-01 2.154435e+03 1.893275e+02 1.895699e+02
1.000000e-04 2.222222e-01 1.000000e+04 6.426932e+01 6.433460e+01
1.000000e-04 2.222222e-01 4.641589e+04 7.440600e+00 7.446815e+00
1.000000e-04 2.222222e-01 2.154435e+05 4.911871e-01 4.915337e-01
1.000000e-04 2.222222e-01 1.000000e+06 2.719101e-02 2.720756e-02
1.000000e-04 3.333333e-01 1.000000e+00 1.474591e+01 1.494195e+01
1.000000e-04 3.333333e-01 4.641589e+00 5.032448e+01 5.074476e+01
1.000000e-04 3.333333e-01 2.154435e+01 1.024711e+02 1.029063e+02
1.000000e-04 3.333333e-01 1.000000e+02 1.617247e+02 1.621504e+02
1.000000e-04 3.333333e-01 4.641589e+02 2.035563e+02 2.039326e+02
1.000000e-04 3.333333e-01 2.154435e+03 1.711107e+02 1.713499e+02
1.000000e-04 3.333333e-01 1.000000e+04 5.800183e+01 5.806624e+01
1.000000e-04 3.333333e-01 4.641589e+04 6.709510e+00 6.715643e+00
1.000000e-04 3.333333e-01 2.154435e+05 4.426972e-01 4.430393e-01
1.000000e-04 3.333333e-01 1.000000e+06 2.449872e-02 2.451505e-02
1.000000e-04 4.444444e-01 1.000000e+00 1.319190e+01 1.336935e+01
1.000000e-04 4.444444e-01 4.641589e+00 4.642808e+01 4.682962e+01
1.000000e-04 4.444444e-01 2.154435e+01 9.380812e+01 9.423456e+01
1.000000e-04 4.444444e-01 1.000000e+02 1.476476e+02 1.480681e+02
1.000000e-04 4.444444e-01 4.641589e+02 1.848923e+02 1.852640e+02
1.000000e-04 4.444444e-01 2.154435e+03 1.550701e+02 1.553064e+02
1.000000e-04 4.444444e-01 1.000000e+04 5.250927e+01 5.257292e+01
1.000000e-04 4.444444e-01 4.641589e+04 6.071387e+00 6.077448e+00
1.000000e-04 4.444444e-01 2.154435e+05 4.005115e-01 4.008496e-01
1.000000e-04 4.444444e-01 1.000000e+06 2.216285e-02 2.217899e-02
1.000000e-04 5.555556e-01 1.000000e+00 1.165235e+01 1.181124e+01
1.000000e-04 5.555556e-01 4.641589e+00 4.288711e+01 4.327016e+01
1.000000e-04 5.555556e-01 2.154435e+01 8.616254e+01 8.658072e+01
1.000000e-04 5.555556e-01 1.000000e+02 1.352826e+02 1.356984e+02
1.000000e-04 5.555556e-01 4.641589e+02 1.686390e+02 1.690068e+02
1.000000e-04 5.555556e-01 2.154435e+03 1.412055e+02 1.414393e+02
1.000000e-04 5.555556e-01 1.000000e+04 4.779163e+01 4.785462e+01
1.000000e-04 5.555556e-01 4.641589e+04 5.526229e+00 5.532229e+00
1.000000e-04 5.555556e-01 2.154435e+05 3.646299e-01 3.649646e-01
1.000000e-04 5.555556e-01 1.000000e+06 2.018341e-02 2.019939e-02
1.000000e-04 6.666667e-01 1.000000e+00 1.012728e+01 1.026763e+01
1.000000e-04 6.666667e-01 4.641589e+00 3.970155e+01 4.006639e+01
1.000000e-04 6.666667e-01 2.154435e+01 7.953436e+01 7.994476e+01
1.000000e-04 6.666667e-01 1.000000e+02 1.246297e+02 1.250414e+02
1.000000e-04 6.666667e-01 4.641589e+02 1.547966e+02 1.551608e+02
1.000000e-04 6.666667e-01 2.154435e+03 1.295170e+02 1.297487e+02
1.000000e-04 6.666667e-01 1.000000e+04 4.384893e+01 4.391136e+01
1.000000e-04 6.666667e-01 4.641589e+04 5.074038e+00 5.079986e+00
1.000000e-04 6.666667e-01 2.154435e+05 3.350524e-01 3.353843e-01
1.000000e-04 6.666667e-01 1.000000e+06 1.856040e-02 1.857625e-02
1.000000e-04 7.777778e-01 1.000000e+00 8.616674e+00 8.738526e+00
1.000000e-04 7.777778e-01 4.641589e+00 3.687141e+01 3.721830e+01
1.000000e-04 7.777778e-01 2.154435e+01 7.392359e+01 7.432669e+01
1.000000e-04 7.777778e-01 1.000000e+02 1.156889e+02 1.160970e+02
1.000000e-04 7.777778e-01 4.641589e+02 1.433649e+02 1.437262e+02
1.000000e-04 7.777778e-01 2.154435e+03 1.200046e+02 1.202345e+02
1.000000e-04 7.777778e-01 1.000000e+04 4.068115e+01 4.074313e+01
1.000000e-04 7.777778e-01 4.641589e+04 4.714812e+00 4.720719e+00
1.000000e-04 7.777778e-01 2.154435e+05 3.117791e-01 3.121088e-01
1.000000e-04 7.777778e-01 1.000000e+06 1.729382e-02 1.730956e-02
1.000000e-04 8.888889e-01 1.000000e+00 7.120542e+00 7.223920e+00
1.000000e-04 8.888889e-01 4.641589e+00 3.439669e+01 3.472590e+01
1.000000e-04 8.888889e-01 2.154435e+01 6.933022e+01 6.972651e+01
1.000000e-04 8.888889e-01 1.000000e+02 1.084603e+02 1.088652e+02
1.000000e-04 8.888889e-01 4.641589e+02 1.343440e+02 1.347029e+02
1.000000e-04 8.888889e-01 2.154435e+03 1.126683e+02 1.128968e+02
1.000000e-04 8.888889e-01 1.000000e+04 3.828830e+01 3.834993e+01
1.000000e-04 8.888889e-01 4.641589e+04 4.448552e+00 4.454429e+00
1.000000e-04 8.888889e-01 2.154435e+05 2.948100e-01 2.951379e-01
1.000000e-04 8.888889e-01 1.000000e+06 1.638366e-02 1.639933e-02
1.000000e-04 1.000000e+00 1.000000e+00 5.638881e+00 5.723813e+00
1.000000e-04 1.000000e+00 4.641589e+00 3.227740e+01 3.258918e+01
1.000000e-04 1.000000e+00 2.154435e+01 6.575425e+01 6.614421e+01
1.000000e-04 1.000000e+00 1.000000e+02 1.029437e+02 1.033462e+02
1.000000e-04 1.000000e+00 4.641589e+02 1.277338e+02 1.280909e+02
1.000000e-04 1.000000e+00 2.154435e+03 1.075081e+02 1.077356e+02
1.000000e-04 1.000000e+00 1.000000e+04 3.667038e+01 3.673176e+01
1.000000e-04 1.000000e+00 4.641589e+04 4.275259e+00 4.281114e+00
1.000000e-04 1.000000e+00 2.154435e+05 2.841450e-01 2.844718e-01
1.000000e-04 1.000000e+00 1.000000e+06 1.582994e-02 1.584555e-02
2.782559e-04 0.000000e+00 1.000000e+00 6.792879e+00 6.865497e+00
2.782559e-04 0.000000e+00 4.641589e+00 1.904641e+01 1.920960e+01
2.782559e-04 0.000000e+00 2.154435e+01 3.806490e+01 3.822230e+01
2.782559e-04 0.000000e+00 1.000000e+02 5.827923e+01 5.842547e+01
2.782559e-04 0.000000e+00 4.641589e+02 7.199397e+01 7.211836e+01
2.782559e-04 0.000000e+00 2.154435e+03 5.926712e+01 5.934327e+01
2.782559e-04 0.000000e+00 1.000000e+04 1.968765e+01 1.970742e+01
2.782559e-04 0.000000e+00 4.641589e+04 2.234859e+00 2.236674e+00
2.782559e-04 0.000000e+00 2.154435e+05 1.449283e-01 1.450260e-01
2.782559e-04 0.000000e+00 1.000000e+06 7.894512e-03 7.899011e-03
2.782559e-04 1.111111e-01 1.000000e+00 6.215270e+00 6.282469e+00
2.782559e-04 1.111111e-01 4.641589e+00 1.760744e+01 1.776398e+01
2.782559e-04 1.111111e-01 2.154435e+01 3.486626e+01 3.502031e+01
2.782559e-04 1.111111e-01 1.000000e+02 5.321555e+01 5.335963e+01
2.782559e-04 1.111111e-01 4.641589e+02 6.536542e+01 6.548791e+01
2.782559e-04 1.111111e-01 2.154435e+03 5.363706e+01 5.371201e+01
2.782559e-04 1.111111e-01 1.000000e+04 1.778110e+01 1.780056e+01
2.782559e-04 1.111111e-01 4.641589e+04 2.015641e+00 2.017427e+00
2.782559e-04 1.111111e-01 2.154435e+05 1.305813e-01 1.306773e-01
2.782559e-04 1.111111e-01 1.000000e+06 7.107639e-03 7.112061e-03
2.782559e-04 2.222222e-01 1.000000e+00 5.643963e+00 5.705736e+00
2.782559e-04 2.222222e-01 4.641589e+00 1.626260e+01 1.641257e+01
2.782559e-04 2.222222e-01 2.154435e+01 3.193441e+01 3.208527e+01
2.782559e-04 2.222222e-01 1.000000e+02 4.859533e+01 4.873742e+01
2.782559e-04 2.222222e-01 4.641589e+02 5.935163e+01 5.947239e+01
2.782559e-04 2.222222e-01 2.154435e+03 4.855101e+01 4.862488e+01
2.782559e-04 2.222222e-01 1.000000e+04 1.606446e+01 1.608363e+01
2.782559e-04 2.222222e-01 4.641589e+04 1.818782e+00 1.820541e+00
2.782559e-04 2.222222e-01 2.154435e+05 1.177242e-01 1.178187e-01
2.782559e-04 2.222222e-01 1.000000e+06 6.403676e-03 6.408030e-03
2.782559e-04 3.333333e-01 1.000000e+00 5.078957e+00 5.135299e+00
2.782559e-04 3.333333e-01 4.641589e+00 1.501191e+01 1.515537e+01
2.782559e-04 3.333333e-01 2.154435e+01 2.926937e+01 2.941719e+01
2.782559e-04 3.333333e-01 1.000000e+02 4.441856e+01 4.455885e+01
2.782559e-04 3.333333e-01 4.641589e+02 5.395260e+01 5.407180e+01
2.782559e-04 3.333333e-01 2.154435e+03 4.400897e+01 4.408189e+01
2.782559e-04 3.333333e-01 1.000000e+04 1.453773e+01 1.455665e+01
2.782559e-04 3.333333e-01 4.641589e+04 1.644281e+00 1.646017e+00
2.782559e-04 3.333333e-01 2.154435e+05 1.063570e-01 1.064503e-01
2.782559e-04 3.333333e-01 1.000000e+06 5.782622e-03 5.786916e-03
2.782559e-04 4.444444e-01 1.000000e+00 4.520253e+00 4.571158e+00
2.782559e-04 4.444444e-01 4.641589e+00 1.385536e+01 1.399238e+01
2.782559e-04 4.444444e-01 2.154435e+01 2.687114e+01 2.701607e+01
2.782559e-04 4.444444e-01 1.000000e+02 4.068525e+01 4.082390e+01
2.782559e-04 4.444444e-01 4.641589e+02 4.916833e+01 4.928615e+01
2.782559e-04 4.444444e-01 2.154435e+03 4.001095e+01 4.008302e+01
2.782559e-04 4.444444e-01 1.000000e+04 1.320091e+01 1.321961e+01
2.782559e-04 4.444444e-01 4.641589e+04 1.492139e+00 1.493854e+00
2.782559e-04 4.444444e-01 2.154435e+05 9.647989e-02 9.657209e-02
2.782559e-04 4.444444e-01 1.000000e+06 5.244478e-03 5.248720e-03
2.782559e-04 5.555556e-01 1.000000e+00 3.967850e+00 4.013311e+00
2.782559e-04 5.555556e-01 4.641589e+00 1.279295e+01 1.292360e+01
2.782559e-04 5.555556e-01 2.154435e+01 2.473970e+01 2.488190e+01
2.782559e-04 5.555556e-01 1.000000e+02 3.739538e+01 3.753259e+01
2.782559e-04 5.555556e-01 4.641589e+02 4.499882e+01 4.511543e+01
2.782559e-04 5.555556e-01 2.154435e+03 3.655695e+01 3.662828e+01
2.782559e-04 5.555556e-01 1.000000e+04 1.205400e+01 1.207251e+01
2.782559e-04 5.555556e-01 4.641589e+04 1.362355e+00 1.364053e+00
2.782559e-04 5.555556e-01 2.154435e+05 8.809273e-02 8.818399e-02
2.782559e-04 5.555556e-01 1.000000e+06 4.789243e-03 4.793441e-03
2.782559e-04 6.666667e-01 1.000000e+00 3.421749e+00 3.461761e+00
2.782559e-04 6.666667e-01 4.641589e+00 1.182468e+01 1.194903e+01
2.782559e-04 6.666667e-01 2.154435e+01 2.287507e+01 2.301470e+01
2.782559e-04 6.666667e-01 1.000000e+02 3.454897e+01 3.468491e+01
2.782559e-04 6.666667e-01 4.641589e+02 4.144406e+01 4.155964e+01
2.782559e-04 6.666667e-01 2.154435e+03 3.364695e+01 3.371767e+01
2.782559e-04 6.666667e-01 1.000000e+04 1.109700e+01 1.111535e+01
2.782559e-04 6.666667e-01 4.641589e+04 1.254929e+00 1.256613e+00
2.782559e-04 6.666667e-01 2.154435e+05 8.119555e-02 8.128605e-02
2.782559e-04 6.666667e-01 1.000000e+06 4.416917e-03 4.421080e-03
2.782559e-04 7.777778e-01 1.000000e+00 2.881949e+00 2.916505e+00
2.782559e-04 7.777778e-01 4.641589e+00 1.095055e+01 1.106867e+01
2.782559e-04 7.777778e-01 2.154435e+01 2.127724e+01 2.141445e+01
2.782559e-04 7.777778e-01 1.000000e+02 3.214600e+01 3.228086e+01
2.782559e-04 7.777778e-01 4.641589e+02 3.850406e+01 3.861878e+01
2.782559e-04 7.777778e-01 2.154435e+03 3.128098e+01 3.135119e+01
2.782559e-04 7.777778e-01 1.000000e+04 1.032991e+01 1.034813e+01
2.782559e-04 7.777778e-01 4.641589e+04 1.169861e+00 1.171534e+00
2.782559e-04 7.777778e-01 2.154435e+05 7.578836e-02 7.587827e-02
2.782559e-04 7.777778e-01 1.000000e+06 4.127500e-03 4.131637e-03
2.782559e-04 8.888889e-01 1.000000e+00 2.348450e+00 2.377546e+00
2.782559e-04 8.888889e-01 4.641589e+00 1.017056e+01 1.028252e+01
2.782559e-04 8.888889e-01 2.154435e+01 1.994621e+01 2.008116e+01
2.782559e-04 8.888889e-01 1.000000e+02 3.018649e+01 3.032044e+01
2.782559e-04 8.888889e-01 4.641589e+02 3.617882e+01 3.629285e+01
2.782559e-04 8.888889e-01 2.154435e+03 2.945901e+01 2.952885e+01
2.782559e-04 8.888889e-01 1.000000e+04 9.752729e+00 9.770858e+00
2.782559e-04 8.888889e-01 4.641589e+04 1.107152e+00 1.108817e+00
2.782559e-04 8.888889e-01 2.154435e+05 7.187115e-02 7.196065e-02
2.782559e-04 8.888889e-01 1.000000e+06 3.920993e-03 3.925111e-03
2.782559e-04 1.000000e+00 1.000000e+00 1.821253e+00 1.844882e+00
2.782559e-04 1.000000e+00 4.641589e+00 9.484715e+00 9.590574e+00
2.782559e-04 1.000000e+00 2.154435e+01 1.888198e+01 1.901482e+01
2.782559e-04 1.000000e+00 1.000000e+02 2.867043e+01 2.880365e+01
2.782559e-04 1.000000e+00 4.641589e+02 3.446833e+01 3.458185e+01
2.782559e-04 1.000000e+00 2.154435e+03 2.818106e+01 2.825063e+01
2.782559e-04 1.000000e+00 1.000000e+04 9.365458e+00 9.383525e+00
2.782559e-04 1.000000e+00 4.641589e+04 1.066801e+00 1.068461e+00
2.782559e-04 1.000000e+00 2.154435e+05 6.944392e-02 6.953318e-02
2.782559e-04 1.000000e+00 1.000000e+06 3.797395e-03 3.801503e-03
7.742637e-04 0.000000e+00 1.000000e+00 2.205867e+00 2.208697e+00
7.742637e-04 0.000000e+00 4.641589e+00 5.498007e+00 5.534223e+00
7.742637e-04 0.000000e+00 2.154435e+01 1.053950e+01 1.057485e+01
7.742637e-04 0.000000e+00 1.000000e+02 1.547442e+01 1.550413e+01
7.742637e-04 0.000000e+00 4.641589e+02 1.841434e+01 1.843596e+01
7.742637e-04 0.000000e+00 2.154435e+03 1.469286e+01 1.470391e+01
7.742637e-04 0.000000e+00 1.000000e+04 4.752249e+00 4.754552e+00
7.742637e-04 0.000000e+00 4.641589e+04 5.270793e-01 5.272382e-01
7.742637e-04 0.000000e+00 2.154435e+05 3.348873e-02 3.349441e-02
7.742637e-04 0.000000e+00 1.000000e+06 1.791230e-03 1.791355e-03
7.742637e-04 1.111111e-01 1.000000e+00 2.011983e+00 2.014572e+00
7.742637e-04 1.111111e-01 4.641589e+00 5.092147e+00 5.126888e+00
7.742637e-04 1.111111e-01 2.154435e+01 9.689622e+00 9.724312e+00
7.742637e-04 1.111111e-01 1.000000e+02 1.418096e+01 1.421032e+01
7.742637e-04 1.111111e-01 4.641589e+02 1.677383e+01 1.679518e+01
7.742637e-04 1.111111e-01 2.154435e+03 1.333715e+01 1.334804e+01
7.742637e-04 1.111111e-01 1.000000e+04 4.304000e+00 4.306265e+00
7.742637e-04 1.111111e-01 4.641589e+04 4.766149e-01 4.767706e-01
7.742637e-04 1.111111e-01 2.154435e+05 3.024738e-02 3.025290e-02
7.742637e-04 1.111111e-01 1.000000e+06 1.616428e-03 1.616547e-03
7.742637e-04 2.222222e-01 1.000000e+00 1.820490e+00 1.822827e+00
7.742637e-04 2.222222e-01 4.641589e+00 4.709579e+00 4.742848e+00
7.742637e-04 2.222222e-01 2.154435e+01 8.907124e+00 8.941180e+00
7.742637e-04 2.222222e-01 1.000000e+02 1.299859e+01 1.302764e+01
7.742637e-04 2.222222e-01 4.641589e+02 1.528495e+01 1.530604e+01
7.742637e-04 2.222222e-01 2.154435e+03 1.211282e+01 1.212357e+01
7.742637e-04 2.222222e-01 1.000000e+04 3.900654e+00 3.902884e+00
7.742637e-04 2.222222e-01 4.641589e+04 4.313325e-01 4.314854e-01
7.742637e-04 2.222222e-01 2.154435e+05 2.734506e-02 2.735045e-02
7.742637e-04 2.222222e-01 1.000000e+06 1.460176e-03 1.460290e-03
7.742637e-04 3.333333e-01 1.000000e+00 1.631386e+00 1.633461e+00
7.742637e-04 3.333333e-01 4.641589e+00 4.350304e+00 4.382100e+00
7.742637e-04 3.333333e-01 2.154435e+01 8.192006e+00 8.225457e+00
7.742637e-04 3.333333e-01 1.000000e+02 1.192731e+01 1.195609e+01
7.742637e-04 3.333333e-01 4.641589e+02 1.394768e+01 1.396856e+01
7.742637e-04 3.333333e-01 2.154435e+03 1.101988e+01 1.103050e+01
7.742637e-04 3.333333e-01 1.000000e+04 3.542209e+00 3.544411e+00
7.742637e-04 3.333333e-01 4.641589e+04 3.912321e-01 3.913826e-01
7.742637e-04 3.333333e-01 2.154435e+05 2.478179e-02 2.478707e-02
7.742637e-04 3.333333e-01 1.000000e+06 1.322476e-03 1.322585e-03
7.742637e-04 4.444444e-01 1.000000e+00 1.444673e+00 1.446475e+00
7.742637e-04 4.444444e-01 4.641589e+00 4.014321e+00 4.044647e+00
7.742637e-04 4.444444e-01 2.154435e+01 7.544269e+00 7.577142e+00
7.742637e-04 4.444444e-01 1.000000e+02 1.096712e+01 1.099566e+01
7.742637e-04 4.444444e-01 4.641589e+02 1.276203e+01 1.278273e+01
7.742637e-04 4.444444e-01 2.154435e+03 1.005831e+01 1.006883e+01
7.742637e-04 4.444444e-01 1.000000e+04 3.228666e+00 3.230845e+00
7.742637e-04 4.444444e-01 4.641589e+04 3.563135e-01 3.564622e-01
7.742637e-04 4.444444e-01 2.154435e+05 2.255756e-02 2.256275e-02
7.742637e-04 4.444444e-01 1.000000e+06 1.203326e-03 1.203432e-03
7.742637e-04 5.555556e-01 1.000000e+00 1.260351e+00 1.261869e+00
7.742637e-04 5.555556e-01 4.641589e+00 3.701630e+00 3.730488e+00
7.742637e-04 5.555556e-01 2.154435e+01 6.963912e+00 6.996235e+00
7.742637e-04 5.555556e-01 1.000000e+02 1.011803e+01 1.014636e+01
7.742637e-04 5.555556e-01 4.641589e+02 1.172800e+01 1.174854e+01
7.742637e-04 5.555556e-01 2.154435e+03 9.228117e+00 9.238560e+00
7.742637e-04 5.555556e-01 1.000000e+04 2.960026e+00 2.962186e+00
7.742637e-04 5.555556e-01 4.641589e+04 3.265769e-01 3.267242e-01
7.742637e-04 5.555556e-01 2.154435e+05 2.067236e-02 2.067749e-02
7.742637e-04 5.555556e-01 1.000000e+06 1.102727e-03 1.102830e-03
7.742637e-04 6.666667e-01 1.000000e+00 1.078419e+00 1.079643e+00
7.742637e-04 6.666667e-01 4.641589e+00 3.412231e+00 3.439622e+00
7.742637e-04 6.666667e-01 2.154435e+01 6.450936e+00 6.482736e+00
7.742637e-04 6.666667e-01 1.000000e+02 9.380026e+00 9.408184e+00
7.742637e-04 6.666667e-01 4.641589e+02 1.084559e+01 1.086601e+01
7.742637e-04 6.666667e-01 2.154435e+03 8.529305e+00 8.539686e+00
7.742637e-04 6.666667e-01 1.000000e+04 2.736287e+00 2.738434e+00
7.742637e-04 6.666667e-01 4.641589e+04 3.020223e-01 3.021685e-01
7.742637e-04 6.666667e-01 2.154435e+05 1.912621e-02 1.913129e-02
7.742637e-04 6.666667e-01 1.000000e+06 1.020678e-03 1.020780e-03
7.742637e-04 7.777778e-01 1.000000e+00 8.988770e-01 8.997960e-01
7.742637e-04 7.777778e-01 4.641589e+00 3.146125e+00 3.172049e+00
7.742637e-04 7.777778e-01 2.154435e+01 6.005341e+00 6.036646e+00
7.742637e-04 7.777778e-01 1.000000e+02 8.753116e+00 8.781133e+00
7.742637e-04 7.777778e-01 4.641589e+02 1.011480e+01 1.013513e+01
7.742637e-04 7.777778e-01 2.154435e+03 7.961872e+00 7.972209e+00
7.742637e-04 7.777778e-01 1.000000e+04 2.557451e+00 2.559589e+00
7.742637e-04 7.777778e-01 4.641589e+04 2.826495e-01 2.827953e-01
7.742637e-04 7.777778e-01 2.154435e+05 1.791909e-02 1.792416e-02
7.742637e-04 7.777778e-01 1.000000e+06 9.571802e-04 9.572823e-04
7.742637e-04 8.888889e-01 1.000000e+00 7.217256e-01 7.223291e-01
7.742637e-04 8.888889e-01 4.641589e+00 2.903311e+00 2.927771e+00
7.742637e-04 8.888889e-01 2.154435e+01 5.627127e+00 5.657964e+00
7.742637e-04 8.888889e-01 1.000000e+02 8.237298e+00 8.265208e+00
7.742637e-04 8.888889e-01 4.641589e+02 9.535628e+00 9.555893e+00
7.742637e-04 8.888889e-01 2.154435e+03 7.525817e+00 7.536131e+00
7.742637e-04 8.888889e-01 1.000000e+04 2.423516e+00 2.425651e+00
7.742637e-04 8.888889e-01 4.641589e+04 2.684587e-01 2.686044e-01
7.742637e-04 8.888889e-01 2.154435e+05 1.705102e-02 1.705609e-02
7.742637e-04 8.888889e-01 1.000000e+06 9.122331e-04 9.123359e-04
7.742637e-04 1.000000e+00 1.000000e+00 5.469646e-01 5.472420e-01
7.742637e-04 1.000000e+00 4.641589e+00 2.683790e+00 2.706786e+00
7.742637e-04 1.000000e+00 2.154435e+01 5.316294e+00 5.346690e+00
7.742637e-04 1.000000e+00 1.000000e+02 7.832572e+00 7.860408e+00
7.742637e-04 1.000000e+00 4.641589e+02 9.108073e+00 9.128309e+00
7.742637e-04 1.000000e+00 2.154435e+03 7.221141e+00 7.231451e+00
7.742637e-04 1.000000e+00 1.000000e+04 2.334484e+00 2.336621e+00
7.742637e-04 1.000000e+00 4.641589e+04 2.594498e-01 2.595959e-01
7.742637e-04 1.000000e+00 2.154435e+05 1.652198e-02 1.652709e-02
7.742637e-04 1.000000e+00 1.000000e+06 8.858367e-04 8.859412e-04
2.154435e-03 0.000000e+00 1.000000e+00 6.414682e-01 6.276412e-01
2.154435e-03 0.000000e+00 4.641589e+00 1.516238e+00 1.508413e+00
2.154435e-03 0.000000e+00 2.154435e+01 2.807510e+00 2.801149e+00
2.154435e-03 0.000000e+00 1.000000e+02 3.951972e+00 3.943704e+00
2.154435e-03 0.000000e+00 4.641589e+02 4.520338e+00 4.510341e+00
2.154435e-03 0.000000e+00 2.154435e+03 3.489850e+00 3.481960e+00
2.154435e-03 0.000000e+00 1.000000e+04 1.097450e+00 1.094945e+00
2.154435e-03 0.000000e+00 4.641589e+04 1.187790e-01 1.185065e-01
2.154435e-03 0.000000e+00 2.154435e+05 7.386133e-03 7.369156e-03
2.154435e-03 0.000000e+00 1.000000e+06 3.875487e-04 3.866570e-04
2.154435e-03 1.111111e-01 1.000000e+00 5.839252e-01 5.711117e-01
2.154435e-03 1.111111e-01 4.641589e+00 1.406975e+00 1.399464e+00
2.154435e-03 1.111111e-01 2.154435e+01 2.591590e+00 2.585420e+00
2.154435e-03 1.111111e-01 1.000000e+02 3.637044e+00 3.628955e+00
2.154435e-03 1.111111e-01 4.641589e+02 4.134194e+00 4.124367e+00
2.154435e-03 1.111111e-01 2.154435e+03 3.179886e+00 3.172113e+00
2.154435e-03 1.111111e-01 1.000000e+04 9.975206e-01 9.950494e-01
2.154435e-03 1.111111e-01 4.641589e+04 1.077764e-01 1.075074e-01
2.154435e-03 1.111111e-01 2.154435e+05 6.693244e-03 6.676469e-03
2.154435e-03 1.111111e-01 1.000000e+06 3.508393e-04 3.499578e-04
2.154435e-03 2.222222e-01 1.000000e+00 5.271263e-01 5.153191e-01
2.154435e-03 2.222222e-01 4.641589e+00 1.302813e+00 1.295602e+00
2.154435e-03 2.222222e-01 2.154435e+01 2.391698e+00 2.385707e+00
2.154435e-03 2.222222e-01 1.000000e+02 3.348556e+00 3.340637e+00
2.154435e-03 2.222222e-01 4.641589e+02 3.783617e+00 3.773951e+00
2.154435e-03 2.222222e-01 2.154435e+03 2.900070e+00 2.892406e+00
2.154435e-03 2.222222e-01 1.000000e+04 9.076657e-01 9.052258e-01
2.154435e-03 2.222222e-01 4.641589e+04 9.791219e-02 9.764630e-02
2.154435e-03 2.222222e-01 2.154435e+05 6.073396e-03 6.056807e-03
2.154435e-03 2.222222e-01 1.000000e+06 3.180558e-04 3.171836e-04
2.154435e-03 3.333333e-01 1.000000e+00 4.710717e-01 4.602634e-01
2.154435e-03 3.333333e-01 4.641589e+00 1.203752e+00 1.196829e+00
2.154435e-03 3.333333e-01 2.154435e+01 2.207832e+00 2.202011e+00
2.154435e-03 3.333333e-01 1.000000e+02 3.086509e+00 3.078749e+00
2.154435e-03 3.333333e-01 4.641589e+02 3.468608e+00 3.459091e+00
2.154435e-03 3.333333e-01 2.154435e+03 2.650401e+00 2.642838e+00
2.154435e-03 3.333333e-01 1.000000e+04 8.278855e-01 8.254744e-01
2.154435e-03 3.333333e-01 4.641589e+04 8.918624e-02 8.892325e-02
2.154435e-03 3.333333e-01 2.154435e+05 5.526588e-03 5.510168e-03
2.154435e-03 3.333333e-01 1.000000e+06 2.891982e-04 2.883344e-04
2.154435e-03 4.444444e-01 1.000000e+00 4.157611e-01 4.059446e-01
2.154435e-03 4.444444e-01 4.641589e+00 1.109793e+00 1.103143e+00
2.154435e-03 4.444444e-01 2.154435e+01 2.039993e+00 2.034332e+00
2.154435e-03 4.444444e-01 1.000000e+02 2.850903e+00 2.843291e+00
2.154435e-03 4.444444e-01 4.641589e+02 3.189165e+00 3.179787e+00
2.154435e-03 4.444444e-01 2.154435e+03 2.430879e+00 2.423409e+00
2.154435e-03 4.444444e-01 1.000000e+04 7.581799e-01 7.557953e-01
2.154435e-03 4.444444e-01 4.641589e+04 8.159858e-02 8.133823e-02
2.154435e-03 4.444444e-01 2.154435e+05 5.052821e-03 5.036555e-03
2.154435e-03 4.444444e-01 1.000000e+06 2.642664e-04 2.634102e-04
2.154435e-03 5.555556e-01 1.000000e+00 3.611947e-01 3.523627e-01
2.154435e-03 5.555556e-01 4.641589e+00 1.020934e+00 1.014546e+00
2.154435e-03 5.555556e-01 2.154435e+01 1.888181e+00 1.882670e+00
2.154435e-03 5.555556e-01 1.000000e+02 2.641738e+00 2.634265e+00
2.154435e-03 5.555556e-01 4.641589e+02 2.945290e+00 2.936040e+00
2.154435e-03 5.555556e-01 2.154435e+03 2.241504e+00 2.234120e+00
2.154435e-03 5.555556e-01 1.000000e+04 6.985490e-01 6.961884e-01
2.154435e-03 5.555556e-01 4.641589e+04 7.514921e-02 7.489124e-02
2.154435e-03 5.555556e-01 2.154435e+05 4.652094e-03 4.635966e-03
2.154435e-03 5.555556e-01 1.000000e+06 2.432604e-04 2.424111e-04
2.154435e-03 6.666667e-01 1.000000e+00 3.073725e-01 2.995177e-01
2.154435e-03 6.666667e-01 4.641589e+00 9.371775e-01 9.310370e-01
2.154435e-03 6.666667e-01 2.154435e+01 1.752396e+00 1.747025e+00
2.154435e-03 6.666667e-01 1.000000e+02 2.459014e+00 2.451668e+00
2.154435e-03 6.666667e-01 4.641589e+02 2.736982e+00 2.727850e+00
2.154435e-03 6.666667e-01 2.154435e+03 2.082277e+00 2.074970e+00
2.154435e-03 6.666667e-01 1.000000e+04 6.489928e-01 6.466539e-01
2.154435e-03 6.666667e-01 4.641589e+04 6.983814e-02 6.958228e-02
2.154435e-03 6.666667e-01 2.154435e+05 4.324407e-03 4.308401e-03
2.154435e-03 6.666667e-01 1.000000e+06 2.261803e-04 2.253370e-04
2.154435e-03 7.777778e-01 1.000000e+00 2.542945e-01 2.474096e-01
2.154435e-03 7.777778e-01 4.641589e+00 8.585218e-01 8.526161e-01
2.154435e-03 7.777778e-01 2.154435e+01 1.632638e+00 1.627397e+00
2.154435e-03 7.777778e-01 1.000000e+02 2.302730e+00 2.295502e+00
2.154435e-03 7.777778e-01 4.641589e+02 2.564241e+00 2.555216e+00
2.154435e-03 7.777778e-01 2.154435e+03 1.953196e+00 1.945959e+00
2.154435e-03 7.777778e-01 1.000000e+04 6.095113e-01 6.071915e-01
2.154435e-03 7.777778e-01 4.641589e+04 6.566535e-02 6.541136e-02
2.154435e-03 7.777778e-01 2.154435e+05 4.069761e-03 4.053861e-03
2.154435e-03 7.777778e-01 1.000000e+06 2.130260e-04 2.121879e-04
2.154435e-03 8.888889e-01 1.000000e+00 2.019606e-01 1.960384e-01
2.154435e-03 8.888889e-01 4.641589e+00 7.849675e-01 7.792833e-01
2.154435e-03 8.888889e-01 2.154435e+01 1.528907e+00 1.523786e+00
2.154435e-03 8.888889e-01 1.000000e+02 2.172887e+00 2.165767e+00
2.154435e-03 8.888889e-01 4.641589e+02 2.427067e+00 2.418139e+00
2.154435e-03 8.888889e-01 2.154435e+03 1.854263e+00 1.847088e+00
2.154435e-03 8.888889e-01 1.000000e+04 5.801044e-01 5.778015e-01
2.154435e-03 8.888889e-01 4.641589e+04 6.263086e-02 6.237848e-02
2.154435e-03 8.888889e-01 2.154435e+05 3.888156e-03 3.872346e-03
2.154435e-03 8.888889e-01 1.000000e+06 2.037976e-04 2.029638e-04
2.154435e-03 1.000000e+00 1.000000e+00 1.503709e-01 1.454041e-01
2.154435e-03 1.000000e+00 4.641589e+00 7.165144e-01 7.110387e-01
2.154435e-03 1.000000e+00 2.154435e+01 1.441203e+00 1.436192e+00
2.154435e-03 1.000000e+00 1.000000e+02 2.069485e+00 2.062462e+00
2.154435e-03 1.000000e+00 4.641589e+02 2.325460e+00 2.316618e+00
2.154435e-03 1.000000e+00 2.154435e+03 1.785477e+00 1.778357e+00
2.154435e-03 1.000000e+00 1.000000e+04 5.607722e-01 5.584837e-01
2.154435e-03 1.000000e+00 4.641589e+04 6.073466e-02 6.048363e-02
2.154435e-03 1.000000e+00 2.154435e+05 3.779591e-03 3.763855e-03
2.154435e-03 1.000000e+00 1.000000e+06 1.984951e-04 1.976648e-04
5.994843e-03 0.000000e+00 1.000000e+00 1.637909e-01 1.545950e-01
5.994843e-03 0.000000e+00 4.641589e+00 3.951037e-01 3.825297e-01
5.994843e-03 0.000000e+00 2.154435e+01 7.039748e-01 6.920471e-01
5.994843e-03 0.000000e+00 1.000000e+02 9.476597e-01 9.353452e-01
5.994843e-03 0.000000e+00 4.641589e+02 1.039040e+00 1.027062e+00
5.994843e-03 0.000000e+00 2.154435e+03 7.745118e-01 7.662609e-01
5.994843e-03 0.000000e+00 1.000000e+04 2.363877e-01 2.340047e-01
5.994843e-03 0.000000e+00 4.641589e+04 2.492867e-02 2.468717e-02
5.994843e-03 0.000000e+00 2.154435e+05 1.515198e-03 1.500950e-03
5.994843e-03 0.000000e+00 1.000000e+06 7.789884e-05 7.718275e-05
5.994843e-03 1.111111e-01 1.000000e+00 1.491567e-01 1.406370e-01
5.994843e-03 1.111111e-01 4.641589e+00 3.677431e-01 3.556855e-01
5.994843e-03 1.111111e-01 2.154435e+01 6.533015e-01 6.416512e-01
5.994843e-03 1.111111e-01 1.000000e+02 8.770405e-01 8.649306e-01
5.994843e-03 1.111111e-01 4.641589e+02 9.554425e-01 9.436491e-01
5.994843e-03 1.111111e-01 2.154435e+03 7.094165e-01 7.012852e-01
5.994843e-03 1.111111e-01 1.000000e+04 2.159506e-01 2.136004e-01
5.994843e-03 1.111111e-01 4.641589e+04 2.273060e-02 2.249226e-02
5.994843e-03 1.111111e-01 2.154435e+05 1.379617e-03 1.365549e-03
5.994843e-03 1.111111e-01 1.000000e+06 7.084882e-05 7.014145e-05
5.994843e-03 2.222222e-01 1.000000e+00 1.347003e-01 1.268525e-01
5.994843e-03 2.222222e-01 4.641589e+00 3.412621e-01 3.297098e-01
5.994843e-03 2.222222e-01 2.154435e+01 6.060773e-01 5.946909e-01
5.994843e-03 2.222222e-01 1.000000e+02 8.121934e-01 8.002733e-01
5.994843e-03 2.222222e-01 4.641589e+02 8.795171e-01 8.678940e-01
5.994843e-03 2.222222e-01 2.154435e+03 6.506781e-01 6.426567e-01
5.994843e-03 2.222222e-01 1.000000e+04 1.975882e-01 1.952680e-01
5.994843e-03 2.222222e-01 4.641589e+04 2.076173e-02 2.052628e-02
5.994843e-03 2.222222e-01 2.154435e+05 1.258444e-03 1.244540e-03
5.994843e-03 2.222222e-01 1.000000e+06 6.455874e-05 6.385929e-05
5.994843e-03 3.333333e-01 1.000000e+00 1.204217e-01 1.132417e-01
5.994843e-03 3.333333e-01 4.641589e+00 3.156605e-01 3.046028e-01
5.994843e-03 3.333333e-01 2.154435e+01 5.623022e-01 5.511663e-01
5.994843e-03 3.333333e-01 1.000000e+02 7.531185e-01 7.413735e-01
5.994843e-03 3.333333e-01 4.641589e+02 8.112639e-01 7.997969e-01
5.994843e-03 3.333333e-01 2.154435e+03 5.982967e-01 5.903754e-01
5.994843e-03 3.333333e-01 1.000000e+04 1.813004e-01 1.790075e-01
5.994843e-03 3.333333e-01 4.641589e+04 1.902206e-02 1.878924e-02
5.994843e-03 3.333333e-01 2.154435e+05 1.151679e-03 1.137923e-03
5.994843e-03 3.333333e-01 1.000000e+06 5.902861e-05 5.833629e-05
5.994843e-03 4.444444e-01 1.000000e+00 1.063208e-01 9.980448e-02
5.994843e-03 4.444444e-01 4.641589e+00 2.909384e-01 2.803644e-01
5.994843e-03 4.444444e-01 2.154435e+01 5.219763e-01 5.110773e-01
5.994843e-03 4.444444e-01 1.000000e+02 6.998156e-01 6.882312e-01
5.994843e-03 4.444444e-01 4.641589e+02 7.506827e-01 7.393577e-01
5.994843e-03 4.444444e-01 2.154435e+03 5.522721e-01 5.444414e-01
5.994843e-03 4.444444e-01 1.000000e+04 1.670873e-01 1.648189e-01
5.994843e-03 4.444444e-01 4.641589e+04 1.751160e-02 1.728112e-02
5.994843e-03 4.444444e-01 2.154435e+05 1.059322e-03 1.045697e-03
5.994843e-03 4.444444e-01 1.000000e+06 5.425841e-05 5.357244e-05
5.994843e-03 5.555556e-01 1.000000e+00 9.239777e-02 8.654084e-02
5.994843e-03 5.555556e-01 4.641589e+00 2.670958e-01 2.569946e-01
5.994843e-03 5.555556e-01 2.154435e+01 4.850994e-01 4.744240e-01
5.994843e-03 5.555556e-01 1.000000e+02 6.522848e-01 6.408462e-01
5.994843e-03 5.555556e-01 4.641589e+02 6.977737e-01 6.865765e-01
5.994843e-03 5.555556e-01 2.154435e+03 5.126044e-01 5.048545e-01
5.994843e-03 5.555556e-01 1.000000e+04 1.549489e-01 1.527022e-01
5.994843e-03 5.555556e-01 4.641589e+04 1.623035e-02 1.600193e-02
5.994843e-03 5.555556e-01 2.154435e+05 9.813730e-04 9.678639e-04
5.994843e-03 5.555556e-01 1.000000e+06 5.024815e-05 4.956773e-05
5.994843e-03 6.666667e-01 1.000000e+00 7.865251e-02 7.345079e-02
5.994843e-03 6.666667e-01 4.641589e+00 2.441327e-01 2.344934e-01
5.994843e-03 6.666667e-01 2.154435e+01 4.516717e-01 4.412064e-01
5.994843e-03 6.666667e-01 1.000000e+02 6.105262e-01 5.992187e-01
5.994843e-03 6.666667e-01 4.641589e+02 6.525369e-01 6.414532e-01
5.994843e-03 6.666667e-01 2.154435e+03 4.792936e-01 4.716149e-01
5.994843e-03 6.666667e-01 1.000000e+04 1.448851e-01 1.426574e-01
5.994843e-03 6.666667e-01 4.641589e+04 1.517830e-02 1.495167e-02
5.994843e-03 6.666667e-01 2.154435e+05 9.178317e-04 9.044224e-04
5.994843e-03 6.666667e-01 1.000000e+06 4.699783e-05 4.632218e-05
5.994843e-03 7.777778e-01 1.000000e+00 6.508504e-02 6.053434e-02
5.994843e-03 7.777778e-01 4.641589e+00 2.220492e-01 2.128608e-01
5.994843e-03 7.777778e-01 2.154435e+01 4.216931e-01 4.114244e-01
5.994843e-03 7.777778e-01 1.000000e+02 5.745396e-01 5.633486e-01
5.994843e-03 7.777778e-01 4.641589e+02 6.149722e-01 6.039879e-01
5.994843e-03 7.777778e-01 2.154435e+03 4.523396e-01 4.447226e-01
5.994843e-03 7.777778e-01 1.000000e+04 1.368959e-01 1.346846e-01
5.994843e-03 7.777778e-01 4.641589e+04 1.435545e-02 1.413035e-02
5.994843e-03 7.777778e-01 2.154435e+05 8.686982e-04 8.553728e-04
5.994843e-03 7.777778e-01 1.000000e+06 4.450745e-05 4.383577e-05
5.994843e-03 8.888889e-01 1.000000e+00 5.169536e-02 4.779147e-02
5.994843e-03 8.888889e-01 4.641589e+00 2.008451e-01 1.920969e-01
5.994843e-03 8.888889e-01 2.154435e+01 3.951636e-01 3.850781e-01
5.994843e-03 8.888889e-01 1.000000e+02 5.443252e-01 5.332360e-01
5.994843e-03 8.888889e-01 4.641589e+02 5.850796e-01 5.741805e-01
5.994843e-03 8.888889e-01 2.154435e+03 4.317426e-01 4.241774e-01
5.994843e-03 8.888889e-01 1.000000e+04 1.309814e-01 1.287836e-01
5.994843e-03 8.888889e-01 4.641589e+04 1.376181e-02 1.353795e-02
5.994843e-03 8.888889e-01 2.154435e+05 8.339726e-04 8.207151e-04
5.994843e-03 8.888889e-01 1.000000e+06 4.277701e-05 4.210851e-05
5.994843e-03 1.000000e+00 1.000000e+00 3.848347e-02 3.522220e-02
5.994843e-03 1.000000e+00 4.641589e+00 1.805206e-01 1.722015e-01
5.994843e-03 1.000000e+00 2.154435e+01 3.720832e-01 3.621675e-01
5.994843e-03 1.000000e+00 1.000000e+02 5.198828e-01 5.088808e-01
5.994843e-03 1.000000e+00 4.641589e+02 5.628591e-01 5.520311e-01
5.994843e-03 1.000000e+00 2.154435e+03 4.175024e-01 4.099795e-01
5.994843e-03 1.000000e+00 1.000000e+04 1.271416e-01 1.249545e-01
5.994843e-03 1.000000e+00 4.641589e+04 1.339737e-02 1.317449e-02
5.994843e-03 1.000000e+00 2.154435e+05 8.136549e-04 8.004493e-04
5.994843e-03 1.000000e+00 1.000000e+06 4.180651e-05 4.114041e-05
1.668101e-02 0.000000e+00 1.000000e+00 3.441613e-02 2.913961e-02
1.668101e-02 0.000000e+00 4.641589e+00 9.536152e-02 8.802819e-02
1.668101e-02 0.000000e+00 2.154435e+01 1.607568e-01 1.533536e-01
1.668101e-02 0.000000e+00 1.000000e+02 2.054412e-01 1.978605e-01
1.668101e-02 0.000000e+00 4.641589e+02 2.147991e-01 2.075942e-01
1.668101e-02 0.000000e+00 2.154435e+03 1.540286e-01 1.491513e-01
1.668101e-02 0.000000e+00 1.000000e+04 4.549782e-02 4.410891e-02
1.668101e-02 0.000000e+00 4.641589e+04 4.664223e-03 4.525152e-03
1.668101e-02 0.000000e+00 2.154435e+05 2.765697e-04 2.684511e-04
1.668101e-02 0.000000e+00 1.000000e+06 1.390891e-05 1.350471e-05
1.668101e-02 1.111111e-01 1.000000e+00 3.146024e-02 2.656949e-02
1.668101e-02 1.111111e-01 4.641589e+00 8.923342e-02 8.220101e-02
1.668101e-02 1.111111e-01 2.154435e+01 1.504017e-01 1.431702e-01
1.668101e-02 1.111111e-01 1.000000e+02 1.917320e-01 1.842736e-01
1.668101e-02 1.111111e-01 4.641589e+02 1.991355e-01 1.920374e-01
1.668101e-02 1.111111e-01 2.154435e+03 1.422088e-01 1.373983e-01
1.668101e-02 1.111111e-01 1.000000e+04 4.188834e-02 4.051720e-02
1.668101e-02 1.111111e-01 4.641589e+04 4.285484e-03 4.148080e-03
1.668101e-02 1.111111e-01 2.154435e+05 2.537155e-04 2.456890e-04
1.668101e-02 1.111111e-01 1.000000e+06 1.274386e-05 1.234402e-05
1.668101e-02 2.222222e-01 1.000000e+00 2.853283e-02 2.402586e-02
1.668101e-02 2.222222e-01 4.641589e+00 8.318652e-02 7.644868e-02
1.668101e-02 2.222222e-01 2.154435e+01 1.406732e-01 1.336051e-01
1.668101e-02 2.222222e-01 1.000000e+02 1.791080e-01 1.717631e-01
1.668101e-02 2.222222e-01 4.641589e+02 1.849036e-01 1.779040e-01
1.668101e-02 2.222222e-01 2.154435e+03 1.315481e-01 1.267993e-01
1.668101e-02 2.222222e-01 1.000000e+04 3.864789e-02 3.729307e-02
1.668101e-02 2.222222e-01 4.641589e+04 3.946556e-03 3.810679e-03
1.668101e-02 2.222222e-01 2.154435e+05 2.333097e-04 2.253674e-04
1.668101e-02 2.222222e-01 1.000000e+06 1.170539e-05 1.130953e-05
1.668101e-02 3.333333e-01 1.000000e+00 2.563391e-02 2.150871e-02
1.668101e-02 3.333333e-01 4.641589e+00 7.722082e-02 7.077119e-02
1.668101e-02 3.333333e-01 2.154435e+01 1.315713e-01 1.246582e-01
1.668101e-02 3.333333e-01 1.000000e+02 1.675692e-01 1.603290e-01
1.668101e-02 3.333333e-01 4.641589e+02 1.721032e-01 1.651940e-01
1.668101e-02 3.333333e-01 2.154435e+03 1.220467e-01 1.173540e-01
1.668101e-02 3.333333e-01 1.000000e+04 3.577648e-02 3.443650e-02
1.668101e-02 3.333333e-01 4.641589e+04 3.647441e-03 3.512948e-03
1.668101e-02 3.333333e-01 2.154435e+05 2.153525e-04 2.074862e-04
1.668101e-02 3.333333e-01 1.000000e+06 1.079350e-05 1.040123e-05
1.668101e-02 4.444444e-01 1.000000e+00 2.276348e-02 1.901804e-02
1.668101e-02 4.444444e-01 4.641589e+00 7.133633e-02 6.516856e-02
1.668101e-02 4.444444e-01 2.154435e+01 1.230960e-01 1.163297e-01
1.668101e-02 4.444444e-01 1.000000e+02 1.571156e-01 1.499714e-01
1.668101e-02 4.444444e-01 4.641589e+02 1.607344e-01 1.539075e-01
1.668101e-02 4.444444e-01 2.154435e+03 1.137044e-01 1.090627e-01
1.668101e-02 4.444444e-01 1.000000e+04 3.327410e-02 3.194751e-02
1.668101e-02 4.444444e-01 4.641589e+04 3.388138e-03 3.254887e-03
1.668101e-02 4.444444e-01 2.154435e+05 1.998437e-04 1.920456e-04
1.668101e-02 4.444444e-01 1.000000e+06 1.000818e-05 9.619123e-06
1.668101e-02 5.555556e-01 1.000000e+00 1.992153e-02 1.655385e-02
1.668101e-02 5.555556e-01 4.641589e+00 6.553304e-02 5.964078e-02
1.668101e-02 5.555556e-01 2.154435e+01 1.152474e-01 1.086195e-01
1.668101e-02 5.555556e-01 1.000000e+02 1.477472e-01 1.406901e-01
1.668101e-02 5.555556e-01 4.641589e+02 1.507972e-01 1.440444e-01
1.668101e-02 5.555556e-01 2.154435e+03 1.065214e-01 1.019251e-01
1.668101e-02 5.555556e-01 1.000000e+04 3.114076e-02 2.982608e-02
1.668101e-02 5.555556e-01 4.641589e+04 3.168646e-03 3.036497e-03
1.668101e-02 5.555556e-01 2.154435e+05 1.867834e-04 1.790455e-04
1.668101e-02 5.555556e-01 1.000000e+06 9.349444e-06 8.963205e-06
1.668101e-02 6.666667e-01 1.000000e+00 1.710807e-02 1.411615e-02
1.668101e-02 6.666667e-01 4.641589e+00 5.981095e-02 5.418784e-02
1.668101e-02 6.666667e-01 2.154435e+01 1.080253e-01 1.015275e-01
1.668101e-02 6.666667e-01 1.000000e+02 1.394640e-01 1.324853e-01
1.668101e-02 6.666667e-01 4.641589e+02 1.422916e-01 1.356047e-01
1.668101e-02 6.666667e-01 2.154435e+03 1.004975e-01 9.594147e-02
1.668101e-02 6.666667e-01 1.000000e+04 2.937646e-02 2.807223e-02
1.668101e-02 6.666667e-01 4.641589e+04 2.988967e-03 2.857777e-03
1.668101e-02 6.666667e-01 2.154435e+05 1.761716e-04 1.684859e-04
1.668101e-02 6.666667e-01 1.000000e+06 8.817281e-06 8.433478e-06
1.668101e-02 7.777778e-01 1.000000e+00 1.432310e-02 1.170493e-02
1.668101e-02 7.777778e-01 4.641589e+00 5.417006e-02 4.880975e-02
1.668101e-02 7.777778e-01 2.154435e+01 1.014299e-01 9.505382e-02
1.668101e-02 7.777778e-01 1.000000e+02 1.322660e-01 1.253569e-01
1.668101e-02 7.777778e-01 4.641589e+02 1.352175e-01 1.285884e-01
1.668101e-02 7.777778e-01 2.154435e+03 9.563283e-02 9.111166e-02
1.668101e-02 7.777778e-01 1.000000e+04 2.798119e-02 2.668595e-02
1.668101e-02 7.777778e-01 4.641589e+04 2.849099e-03 2.718727e-03
1.668101e-02 7.777778e-01 2.154435e+05 1.680083e-04 1.603667e-04
1.668101e-02 7.777778e-01 1.000000e+06 8.411694e-06 8.029942e-06
1.668101e-02 8.888889e-01 1.000000e+00 1.156661e-02 9.320201e-03
1.668101e-02 8.888889e-01 4.641589e+00 4.861037e-02 4.350652e-02
1.668101e-02 8.888889e-01 2.154435e+01 9.546108e-02 8.919843e-02
1.668101e-02 8.888889e-01 1.000000e+02 1.261532e-01 1.193049e-01
1.668101e-02 8.888889e-01 4.641589e+02 1.295750e-01 1.229956e-01
1.668101e-02 8.888889e-01 2.154435e+03 9.192734e-02 8.743571e-02
1.668101e-02 8.888889e-01 1.000000e+04 2.695496e-02 2.566723e-02
1.668101e-02 8.888889e-01 4.641589e+04 2.749043e-03 2.619348e-03
1.668101e-02 8.888889e-01 2.154435e+05 1.622935e-04 1.546881e-04
1.668101e-02 8.888889e-01 1.000000e+06 8.132683e-06 7.752597e-06
1.668101e-02 1.000000e+00 1.000000e+00 8.838610e-03 6.961951e-03
1.668101e-02 1.000000e+00 4.641589e+00 4.313189e-02 3.827813e-02
1.668101e-02 1.000000e+00 2.154435e+01 9.011889e-02 8.396133e-02
1.668101e-02 1.000000e+00 1.000000e+02 1.211256e-01 1.143293e-01
1.668101e-02 1.000000e+00 4.641589e+02 1.253641e-01 1.188262e-01
1.668101e-02 1.000000e+00 2.154435e+03 8.938104e-02 8.491361e-02
1.668101e-02 1.000000e+00 1.000000e+04 2.629777e-02 2.501609e-02
1.668101e-02 1.000000e+00 4.641589e+04 2.688800e-03 2.559639e-03
1.668101e-02 1.000000e+00 2.154435e+05 1.590272e-04 1.514500e-04
1.668101e-02 1.000000e+00 1.000000e+06 7.980249e-06 7.601443e-06
4.641589e-02 0.000000e+00 1.000000e+00 7.624316e-03 3.352328e-03
4.641589e-02 0.000000e+00 4.641589e+00 2.023607e-02 1.524000e-02
4.641589e-02 0.000000e+00 2.154435e+01 3.146866e-02 2.684507e-02
4.641589e-02 0.000000e+00 1.000000e+02 3.782119e-02 3.320886e-02
4.641589e-02 0.000000e+00 4.641589e+02 3.743428e-02 3.312072e-02
4.641589e-02 0.000000e+00 2.154435e+03 2.568014e-02 2.281142e-02
4.641589e-02 0.000000e+00 1.000000e+04 7.308960e-03 6.506561e-03
4.641589e-02 0.000000e+00 4.641589e+04 7.257165e-04 6.467586e-04
4.641589e-02 0.000000e+00 2.154435e+05 4.185347e-05 3.732137e-05
4.641589e-02 0.000000e+00 1.000000e+06 2.053635e-06 1.831609e-06
4.641589e-02 1.111111e-01 1.000000e+00 7.020254e-03 3.064771e-03
4.641589e-02 1.111111e-01 4.641589e+00 1.909483e-02 1.429453e-02
4.641589e-02 1.111111e-01 2.154435e+01 2.981018e-02 2.527922e-02
4.641589e-02 1.111111e-01 1.000000e+02 3.576116e-02 3.120532e-02
4.641589e-02 1.111111e-01 4.641589e+02 3.515845e-02 3.089071e-02
4.641589e-02 1.111111e-01 2.154435e+03 2.401775e-02 2.117609e-02
4.641589e-02 1.111111e-01 1.000000e+04 6.816159e-03 6.020599e-03
4.641589e-02 1.111111e-01 4.641589e+04 6.753844e-04 5.970385e-04
4.641589e-02 1.111111e-01 2.154435e+05 3.888837e-05 3.438883e-05
4.641589e-02 1.111111e-01 1.000000e+06 1.905746e-06 1.685210e-06
4.641589e-02 2.222222e-01 1.000000e+00 6.419277e-03 2.780070e-03
4.641589e-02 2.222222e-01 4.641589e+00 1.794125e-02 1.333404e-02
4.641589e-02 2.222222e-01 2.154435e+01 2.823632e-02 2.379461e-02
4.641589e-02 2.222222e-01 1.000000e+02 3.385868e-02 2.935604e-02
4.641589e-02 2.222222e-01 4.641589e+02 3.309028e-02 2.886547e-02
4.641589e-02 2.222222e-01 2.154435e+03 2.251944e-02 1.970304e-02
4.641589e-02 2.222222e-01 1.000000e+04 6.374176e-03 5.584980e-03
4.641589e-02 2.222222e-01 4.641589e+04 6.303905e-04 5.526125e-04
4.641589e-02 2.222222e-01 2.154435e+05 3.624368e-05 3.177427e-05
4.641589e-02 2.222222e-01 1.000000e+06 1.774054e-06 1.554895e-06
4.641589e-02 3.333333e-01 1.000000e+00 5.821385e-03 2.498226e-03
4.641589e-02 3.333333e-01 4.641589e+00 1.677532e-02 1.235852e-02
4.641589e-02 3.333333e-01 2.154435e+01 2.674710e-02 2.239127e-02
4.641589e-02 3.333333e-01 1.000000e+02 3.211375e-02 2.766099e-02
4.641589e-02 3.333333e-01 4.641589e+02 3.122978e-02 2.704502e-02
4.641589e-02 3.333333e-01 2.154435e+03 2.118522e-02 1.839228e-02
4.641589e-02 3.333333e-01 1.000000e+04 5.983012e-03 5.199706e-03
4.641589e-02 3.333333e-01 4.641589e+04 5.907348e-04 5.134804e-04
4.641589e-02 3.333333e-01 2.154435e+05 3.391939e-05 2.947771e-05
4.641589e-02 3.333333e-01 1.000000e+06 1.658559e-06 1.440664e-06
4.641589e-02 4.444444e-01 1.000000e+00 5.226579e-03 2.219238e-03
4.641589e-02 4.444444e-01 4.641589e+00 1.559706e-02 1.136799e-02
4.641589e-02 4.444444e-01 2.154435e+01 2.534249e-02 2.106918e-02
4.641589e-02 4.444444e-01 1.000000e+02 3.052637e-02 2.612019e-02
4.641589e-02 4.444444e-01 4.641589e+02 2.957694e-02 2.542934e-02
4.641589e-02 4.444444e-01 2.154435e+03 2.001509e-02 1.724380e-02
4.641589e-02 4.444444e-01 1.000000e+04 5.642666e-03 4.864775e-03
4.641589e-02 4.444444e-01 4.641589e+04 5.564173e-04 4.796424e-04
4.641589e-02 4.444444e-01 2.154435e+05 3.191552e-05 2.749913e-05
4.641589e-02 4.444444e-01 1.000000e+06 1.559261e-06 1.342516e-06
4.641589e-02 5.555556e-01 1.000000e+00 4.634858e-03 1.943108e-03
4.641589e-02 5.555556e-01 4.641589e+00 1.440645e-02 1.036244e-02
4.641589e-02 5.555556e-01 2.154435e+01 2.402252e-02 1.982834e-02
4.641589e-02 5.555556e-01 1.000000e+02 2.909653e-02 2.473363e-02
4.641589e-02 5.555556e-01 4.641589e+02 2.813176e-02 2.401844e-02
4.641589e-02 5.555556e-01 2.154435e+03 1.900904e-02 1.625761e-02
4.641589e-02 5.555556e-01 1.000000e+04 5.353139e-03 4.580189e-03
4.641589e-02 5.555556e-01 4.641589e+04 5.274381e-04 4.510984e-04
4.641589e-02 5.555556e-01 2.154435e+05 3.023205e-05 2.583855e-05
4.641589e-02 5.555556e-01 1.000000e+06 1.476160e-06 1.260453e-06
4.641589e-02 6.666667e-01 1.000000e+00 4.046222e-03 1.669833e-03
4.641589e-02 6.666667e-01 4.641589e+00 1.320351e-02 9.341868e-03
4.641589e-02 6.666667e-01 2.154435e+01 2.278717e-02 1.866876e-02
4.641589e-02 6.666667e-01 1.000000e+02 2.782425e-02 2.350132e-02
4.641589e-02 6.666667e-01 4.641589e+02 2.689425e-02 2.281232e-02
4.641589e-02 6.666667e-01 2.154435e+03 1.816707e-02 1.543370e-02
4.641589e-02 6.666667e-01 1.000000e+04 5.114430e-03 4.345946e-03
4.641589e-02 6.666667e-01 4.641589e+04 5.037970e-04 4.278485e-04
4.641589e-02 6.666667e-01 2.154435e+05 2.886899e-05 2.449595e-05
4.641589e-02 6.666667e-01 1.000000e+06 1.409257e-06 1.194473e-06
4.641589e-02 7.777778e-01 1.000000e+00 3.460672e-03 1.399416e-03
4.641589e-02 7.777778e-01 4.641589e+00 1.198822e-02 8.306275e-03
4.641589e-02 7.777778e-01 2.154435e+01 2.163644e-02 1.759043e-02
4.641589e-02 7.777778e-01 1.000000e+02 2.670951e-02 2.242325e-02
4.641589e-02 7.777778e-01 4.641589e+02 2.586440e-02 2.181098e-02
4.641589e-02 7.777778e-01 2.154435e+03 1.748919e-02 1.477208e-02
4.641589e-02 7.777778e-01 1.000000e+04 4.926539e-03 4.162047e-03
4.641589e-02 7.777778e-01 4.641589e+04 4.854942e-04 4.098925e-04
4.641589e-02 7.777778e-01 2.154435e+05 2.782634e-05 2.347135e-05
4.641589e-02 7.777778e-01 1.000000e+06 1.358551e-06 1.144576e-06
4.641589e-02 8.888889e-01 1.000000e+00 2.878207e-03 1.131855e-03
4.641589e-02 8.888889e-01 4.641589e+00 1.076059e-02 7.255661e-03
4.641589e-02 8.888889e-01 2.154435e+01 2.057034e-02 1.659336e-02
4.641589e-02 8.888889e-01 1.000000e+02 2.575232e-02 2.149942e-02
4.641589e-02 8.888889e-01 4.641589e+02 2.504221e-02 2.101441e-02
4.641589e-02 8.888889e-01 2.154435e+03 1.697539e-02 1.427275e-02
4.641589e-02 8.888889e-01 1.000000e+04 4.789467e-03 4.028492e-03
4.641589e-02 8.888889e-01 4.641589e+04 4.725296e-04 3.972307e-04
4.641589e-02 8.888889e-01 2.154435e+05 2.710410e-05 2.276473e-05
4.641589e-02 8.888889e-01 1.000000e+06 1.324042e-06 1.110764e-06
4.641589e-02 1.000000e+00 1.000000e+00 2.298827e-03 8.671507e-04
4.641589e-02 1.000000e+00 4.641589e+00 9.520620e-03 6.190027e-03
4.641589e-02 1.000000e+00 2.154435e+01 1.958887e-02 1.567754e-02
4.641589e-02 1.000000e+00 1.000000e+02 2.495268e-02 2.072983e-02
4.641589e-02 1.000000e+00 4.641589e+02 2.442769e-02 2.042263e-02
4.641589e-02 1.000000e+00 2.154435e+03 1.662568e-02 1.393570e-02
4.641589e-02 1.000000e+00 1.000000e+04 4.703213e-03 3.945282e-03
4.641589e-02 1.000000e+00 4.641589e+04 4.649032e-04 3.898628e-04
4.641589e-02 1.000000e+00 2.154435e+05 2.670227e-05 2.237610e-05
4.641589e-02 1.000000e+00 1.000000e+06 1.305731e-06 1.093035e-06
1.291550e-01 0.000000e+00 1.000000e+00 1.424573e-03 5.201215e-04
1.291550e-01 0.000000e+00 4.641589e+00 4.676578e-03 1.583561e-03
1.291550e-01 0.000000e+00 2.154435e+01 5.692475e-03 2.941390e-03
1.291550e-01 0.000000e+00 1.000000e+02 6.053193e-03 3.500973e-03
1.291550e-01 0.000000e+00 4.641589e+02 5.522948e-03 3.300043e-03
1.291550e-01 0.000000e+00 2.154435e+03 3.558077e-03 2.167276e-03
1.291550e-01 0.000000e+00 1.000000e+04 9.624813e-04 5.935740e-04
1.291550e-01 0.000000e+00 4.641589e+04 9.158438e-05 5.694743e-05
1.291550e-01 0.000000e+00 2.154435e+05 5.093355e-06 3.186460e-06
1.291550e-01 0.000000e+00 1.000000e+06 2.421039e-07 1.521318e-07
1.291550e-01 1.111111e-01 1.000000e+00 1.289075e-03 4.521717e-04
1.291550e-01 1.111111e-01 4.641589e+00 4.433686e-03 1.461093e-03
1.291550e-01 1.111111e-01 2.154435e+01 5.471078e-03 2.761476e-03
1.291550e-01 1.111111e-01 1.000000e+02 5.824218e-03 3.288572e-03
1.291550e-01 1.111111e-01 4.641589e+02 5.285521e-03 3.074619e-03
1.291550e-01 1.111111e-01 2.154435e+03 3.393164e-03 2.008835e-03
1.291550e-01 1.111111e-01 1.000000e+04 9.155880e-04 5.481975e-04
1.291550e-01 1.111111e-01 4.641589e+04 8.696269e-05 5.245228e-05
1.291550e-01 1.111111e-01 2.154435e+05 4.829263e-06 2.928733e-06
1.291550e-01 1.111111e-01 1.000000e+06 2.292829e-07 1.395882e-07
1.291550e-01 2.222222e-01 1.000000e+00 1.156549e-03 3.876858e-04
1.291550e-01 2.222222e-01 4.641589e+00 4.190020e-03 1.337556e-03
1.291550e-01 2.222222e-01 2.154435e+01 5.261172e-03 2.592410e-03
1.291550e-01 2.222222e-01 1.000000e+02 5.613854e-03 3.094175e-03
1.291550e-01 2.222222e-01 4.641589e+02 5.070615e-03 2.871220e-03
1.291550e-01 2.222222e-01 2.154435e+03 3.244994e-03 1.866848e-03
1.291550e-01 2.222222e-01 1.000000e+04 8.736380e-04 5.076919e-04
1.291550e-01 2.222222e-01 4.641589e+04 8.284009e-05 4.844978e-05
1.291550e-01 2.222222e-01 2.154435e+05 4.594141e-06 2.699639e-06
1.291550e-01 2.222222e-01 1.000000e+06 2.178844e-07 1.284516e-07
1.291550e-01 3.333333e-01 1.000000e+00 1.026994e-03 3.266638e-04
1.291550e-01 3.333333e-01 4.641589e+00 3.945580e-03 1.212949e-03
1.291550e-01 3.333333e-01 2.154435e+01 5.062758e-03 2.434192e-03
1.291550e-01 3.333333e-01 1.000000e+02 5.422102e-03 2.917782e-03
1.291550e-01 3.333333e-01 4.641589e+02 4.878227e-03 2.689846e-03
1.291550e-01 3.333333e-01 2.154435e+03 3.113568e-03 1.741315e-03
1.291550e-01 3.333333e-01 1.000000e+04 8.366311e-04 4.720570e-04
1.291550e-01 3.333333e-01 4.641589e+04 7.921659e-05 4.493995e-05
1.291550e-01 3.333333e-01 2.154435e+05 4.387992e-06 2.499177e-06
1.291550e-01 3.333333e-01 1.000000e+06 2.079082e-07 1.187221e-07
1.291550e-01 4.444444e-01 1.000000e+00 9.004119e-04 2.691058e-04
1.291550e-01 4.444444e-01 4.641589e+00 3.700367e-03 1.087273e-03
1.291550e-01 4.444444e-01 2.154435e+01 4.875836e-03 2.286822e-03
1.291550e-01 4.444444e-01 1.000000e+02 5.248961e-03 2.759392e-03
1.291550e-01 4.444444e-01 4.641589e+02 4.708359e-03 2.530497e-03
1.291550e-01 4.444444e-01 2.154435e+03 2.998885e-03 1.632236e-03
1.291550e-01 4.444444e-01 1.000000e+04 8.045675e-04 4.412929e-04
1.291550e-01 4.444444e-01 4.641589e+04 7.609218e-05 4.192278e-05
1.291550e-01 4.444444e-01 2.154435e+05 4.210814e-06 2.327349e-06
1.291550e-01 4.444444e-01 1.000000e+06 1.993544e-07 1.103997e-07
1.291550e-01 5.555556e-01 1.000000e+00 7.768015e-04 2.150118e-04
1.291550e-01 5.555556e-01 4.641589e+00 3.454380e-03 9.605265e-04
1.291550e-01 5.555556e-01 2.154435e+01 4.700405e-03 2.150299e-03
1.291550e-01 5.555556e-01 1.000000e+02 5.094431e-03 2.619007e-03
1.291550e-01 5.555556e-01 4.641589e+02 4.561010e-03 2.393174e-03
1.291550e-01 5.555556e-01 2.154435e+03 2.900945e-03 1.539610e-03
1.291550e-01 5.555556e-01 1.000000e+04 7.774471e-04 4.153996e-04
1.291550e-01 5.555556e-01 4.641589e+04 7.346686e-05 3.939828e-05
1.291550e-01 5.555556e-01 2.154435e+05 4.062608e-06 2.184154e-06
1.291550e-01 5.555556e-01 1.000000e+06 1.922230e-07 1.034843e-07
1.291550e-01 6.666667e-01 1.000000e+00 6.561631e-04 1.643817e-04
1.291550e-01 6.666667e-01 4.641589e+00 3.207619e-03 8.327104e-04
1.291550e-01 6.666667e-01 2.154435e+01 4.536466e-03 2.024625e-03
1.291550e-01 6.666667e-01 1.000000e+02 4.958512e-03 2.496627e-03
1.291550e-01 6.666667e-01 4.641589e+02 4.436181e-03 2.277876e-03
1.291550e-01 6.666667e-01 2.154435e+03 2.819749e-03 1.463438e-03
1.291550e-01 6.666667e-01 1.000000e+04 7.552699e-04 3.943771e-04
1.291550e-01 6.666667e-01 4.641589e+04 7.134065e-05 3.736644e-05
1.291550e-01 6.666667e-01 2.154435e+05 3.943373e-06 2.069592e-06
1.291550e-01 6.666667e-01 1.000000e+06 1.865139e-07 9.797593e-08
1.291550e-01 7.777778e-01 1.000000e+00 5.384967e-04 1.172156e-04
1.291550e-01 7.777778e-01 4.641589e+00 2.960084e-03 7.038247e-04
1.291550e-01 7.777778e-01 2.154435e+01 4.384019e-03 1.909798e-03
1.291550e-01 7.777778e-01 1.000000e+02 4.841205e-03 2.392250e-03
1.291550e-01 7.777778e-01 4.641589e+02 4.333871e-03 2.184603e-03
1.291550e-01 7.777778e-01 2.154435e+03 2.755295e-03 1.403720e-03
1.291550e-01 7.777778e-01 1.000000e+04 7.380359e-04 3.782254e-04
1.291550e-01 7.777778e-01 4.641589e+04 6.971352e-05 3.582726e-05
1.291550e-01 7.777778e-01 2.154435e+05 3.853110e-06 1.983663e-06
1.291550e-01 7.777778e-01 1.000000e+06 1.822273e-07 9.387465e-08
1.291550e-01 8.888889e-01 1.000000e+00 4.238023e-04 7.351348e-05
1.291550e-01 8.888889e-01 4.641589e+00 2.711775e-03 5.738692e-04
1.291550e-01 8.888889e-01 2.154435e+01 4.243063e-03 1.805819e-03
1.291550e-01 8.888889e-01 1.000000e+02 4.742509e-03 2.305877e-03
1.291550e-01 8.888889e-01 4.641589e+02 4.254080e-03 2.113355e-03
1.291550e-01 8.888889e-01 2.154435e+03 2.707585e-03 1.360455e-03
1.291550e-01 8.888889e-01 1.000000e+04 7.257451e-04 3.669445e-04
1.291550e-01 8.888889e-01 4.641589e+04 6.858550e-05 3.478075e-05
1.291550e-01 8.888889e-01 2.154435e+05 3.791818e-06 1.926367e-06
1.291550e-01 8.888889e-01 1.000000e+06 1.793631e-07 9.118041e-08
1.291550e-01 1.000000e+00 1.000000e+00 3.120798e-04 3.327528e-05
1.291550e-01 1.000000e+00 4.641589e+00 2.462693e-03 4.428439e-04
1.291550e-01 1.000000e+00 2.154435e+01 4.113599e-03 1.712688e-03
1.291550e-01 1.000000e+00 1.000000e+02 4.662424e-03 2.237508e-03
1.291550e-01 1.000000e+00 4.641589e+02 4.196809e-03 2.064132e-03
1.291550e-01 1.000000e+00 2.154435e+03 2.676618e-03 1.333644e-03
1.291550e-01 1.000000e+00 1.000000e+04 7.183976e-04 3.605343e-04
1.291550e-01 1.000000e+00 4.641589e+04 6.795656e-05 3.422690e-05
1.291550e-01 1.000000e+00 2.154435e+05 3.759498e-06 1.897705e-06
1.291550e-01 1.000000e+00 1.000000e+06 1.779212e-07 8.989323e-08
3.593814e-01 0.000000e+00 1.000000e+00 2.043143e-04 2.044713e-04
3.593814e-01 0.000000e+00 4.641589e+00 6.705211e-04 2.983073e-04
3.593814e-01 0.000000e+00 2.154435e+01 6.958228e-04 2.656542e-04
3.593814e-01 0.000000e+00 1.000000e+02 6.604242e-04 2.508704e-04
3.593814e-01 0.000000e+00 4.641589e+02 5.357748e-04 2.155335e-04
3.593814e-01 0.000000e+00 2.154435e+03 3.147585e-04 1.310073e-04
3.593814e-01 0.000000e+00 1.000000e+04 7.893575e-05 3.358996e-05
3.593814e-01 0.000000e+00 4.641589e+04 7.042119e-06 3.043229e-06
3.593814e-01 0.000000e+00 2.154435e+05 3.705230e-07 1.619432e-07
3.593814e-01 0.000000e+00 1.000000e+06 1.677228e-08 7.392524e-09
3.593814e-01 1.111111e-01 1.000000e+00 1.735740e-04 1.737069e-04
3.593814e-01 1.111111e-01 4.641589e+00 6.157837e-04 2.571989e-04
3.593814e-01 1.111111e-01 2.154435e+01 6.559263e-04 2.308404e-04
3.593814e-01 1.111111e-01 1.000000e+02 6.285091e-04 2.201267e-04
3.593814e-01 1.111111e-01 4.641589e+02 5.088379e-04 1.893624e-04
3.593814e-01 1.111111e-01 2.154435e+03 2.985682e-04 1.151907e-04
3.593814e-01 1.111111e-01 1.000000e+04 7.481642e-05 2.955059e-05
3.593814e-01 1.111111e-01 4.641589e+04 6.671108e-06 2.678328e-06
3.593814e-01 1.111111e-01 2.154435e+05 3.508647e-07 1.425707e-07
3.593814e-01 1.111111e-01 1.000000e+06 1.587796e-08 6.509857e-09
3.593814e-01 2.222222e-01 1.000000e+00 1.439567e-04 1.440664e-04
3.593814e-01 2.222222e-01 4.641589e+00 5.636182e-04 2.189230e-04
3.593814e-01 2.222222e-01 2.154435e+01 6.195021e-04 1.995309e-04
3.593814e-01 2.222222e-01 1.000000e+02 6.000133e-04 1.927915e-04
3.593814e-01 2.222222e-01 4.641589e+02 4.848793e-04 1.661556e-04
3.593814e-01 2.222222e-01 2.154435e+03 2.841969e-04 1.011848e-04
3.593814e-01 2.222222e-01 1.000000e+04 7.116435e-05 2.597656e-05
3.593814e-01 2.222222e-01 4.641589e+04 6.342473e-06 2.355646e-06
3.593814e-01 2.222222e-01 2.154435e+05 3.334618e-07 1.254458e-07
3.593814e-01 2.222222e-01 1.000000e+06 1.508658e-08 5.729801e-09
3.593814e-01 3.333333e-01 1.000000e+00 1.154624e-04 1.155498e-04
3.593814e-01 3.333333e-01 4.641589e+00 5.140248e-04 1.834798e-04
3.593814e-01 3.333333e-01 2.154435e+01 5.865501e-04 1.717258e-04
3.593814e-01 3.333333e-01 1.000000e+02 5.749367e-04 1.688648e-04
3.593814e-01 3.333333e-01 4.641589e+02 4.638989e-04 1.459132e-04
3.593814e-01 3.333333e-01 2.154435e+03 2.716444e-04 8.898964e-05
3.593814e-01 3.333333e-01 1.000000e+04 6.797953e-05 2.286789e-05
3.593814e-01 3.333333e-01 4.641589e+04 6.056213e-06 2.075181e-06
3.593814e-01 3.333333e-01 2.154435e+05 3.183142e-07 1.105684e-07
3.593814e-01 3.333333e-01 1.000000e+06 1.439815e-08 5.052357e-09
3.593814e-01 4.444444e-01 1.000000e+00 8.809100e-05 8.815719e-05
3.593814e-01 4.444444e-01 4.641589e+00 4.670034e-04 1.508691e-04
3.593814e-01 4.444444e-01 2.154435e+01 5.570703e-04 1.474251e-04
3.593814e-01 4.444444e-01 1.000000e+02 5.532794e-04 1.483466e-04
3.593814e-01 4.444444e-01 4.641589e+02 4.458969e-04 1.286351e-04
3.593814e-01 4.444444e-01 2.154435e+03 2.609109e-04 7.860529e-05
3.593814e-01 4.444444e-01 1.000000e+04 6.526197e-05 2.022456e-05
3.593814e-01 4.444444e-01 4.641589e+04 5.812328e-06 1.836933e-06
3.593814e-01 4.444444e-01 2.154435e+05 3.054220e-07 9.793861e-08
3.593814e-01 4.444444e-01 1.000000e+06 1.381266e-08 4.477524e-09
3.593814e-01 5.555556e-01 1.000000e+00 6.184263e-05 6.188850e-05
3.593814e-01 5.555556e-01 4.641589e+00 4.225539e-04 1.210910e-04
3.593814e-01 5.555556e-01 2.154435e+01 5.310627e-04 1.266287e-04
3.593814e-01 5.555556e-01 1.000000e+02 5.350413e-04 1.312370e-04
3.593814e-01 5.555556e-01 4.641589e+02 4.308732e-04 1.143215e-04
3.593814e-01 5.555556e-01 2.154435e+03 2.519963e-04 7.003170e-05
3.593814e-01 5.555556e-01 1.000000e+04 6.301167e-05 1.804658e-05
3.593814e-01 5.555556e-01 4.641589e+04 5.610818e-06 1.640903e-06
3.593814e-01 5.555556e-01 2.154435e+05 2.947851e-07 8.755632e-08
3.593814e-01 5.555556e-01 1.000000e+06 1.333011e-08 4.005302e-09
3.593814e-01 6.666667e-01 1.000000e+00 3.671725e-05 3.674376e-05
3.593814e-01 6.666667e-01 4.641589e+00 3.806764e-04 9.414553e-05
3.593814e-01 6.666667e-01 2.154435e+01 5.085273e-04 1.093367e-04
3.593814e-01 6.666667e-01 1.000000e+02 5.202225e-04 1.175359e-04
3.593814e-01 6.666667e-01 4.641589e+02 4.188278e-04 1.029722e-04
3.593814e-01 6.666667e-01 2.154435e+03 2.449006e-04 6.326889e-05
3.593814e-01 6.666667e-01 1.000000e+04 6.122863e-05 1.633394e-05
3.593814e-01 6.666667e-01 4.641589e+04 5.451684e-06 1.487091e-06
3.593814e-01 6.666667e-01 2.154435e+05 2.864035e-07 7.942156e-08
3.593814e-01 6.666667e-01 1.000000e+06 1.295051e-08 3.635692e-09
3.593814e-01 7.777778e-01 1.000000e+00 1.271484e-05 1.272296e-05
3.593814e-01 7.777778e-01 4.641589e+00 3.413709e-04 7.003261e-05
3.593814e-01 7.777778e-01 2.154435e+01 4.894641e-04 9.554910e-05
3.593814e-01 7.777778e-01 1.000000e+02 5.088230e-04 1.072433e-04
3.593814e-01 7.777778e-01 4.641589e+02 4.097606e-04 9.458721e-05
3.593814e-01 7.777778e-01 2.154435e+03 2.396238e-04 5.831684e-05
3.593814e-01 7.777778e-01 1.000000e+04 5.991284e-05 1.508665e-05
3.593814e-01 7.777778e-01 4.641589e+04 5.334925e-06 1.375496e-06
3.593814e-01 7.777778e-01 2.154435e+05 2.802773e-07 7.353434e-08
3.593814e-01 7.777778e-01 1.000000e+06 1.267386e-08 3.368693e-09
3.593814e-01 8.888889e-01 1.000000e+00 -1.016458e-05 -1.017390e-05
3.593814e-01 8.888889e-01 4.641589e+00 3.046374e-04 4.875228e-05
3.593814e-01 8.888889e-01 2.154435e+01 4.738731e-04 8.526586e-05
3.593814e-01 8.888889e-01 1.000000e+02 5.008427e-04 1.003593e-04
3.593814e-01 8.888889e-01 4.641589e+02 4.036718e-04 8.916664e-05
3.593814e-01 8.888889e-01 2.154435e+03 2.361659e-04 5.517557e-05
3.593814e-01 8.888889e-01 1.000000e+04 5.906431e-05 1.430471e-05
3.593814e-01 8.888889e-01 4.641589e+04 5.260542e-06 1.306119e-06
3.593814e-01 8.888889e-01 2.154435e+05 2.764063e-07 6.989466e-08
3.593814e-01 8.888889e-01 1.000000e+06 1.250015e-08 3.204306e-09
3.593814e-01 1.000000e+00 1.000000e+00 -3.192101e-05 -3.194681e-05
3.593814e-01 1.000000e+00 4.641589e+00 2.704759e-04 3.030452e-05
3.593814e-01 1.000000e+00 2.154435e+01 4.617543e-04 7.848699e-05
3.593814e-01 1.000000e+00 1.000000e+02 4.962818e-04 9.688372e-05
3.593814e-01 1.000000e+00 4.641589e+02 4.005613e-04 8.671043e-05
3.593814e-01 1.000000e+00 2.154435e+03 2.345269e-04 5.384506e-05
3.593814e-01 1.000000e+00 1.000000e+04 5.868303e-05 1.398811e-05
3.593814e-01 1.000000e+00 4.641589e+04 5.228533e-06 1.278959e-06
3.593814e-01 1.000000e+00 2.154435e+05 2.747907e-07 6.850252e-08
3.593814e-01 1.000000e+00 1.000000e+06 1.242938e-08 3.142530e-09
1.000000e+00 0.000000e+00 1.000000e+00 3.647834e-06 3.647927e-06
1.000000e+00 0.000000e+00 4.641589e+00 1.661744e-06 1.306729e-06
1.000000e+00 0.000000e+00 2.154435e+01 5.146674e-08 4.865143e-08
1.000000e+00 0.000000e+00 1.000000e+02 -6.333182e-09 1.387097e-09
1.000000e+00 0.000000e+00 4.641589e+02 -3.921396e-09 -1.316081e-09
1.000000e+00 0.000000e+00 2.154435e+03 -6.922291e-10 -2.557846e-10
1.000000e+00 0.000000e+00 1.000000e+04 -4.533986e-11 -1.693804e-11
1.000000e+00 0.000000e+00 4.641589e+04 -9.995002e-13 -3.708432e-13
1.000000e+00 0.000000e+00 2.154435e+05 -1.282872e-14 -4.698778e-15
1.000000e+00 0.000000e+00 1.000000e+06 -1.395324e-16 -5.034155e-17
1.000000e+00 1.111111e-01 1.000000e+00 2.907151e-06 2.907223e-06
1.000000e+00 1.111111e-01 4.641589e+00 1.463144e-06 1.097167e-06
1.000000e+00 1.111111e-01 2.154435e+01 4.955194e-08 4.671281e-08
1.000000e+00 1.111111e-01 1.000000e+02 -6.612043e-09 1.121938e-09
1.000000e+00 1.111111e-01 4.641589e+02 -3.936630e-09 -1.330342e-09
1.000000e+00 1.111111e-01 2.154435e+03 -6.883842e-10 -2.519107e-10
1.000000e+00 1.111111e-01 1.000000e+04 -4.479971e-11 -1.639786e-11
1.000000e+00 1.111111e-01 4.641589e+04 -9.825126e-13 -3.538637e-13
1.000000e+00 1.111111e-01 2.154435e+05 -1.255543e-14 -4.425620e-15
1.000000e+00 1.111111e-01 1.000000e+06 -1.360351e-16 -4.684566e-17
1.000000e+00 2.222222e-01 1.000000e+00 2.121827e-06 2.121878e-06
1.000000e+00 2.222222e-01 4.641589e+00 1.281262e-06 9.057912e-07
1.000000e+00 2.222222e-01 2.154435e+01 4.784755e-08 4.498733e-08
1.000000e+00 2.222222e-01 1.000000e+02 -6.858068e-09 8.879682e-10
1.000000e+00 2.222222e-01 4.641589e+02 -3.950070e-09 -1.342925e-09
1.000000e+00 2.222222e-01 2.154435e+03 -6.849916e-10 -2.484926e-10
1.000000e+00 2.222222e-01 1.000000e+04 -4.432310e-11 -1.592124e-11
1.000000e+00 2.222222e-01 4.641589e+04 -9.675234e-13 -3.388818e-13
1.000000e+00 2.222222e-01 2.154435e+05 -1.231429e-14 -4.184598e-15
1.000000e+00 2.222222e-01 1.000000e+06 -1.329492e-16 -4.376104e-17
1.000000e+00 3.333333e-01 1.000000e+00 1.291862e-06 1.291891e-06
1.000000e+00 3.333333e-01 4.641589e+00 1.116096e-06 7.326021e-07
1.000000e+00 3.333333e-01 2.154435e+01 4.635356e-08 4.347498e-08
1.000000e+00 3.333333e-01 1.000000e+02 -7.071257e-09 6.851886e-10
1.000000e+00 3.333333e-01 4.641589e+02 -3.961715e-09 -1.353830e-09
1.000000e+00 3.333333e-01 2.154435e+03 -6.820513e-10 -2.455301e-10
1.000000e+00 3.333333e-01 1.000000e+04 -4.391004e-11 -1.550816e-11
1.000000e+00 3.333333e-01 4.641589e+04 -9.545329e-13 -3.258975e-13
1.000000e+00 3.333333e-01 2.154435e+05 -1.210530e-14 -3.975712e-15
1.000000e+00 3.333333e-01 1.000000e+06 -1.302747e-16 -4.108770e-17
1.000000e+00 4.444444e-01 1.000000e+00 4.172568e-07 4.172635e-07
1.000000e+00 4.444444e-01 4.641589e+00 9.676462e-07 5.775997e-07
1.000000e+00 4.444444e-01 2.154435e+01 4.506999e-08 4.217577e-08
1.000000e+00 4.444444e-01 1.000000e+02 -7.251611e-09 5.135991e-10
1.000000e+00 4.444444e-01 4.641589e+02 -3.971566e-09 -1.363055e-09
1.000000e+00 4.444444e-01 2.154435e+03 -6.795634e-10 -2.430235e-10
1.000000e+00 4.444444e-01 1.000000e+04 -4.356053e-11 -1.515864e-11
1.000000e+00 4.444444e-01 4.641589e+04 -9.435409e-13 -3.149108e-13
1.000000e+00 4.444444e-01 2.154435e+05 -1.192847e-14 -3.798963e-15
1.000000e+00 4.444444e-01 1.000000e+06 -1.280118e-16 -3.882565e-17
1.000000e+00 5.555556e-01 1.000000e+00 -5.019900e-07 -5.020055e-07
1.000000e+00 5.555556e-01 4.641589e+00 8.359132e-07 4.407839e-07
1.000000e+00 5.555556e-01 2.154435e+01 4.399683e-08 4.108970e-08
1.000000e+00 5.555556e-01 1.000000e+02 -7.399129e-09 3.731996e-10
1.000000e+00 5.555556e-01 4.641589e+02 -3.979623e-09 -1.370603e-09
1.000000e+00 5.555556e-01 2.154435e+03 -6.775277e-10 -2.409725e-10
1.000000e+00 5.555556e-01 1.000000e+04 -4.327456e-11 -1.487266e-11
1.000000e+00 5.555556e-01 4.641589e+04 -9.345474e-13 -3.059217e-13
1.000000e+00 5.555556e-01 2.154435e+05 -1.178379e-14 -3.654350e-15
1.000000e+00 5.555556e-01 1.000000e+06 -1.261602e-16 -3.697488e-17
1.000000e+00 6.666667e-01 1.000000e+00 -1.465878e-06 -1.465916e-06
1.000000e+00 6.666667e-01 4.641589e+00 7.208969e-07 3.221547e-07
1.000000e+00 6.666667e-01 2.154435e+01 4.313408e-08 4.021676e-08
1.000000e+00 6.666667e-01 1.000000e+02 -7.513812e-09 2.639902e-10
1.000000e+00 6.666667e-01 4.641589e+02 -3.985885e-09 -1.376472e-09
1.000000e+00 6.666667e-01 2.154435e+03 -6.759443e-10 -2.393773e-10
1.000000e+00 6.666667e-01 1.000000e+04 -4.305215e-11 -1.465024e-11
1.000000e+00 6.666667e-01 4.641589e+04 -9.275525e-13 -2.989302e-13
1.000000e+00 6.666667e-01 2.154435e+05 -1.167125e-14 -3.541873e-15
1.000000e+00 6.666667e-01 1.000000e+06 -1.247201e-16 -3.553540e-17
1.000000e+00 7.777778e-01 1.000000e+00 -2.474406e-06 -2.474467e-06
1.000000e+00 7.777778e-01 4.641589e+00 6.225971e-07 2.217122e-07
1.000000e+00 7.777778e-01 2.154435e+01 4.248175e-08 3.955696e-08
1.000000e+00 7.777778e-01 1.000000e+02 -7.595658e-09 1.859707e-10
1.000000e+00 7.777778e-01 4.641589e+02 -3.990353e-09 -1.380662e-09
1.000000e+00 7.777778e-01 2.154435e+03 -6.748132e-10 -2.382379e-10
1.000000e+00 7.777778e-01 1.000000e+04 -4.289328e-11 -1.449136e-11
1.000000e+00 7.777778e-01 4.641589e+04 -9.225562e-13 -2.939362e-13
1.000000e+00 7.777778e-01 2.154435e+05 -1.159088e-14 -3.461533e-15
1.000000e+00 7.777778e-01 1.000000e+06 -1.236915e-16 -3.450719e-17
1.000000e+00 8.888889e-01 1.000000e+00 -3.527576e-06 -3.527660e-06
1.000000e+00 8.888889e-01 4.641589e+00 5.410139e-07 1.394564e-07
1.000000e+00 8.888889e-01 2.154435e+01 4.203982e-08 3.911030e-08
1.000000e+00 8.888889e-01 1.000000e+02 -7.644669e-09 1.391412e-10
1.000000e+00 8.888889e-01 4.641589e+02 -3.993026e-09 -1.383174e-09
1.000000e+00 8.888889e-01 2.154435e+03 -6.741345e-10 -2.375541e-10
1.000000e+00 8.888889e-01 1.000000e+04 -4.279796e-11 -1.439604e-11
1.000000e+00 8.888889e-01 4.641589e+04 -9.195585e-13 -2.909399e-13
1.000000e+00 8.888889e-01 2.154435e+05 -1.154265e-14 -3.413329e-15
1.000000e+00 8.888889e-01 1.000000e+06 -1.230744e-16 -3.389027e-17
1.000000e+00 1.000000e+00 1.000000e+00 -4.625387e-06 -4.625494e-06
1.000000e+00 1.000000e+00 4.641589e+00 4.761472e-07 7.538718e-08
1.000000e+00 1.000000e+00 2.154435e+01 4.180831e-08 3.887677e-08
1.000000e+00 1.000000e+00 1.000000e+02 -7.660844e-09 1.235018e-10
1.000000e+00 1.000000e+00 4.641589e+02 -3.993906e-09 -1.384007e-09
1.000000e+00 1.000000e+00 2.154435e+03 -6.739080e-10 -2.373262e-10
1.000000e+00 1.000000e+00 1.000000e+04 -4.276619e-11 -1.436426e-11
1.000000e+00 1.000000e+00 4.641589e+04 -9.185593e-13 -2.899411e-13
1.000000e+00 1.000000e+00 2.154435e+05 -1.152657e-14 -3.397261e-15
1.000000e+00 1.000000e+00 1.000000e+06 -1.228686e-16 -3.368463e-17
