# x y Q2 xsec_nu xsec_nub
1.000000e-04 0.000000e+00 1.000000e+00 1.694323e+01 1.700803e+01
1.000000e-04 0.000000e+00 4.641589e+00 5.826306e+01 5.837901e+01
1.000000e-04 0.000000e+00 2.154435e+01 1.285273e+02 1.286390e+02
1.000000e-04 0.000000e+00 1.000000e+02 2.098430e+02 2.099476e+02
1.000000e-04 0.000000e+00 4.641589e+02 2.708825e+02 2.709728e+02
1.000000e-04 0.000000e+00 2.154435e+03 2.306078e+02 2.306638e+02
1.000000e-04 0.000000e+00 1.000000e+04 7.871779e+01 7.873252e+01
1.000000e-04 0.000000e+00 4.641589e+04 9.143164e+00 9.144522e+00
1.000000e-04 0.000000e+00 2.154435e+05 6.048603e-01 6.049339e-01
1.000000e-04 0.000000e+00 1.000000e+06 3.352747e-02 3.353087e-02
1.000000e-04 1.111111e-01 1.000000e+00 1.576191e+01 1.582154e+01
1.000000e-04 1.111111e-01 4.641589e+00 5.414794e+01 5.425843e+01
1.000000e-04 1.111111e-01 2.154435e+01 1.176678e+02 1.177757e+02
1.000000e-04 1.111111e-01 1.000000e+02 1.913176e+02 1.914188e+02
1.000000e-04 1.111111e-01 4.641589e+02 2.455270e+02 2.456140e+02
1.000000e-04 1.111111e-01 2.154435e+03 2.083562e+02 2.084100e+02
1.000000e-04 1.111111e-01 1.000000e+04 7.098296e+01 7.099709e+01
1.000000e-04 1.111111e-01 4.641589e+04 8.234052e+00 8.235352e+00
1.000000e-04 1.111111e-01 2.154435e+05 5.442166e-01 5.442869e-01
1.000000e-04 1.111111e-01 1.000000e+06 3.014548e-02 3.014872e-02
1.000000e-04 2.222222e-01 1.000000e+00 1.456511e+01 1.461963e+01
1.000000e-04 2.222222e-01 4.641589e+00 5.032113e+01 5.042631e+01
1.000000e-04 2.222222e-01 2.154435e+01 1.077127e+02 1.078170e+02
1.000000e-04 2.222222e-01 1.000000e+02 1.743902e+02 1.744884e+02
1.000000e-04 2.222222e-01 4.641589e+02 2.224983e+02 2.225824e+02
1.000000e-04 2.222222e-01 2.154435e+03 1.882387e+02 1.882907e+02
1.000000e-04 2.222222e-01 1.000000e+04 6.401449e+01 6.402810e+01
1.000000e-04 2.222222e-01 4.641589e+04 7.417303e+00 7.418552e+00
1.000000e-04 2.222222e-01 2.154435e+05 4.898532e-01 4.899205e-01
1.000000e-04 2.222222e-01 1.000000e+06 2.711909e-02 2.712220e-02
1.000000e-04 3.333333e-01 1.000000e+00 1.335282e+01 1.340228e+01
1.000000e-04 3.333333e-01 4.641589e+00 4.678264e+01 4.688264e+01
1.000000e-04 3.333333e-01 2.154435e+01 9.866201e+01 9.876298e+01
1.000000e-04 3.333333e-01 1.000000e+02 1.590608e+02 1.591563e+02
1.000000e-04 3.333333e-01 4.641589e+02 2.017965e+02 2.018780e+02
1.000000e-04 3.333333e-01 2.154435e+03 1.702554e+02 1.703057e+02
1.000000e-04 3.333333e-01 1.000000e+04 5.781241e+01 5.782555e+01
1.000000e-04 3.333333e-01 4.641589e+04 6.692919e+00 6.694123e+00
1.000000e-04 3.333333e-01 2.154435e+05 4.417700e-01 4.418347e-01
1.000000e-04 3.333333e-01 1.000000e+06 2.444831e-02 2.445129e-02
1.000000e-04 4.444444e-01 1.000000e+00 1.212505e+01 1.216951e+01
1.000000e-04 4.444444e-01 4.641589e+00 4.353247e+01 4.362743e+01
1.000000e-04 4.444444e-01 2.154435e+01 9.051566e+01 9.061359e+01
1.000000e-04 4.444444e-01 1.000000e+02 1.453294e+02 1.454225e+02
1.000000e-04 4.444444e-01 4.641589e+02 1.834216e+02 1.835008e+02
1.000000e-04 4.444444e-01 2.154435e+03 1.544062e+02 1.544551e+02
1.000000e-04 4.444444e-01 1.000000e+04 5.237669e+01 5.238944e+01
1.000000e-04 4.444444e-01 4.641589e+04 6.060898e+00 6.062064e+00
1.000000e-04 4.444444e-01 2.154435e+05 3.999670e-01 4.000295e-01
1.000000e-04 4.444444e-01 1.000000e+06 2.213314e-02 2.213601e-02
1.000000e-04 5.555556e-01 1.000000e+00 1.088180e+01 1.092130e+01
1.000000e-04 5.555556e-01 4.641589e+00 4.057062e+01 4.066066e+01
1.000000e-04 5.555556e-01 2.154435e+01 8.327366e+01 8.336885e+01
1.000000e-04 5.555556e-01 1.000000e+02 1.331960e+02 1.332870e+02
1.000000e-04 5.555556e-01 4.641589e+02 1.673735e+02 1.674509e+02
1.000000e-04 5.555556e-01 2.154435e+03 1.406912e+02 1.407389e+02
1.000000e-04 5.555556e-01 1.000000e+04 4.770735e+01 4.771976e+01
1.000000e-04 5.555556e-01 4.641589e+04 5.521242e+00 5.522375e+00
1.000000e-04 5.555556e-01 2.154435e+05 3.644442e-01 3.645049e-01
1.000000e-04 5.555556e-01 1.000000e+06 2.017357e-02 2.017636e-02
1.000000e-04 6.666667e-01 1.000000e+00 9.623075e+00 9.657662e+00
1.000000e-04 6.666667e-01 4.641589e+00 3.789708e+01 3.798235e+01
1.000000e-04 6.666667e-01 2.154435e+01 7.693604e+01 7.702874e+01
1.000000e-04 6.666667e-01 1.000000e+02 1.226605e+02 1.227499e+02
1.000000e-04 6.666667e-01 4.641589e+02 1.536523e+02 1.537281e+02
1.000000e-04 6.666667e-01 2.154435e+03 1.291103e+02 1.291571e+02
1.000000e-04 6.666667e-01 1.000000e+04 4.380437e+01 4.381653e+01
1.000000e-04 6.666667e-01 4.641589e+04 5.073949e+00 5.075057e+00
1.000000e-04 6.666667e-01 2.154435e+05 3.352016e-01 3.352608e-01
1.000000e-04 6.666667e-01 1.000000e+06 1.856960e-02 1.857232e-02
1.000000e-04 7.777778e-01 1.000000e+00 8.348863e+00 8.378594e+00
1.000000e-04 7.777778e-01 4.641589e+00 3.551186e+01 3.559250e+01
1.000000e-04 7.777778e-01 2.154435e+01 7.150277e+01 7.159328e+01
1.000000e-04 7.777778e-01 1.000000e+02 1.137231e+02 1.138111e+02
1.000000e-04 7.777778e-01 4.641589e+02 1.422579e+02 1.423325e+02
1.000000e-04 7.777778e-01 2.154435e+03 1.196637e+02 1.197097e+02
1.000000e-04 7.777778e-01 1.000000e+04 4.066778e+01 4.067973e+01
1.000000e-04 7.777778e-01 4.641589e+04 4.719020e+00 4.720110e+00
1.000000e-04 7.777778e-01 2.154435e+05 3.122392e-01 3.122974e-01
1.000000e-04 7.777778e-01 1.000000e+06 1.732124e-02 1.732391e-02
1.000000e-04 8.888889e-01 1.000000e+00 7.059170e+00 7.084095e+00
1.000000e-04 8.888889e-01 4.641589e+00 3.341496e+01 3.349110e+01
1.000000e-04 8.888889e-01 2.154435e+01 6.697387e+01 6.706247e+01
1.000000e-04 8.888889e-01 1.000000e+02 1.063836e+02 1.064706e+02
1.000000e-04 8.888889e-01 4.641589e+02 1.331904e+02 1.332642e+02
1.000000e-04 8.888889e-01 2.154435e+03 1.123511e+02 1.123966e+02
1.000000e-04 8.888889e-01 1.000000e+04 3.829755e+01 3.830937e+01
1.000000e-04 8.888889e-01 4.641589e+04 4.456456e+00 4.457533e+00
1.000000e-04 8.888889e-01 2.154435e+05 2.955570e-01 2.956145e-01
1.000000e-04 8.888889e-01 1.000000e+06 1.642849e-02 1.643113e-02
1.000000e-04 1.000000e+00 1.000000e+00 5.753995e+00 5.774166e+00
1.000000e-04 1.000000e+00 4.641589e+00 3.160637e+01 3.167815e+01
1.000000e-04 1.000000e+00 2.154435e+01 6.334934e+01 6.343629e+01
1.000000e-04 1.000000e+00 1.000000e+02 1.006421e+02 1.007284e+02
1.000000e-04 1.000000e+00 4.641589e+02 1.264498e+02 1.265230e+02
1.000000e-04 1.000000e+00 2.154435e+03 1.071728e+02 1.072180e+02
1.000000e-04 1.000000e+00 1.000000e+04 3.669370e+01 3.670544e+01
1.000000e-04 1.000000e+00 4.641589e+04 4.286255e+00 4.287326e+00
1.000000e-04 1.000000e+00 2.154435e+05 2.851551e-01 2.852123e-01
1.000000e-04 1.000000e+00 1.000000e+06 1.589134e-02 1.589396e-02
2.782559e-04 0.000000e+00 1.000000e+00 6.399756e+00 6.410205e+00
2.782559e-04 0.000000e+00 4.641589e+00 1.740918e+01 1.744127e+01
2.782559e-04 0.000000e+00 2.154435e+01 3.646522e+01 3.649681e+01
2.782559e-04 0.000000e+00 1.000000e+02 5.709867e+01 5.712611e+01
2.782559e-04 0.000000e+00 4.641589e+02 7.109343e+01 7.111478e+01
2.782559e-04 0.000000e+00 2.154435e+03 5.873925e+01 5.875092e+01
2.782559e-04 0.000000e+00 1.000000e+04 1.954771e+01 1.955037e+01
2.782559e-04 0.000000e+00 4.641589e+04 2.221095e+00 2.221298e+00
2.782559e-04 0.000000e+00 2.154435e+05 1.441206e-01 1.441295e-01
2.782559e-04 0.000000e+00 1.000000e+06 7.852411e-03 7.852717e-03
2.782559e-04 1.111111e-01 1.000000e+00 5.892894e+00 5.902427e+00
2.782559e-04 1.111111e-01 4.641589e+00 1.619992e+01 1.623044e+01
2.782559e-04 1.111111e-01 2.154435e+01 3.349373e+01 3.352417e+01
2.782559e-04 1.111111e-01 1.000000e+02 5.222073e+01 5.224717e+01
2.782559e-04 1.111111e-01 4.641589e+02 6.461758e+01 6.463800e+01
2.782559e-04 1.111111e-01 2.154435e+03 5.320317e+01 5.321423e+01
2.782559e-04 1.111111e-01 1.000000e+04 1.766657e+01 1.766906e+01
2.782559e-04 1.111111e-01 4.641589e+04 2.004368e+00 2.004555e+00
2.782559e-04 1.111111e-01 2.154435e+05 1.299177e-01 1.299256e-01
2.782559e-04 1.111111e-01 1.000000e+06 7.072833e-03 7.073096e-03
2.782559e-04 2.222222e-01 1.000000e+00 5.386814e+00 5.395443e+00
2.782559e-04 2.222222e-01 4.641589e+00 1.506536e+01 1.509435e+01
2.782559e-04 2.222222e-01 2.154435e+01 3.075784e+01 3.078722e+01
2.782559e-04 2.222222e-01 1.000000e+02 4.775563e+01 4.778118e+01
2.782559e-04 2.222222e-01 4.641589e+02 5.873381e+01 5.875340e+01
2.782559e-04 2.222222e-01 2.154435e+03 4.819926e+01 4.820978e+01
2.782559e-04 2.222222e-01 1.000000e+04 1.597271e+01 1.597505e+01
2.782559e-04 2.222222e-01 4.641589e+04 1.809787e+00 1.809961e+00
2.782559e-04 2.222222e-01 2.154435e+05 1.171947e-01 1.172018e-01
2.782559e-04 2.222222e-01 1.000000e+06 6.375732e-03 6.375957e-03
2.782559e-04 3.333333e-01 1.000000e+00 4.881517e+00 4.889251e+00
2.782559e-04 3.333333e-01 4.641589e+00 1.400550e+01 1.403299e+01
2.782559e-04 3.333333e-01 2.154435e+01 2.825756e+01 2.828596e+01
2.782559e-04 3.333333e-01 1.000000e+02 4.370335e+01 4.372811e+01
2.782559e-04 3.333333e-01 4.641589e+02 5.344210e+01 5.346096e+01
2.782559e-04 3.333333e-01 2.154435e+03 4.372751e+01 4.373756e+01
2.782559e-04 3.333333e-01 1.000000e+04 1.446612e+01 1.446833e+01
2.782559e-04 3.333333e-01 4.641589e+04 1.637355e+00 1.637516e+00
2.782559e-04 3.333333e-01 2.154435e+05 1.059516e-01 1.059581e-01
2.782559e-04 3.333333e-01 1.000000e+06 5.761108e-03 5.761301e-03
2.782559e-04 4.444444e-01 1.000000e+00 4.377001e+00 4.383852e+00
2.782559e-04 4.444444e-01 4.641589e+00 1.302034e+01 1.304636e+01
2.782559e-04 4.444444e-01 2.154435e+01 2.599287e+01 2.602039e+01
2.782559e-04 4.444444e-01 1.000000e+02 4.006391e+01 4.008799e+01
2.782559e-04 4.444444e-01 4.641589e+02 4.874246e+01 4.876070e+01
2.782559e-04 4.444444e-01 2.154435e+03 3.978793e+01 3.979758e+01
2.782559e-04 4.444444e-01 1.000000e+04 1.314681e+01 1.314890e+01
2.782559e-04 4.444444e-01 4.641589e+04 1.487069e+00 1.487221e+00
2.782559e-04 4.444444e-01 2.154435e+05 9.618841e-02 9.619435e-02
2.782559e-04 4.444444e-01 1.000000e+06 5.228962e-03 5.229128e-03
2.782559e-04 5.555556e-01 1.000000e+00 3.873269e+00 3.879246e+00
2.782559e-04 5.555556e-01 4.641589e+00 1.210988e+01 1.213447e+01
2.782559e-04 5.555556e-01 2.154435e+01 2.396379e+01 2.399050e+01
2.782559e-04 5.555556e-01 1.000000e+02 3.683729e+01 3.686080e+01
2.782559e-04 5.555556e-01 4.641589e+02 4.463488e+01 4.465261e+01
2.782559e-04 5.555556e-01 2.154435e+03 3.638052e+01 3.638984e+01
2.782559e-04 5.555556e-01 1.000000e+04 1.201477e+01 1.201678e+01
2.782559e-04 5.555556e-01 4.641589e+04 1.358932e+00 1.359075e+00
2.782559e-04 5.555556e-01 2.154435e+05 8.790518e-02 8.791066e-02
2.782559e-04 5.555556e-01 1.000000e+06 4.779294e-03 4.779437e-03
2.782559e-04 6.666667e-01 1.000000e+00 3.370318e+00 3.375432e+00
2.782559e-04 6.666667e-01 4.641589e+00 1.127412e+01 1.129731e+01
2.782559e-04 6.666667e-01 2.154435e+01 2.217031e+01 2.219631e+01
2.782559e-04 6.666667e-01 1.000000e+02 3.402351e+01 3.404655e+01
2.782559e-04 6.666667e-01 4.641589e+02 4.111938e+01 4.113670e+01
2.782559e-04 6.666667e-01 2.154435e+03 3.350527e+01 3.351433e+01
2.782559e-04 6.666667e-01 1.000000e+04 1.107002e+01 1.107195e+01
2.782559e-04 6.666667e-01 4.641589e+04 1.252941e+00 1.253078e+00
2.782559e-04 6.666667e-01 2.154435e+05 8.110189e-02 8.110701e-02
2.782559e-04 6.666667e-01 1.000000e+06 4.412103e-03 4.412229e-03
2.782559e-04 7.777778e-01 1.000000e+00 2.868150e+00 2.872411e+00
2.782559e-04 7.777778e-01 4.641589e+00 1.051305e+01 1.053488e+01
2.782559e-04 7.777778e-01 2.154435e+01 2.061243e+01 2.063780e+01
2.782559e-04 7.777778e-01 1.000000e+02 3.162256e+01 3.164524e+01
2.782559e-04 7.777778e-01 4.641589e+02 3.819594e+01 3.821295e+01
2.782559e-04 7.777778e-01 2.154435e+03 3.116218e+01 3.117105e+01
2.782559e-04 7.777778e-01 1.000000e+04 1.031254e+01 1.031442e+01
2.782559e-04 7.777778e-01 4.641589e+04 1.169099e+00 1.169231e+00
2.782559e-04 7.777778e-01 2.154435e+05 7.577853e-02 7.578340e-02
2.782559e-04 7.777778e-01 1.000000e+06 4.127389e-03 4.127503e-03
2.782559e-04 8.888889e-01 1.000000e+00 2.366763e+00 2.370183e+00
2.782559e-04 8.888889e-01 4.641589e+00 9.826684e+00 9.847184e+00
2.782559e-04 8.888889e-01 2.154435e+01 1.929015e+01 1.931498e+01
2.782559e-04 8.888889e-01 1.000000e+02 2.963444e+01 2.965686e+01
2.782559e-04 8.888889e-01 4.641589e+02 3.586457e+01 3.588138e+01
2.782559e-04 8.888889e-01 2.154435e+03 2.935126e+01 2.936001e+01
2.782559e-04 8.888889e-01 1.000000e+04 9.742335e+00 9.744190e+00
2.782559e-04 8.888889e-01 4.641589e+04 1.107404e+00 1.107533e+00
2.782559e-04 8.888889e-01 2.154435e+05 7.193509e-02 7.193983e-02
2.782559e-04 8.888889e-01 1.000000e+06 3.925153e-03 3.925261e-03
2.782559e-04 1.000000e+00 1.000000e+00 1.866160e+00 1.868748e+00
2.782559e-04 1.000000e+00 4.641589e+00 9.215017e+00 9.234221e+00
2.782559e-04 1.000000e+00 2.154435e+01 1.820347e+01 1.822785e+01
2.782559e-04 1.000000e+00 1.000000e+02 2.805915e+01 2.808142e+01
2.782559e-04 1.000000e+00 4.641589e+02 3.412527e+01 3.414198e+01
2.782559e-04 1.000000e+00 2.154435e+03 2.807251e+01 2.808121e+01
2.782559e-04 1.000000e+00 1.000000e+04 9.359410e+00 9.361254e+00
2.782559e-04 1.000000e+00 4.641589e+04 1.067856e+00 1.067985e+00
2.782559e-04 1.000000e+00 2.154435e+05 6.957159e-02 6.957629e-02
2.782559e-04 1.000000e+00 1.000000e+06 3.805394e-03 3.805500e-03
7.742637e-04 0.000000e+00 1.000000e+00 2.255288e+00 2.251243e+00
7.742637e-04 0.000000e+00 4.641589e+00 5.116466e+00 5.118873e+00
7.742637e-04 0.000000e+00 2.154435e+01 1.016631e+01 1.016782e+01
7.742637e-04 0.000000e+00 1.000000e+02 1.519867e+01 1.519794e+01
7.742637e-04 0.000000e+00 4.641589e+02 1.819560e+01 1.819281e+01
7.742637e-04 0.000000e+00 2.154435e+03 1.455869e+01 1.455555e+01
7.742637e-04 0.000000e+00 1.000000e+04 4.715503e+00 4.714299e+00
7.742637e-04 0.000000e+00 4.641589e+04 5.234190e-01 5.232705e-01
7.742637e-04 0.000000e+00 2.154435e+05 3.327435e-02 3.326430e-02
7.742637e-04 0.000000e+00 1.000000e+06 1.780246e-03 1.779680e-03
7.742637e-04 1.111111e-01 1.000000e+00 2.060318e+00 2.056521e+00
7.742637e-04 1.111111e-01 4.641589e+00 4.764174e+00 4.766434e+00
7.742637e-04 1.111111e-01 2.154435e+01 9.370414e+00 9.371807e+00
7.742637e-04 1.111111e-01 1.000000e+02 1.394958e+01 1.394875e+01
7.742637e-04 1.111111e-01 4.641589e+02 1.659252e+01 1.658963e+01
7.742637e-04 1.111111e-01 2.154435e+03 1.322654e+01 1.322334e+01
7.742637e-04 1.111111e-01 1.000000e+04 4.273699e+00 4.272481e+00
7.742637e-04 1.111111e-01 4.641589e+04 4.735867e-01 4.734371e-01
7.742637e-04 1.111111e-01 2.154435e+05 3.006932e-02 3.005922e-02
7.742637e-04 1.111111e-01 1.000000e+06 1.607254e-03 1.606687e-03
7.742637e-04 2.222222e-01 1.000000e+00 1.867379e+00 1.863826e+00
7.742637e-04 2.222222e-01 4.641589e+00 4.430222e+00 4.432333e+00
7.742637e-04 2.222222e-01 2.154435e+01 8.634110e+00 8.635393e+00
7.742637e-04 2.222222e-01 1.000000e+02 1.280420e+01 1.280328e+01
7.742637e-04 2.222222e-01 4.641589e+02 1.513565e+01 1.513267e+01
7.742637e-04 2.222222e-01 2.154435e+03 1.202290e+01 1.201965e+01
7.742637e-04 2.222222e-01 1.000000e+04 3.876138e+00 3.874909e+00
7.742637e-04 2.222222e-01 4.641589e+04 4.288813e-01 4.287308e-01
7.742637e-04 2.222222e-01 2.154435e+05 2.720058e-02 2.719043e-02
7.742637e-04 2.222222e-01 1.000000e+06 1.452690e-03 1.452121e-03
7.742637e-04 3.333333e-01 1.000000e+00 1.676471e+00 1.673159e+00
7.742637e-04 3.333333e-01 4.641589e+00 4.114611e+00 4.116570e+00
7.742637e-04 3.333333e-01 2.154435e+01 7.957392e+00 7.958580e+00
7.742637e-04 3.333333e-01 1.000000e+02 1.176254e+01 1.176154e+01
7.742637e-04 3.333333e-01 4.641589e+02 1.382498e+01 1.382194e+01
7.742637e-04 3.333333e-01 2.154435e+03 1.094777e+01 1.094448e+01
7.742637e-04 3.333333e-01 1.000000e+04 3.522822e+00 3.521584e+00
7.742637e-04 3.333333e-01 4.641589e+04 3.893027e-01 3.891516e-01
7.742637e-04 3.333333e-01 2.154435e+05 2.466812e-02 2.465794e-02
7.742637e-04 3.333333e-01 1.000000e+06 1.316553e-03 1.315983e-03
7.742637e-04 4.444444e-01 1.000000e+00 1.487594e+00 1.484519e+00
7.742637e-04 4.444444e-01 4.641589e+00 3.817340e+00 3.819145e+00
7.742637e-04 4.444444e-01 2.154435e+01 7.340261e+00 7.341366e+00
7.742637e-04 4.444444e-01 1.000000e+02 1.082459e+01 1.082354e+01
7.742637e-04 4.444444e-01 4.641589e+02 1.266053e+01 1.265744e+01
7.742637e-04 4.444444e-01 2.154435e+03 1.000115e+01 9.997836e+00
7.742637e-04 4.444444e-01 1.000000e+04 3.213748e+00 3.212505e+00
7.742637e-04 4.444444e-01 4.641589e+04 3.548510e-01 3.546994e-01
7.742637e-04 4.444444e-01 2.154435e+05 2.247195e-02 2.246175e-02
7.742637e-04 4.444444e-01 1.000000e+06 1.198844e-03 1.198274e-03
7.742637e-04 5.555556e-01 1.000000e+00 1.300749e+00 1.297907e+00
7.742637e-04 5.555556e-01 4.641589e+00 3.538409e+00 3.540058e+00
7.742637e-04 5.555556e-01 2.154435e+01 6.782717e+00 6.783753e+00
7.742637e-04 5.555556e-01 1.000000e+02 9.990354e+00 9.989264e+00
7.742637e-04 5.555556e-01 4.641589e+02 1.164228e+01 1.163916e+01
7.742637e-04 5.555556e-01 2.154435e+03 9.183046e+00 9.179713e+00
7.742637e-04 5.555556e-01 1.000000e+04 2.948918e+00 2.947672e+00
7.742637e-04 5.555556e-01 4.641589e+04 3.255261e-01 3.253744e-01
7.742637e-04 5.555556e-01 2.154435e+05 2.061206e-02 2.060185e-02
7.742637e-04 5.555556e-01 1.000000e+06 1.099563e-03 1.098992e-03
7.742637e-04 6.666667e-01 1.000000e+00 1.115935e+00 1.113322e+00
7.742637e-04 6.666667e-01 4.641589e+00 3.277819e+00 3.279308e+00
7.742637e-04 6.666667e-01 2.154435e+01 6.284760e+00 6.285740e+00
7.742637e-04 6.666667e-01 1.000000e+02 9.259831e+00 9.258720e+00
7.742637e-04 6.666667e-01 4.641589e+02 1.077023e+01 1.076710e+01
7.742637e-04 6.666667e-01 2.154435e+03 8.493449e+00 8.490111e+00
7.742637e-04 6.666667e-01 1.000000e+04 2.728332e+00 2.727085e+00
7.742637e-04 6.666667e-01 4.641589e+04 3.013281e-01 3.011764e-01
7.742637e-04 6.666667e-01 2.154435e+05 1.908845e-02 1.907825e-02
7.742637e-04 6.666667e-01 1.000000e+06 1.018708e-03 1.018138e-03
7.742637e-04 7.777778e-01 1.000000e+00 9.331530e-01 9.307639e-01
7.742637e-04 7.777778e-01 4.641589e+00 3.035569e+00 3.036897e+00
7.742637e-04 7.777778e-01 2.154435e+01 5.846390e+00 5.847326e+00
7.742637e-04 7.777778e-01 1.000000e+02 8.633022e+00 8.631908e+00
7.742637e-04 7.777778e-01 4.641589e+02 1.004439e+01 1.004126e+01
7.742637e-04 7.777778e-01 2.154435e+03 7.932364e+00 7.929030e+00
7.742637e-04 7.777778e-01 1.000000e+04 2.551989e+00 2.550744e+00
7.742637e-04 7.777778e-01 4.641589e+04 2.822569e-01 2.821056e-01
7.742637e-04 7.777778e-01 2.154435e+05 1.790113e-02 1.789095e-02
7.742637e-04 7.777778e-01 1.000000e+06 9.562817e-04 9.557127e-04
7.742637e-04 8.888889e-01 1.000000e+00 7.524019e-01 7.502336e-01
7.742637e-04 8.888889e-01 4.641589e+00 2.811659e+00 2.812824e+00
7.742637e-04 8.888889e-01 2.154435e+01 5.467606e+00 5.468513e+00
7.742637e-04 8.888889e-01 1.000000e+02 8.109926e+00 8.108826e+00
7.742637e-04 8.888889e-01 4.641589e+02 9.464765e+00 9.461652e+00
7.742637e-04 8.888889e-01 2.154435e+03 7.499789e+00 7.496471e+00
7.742637e-04 8.888889e-01 1.000000e+04 2.419890e+00 2.418650e+00
7.742637e-04 8.888889e-01 4.641589e+04 2.683126e-01 2.681618e-01
7.742637e-04 8.888889e-01 2.154435e+05 1.705009e-02 1.703995e-02
7.742637e-04 8.888889e-01 1.000000e+06 9.122825e-04 9.117151e-04
7.742637e-04 1.000000e+00 1.000000e+00 5.736822e-01 5.717307e-01
7.742637e-04 1.000000e+00 4.641589e+00 2.606090e+00 2.607089e+00
7.742637e-04 1.000000e+00 2.154435e+01 5.148410e+00 5.149300e+00
7.742637e-04 1.000000e+00 1.000000e+02 7.690544e+00 7.689475e+00
7.742637e-04 1.000000e+00 4.641589e+02 9.031342e+00 9.028266e+00
7.742637e-04 1.000000e+00 2.154435e+03 7.195725e+00 7.192433e+00
7.742637e-04 1.000000e+00 1.000000e+04 2.332034e+00 2.330802e+00
7.742637e-04 1.000000e+00 4.641589e+04 2.594951e-01 2.593451e-01
7.742637e-04 1.000000e+00 2.154435e+05 1.653534e-02 1.652524e-02
7.742637e-04 1.000000e+00 1.000000e+06 8.867108e-04 8.861455e-04
2.154435e-03 0.000000e+00 1.000000e+00 6.797003e-01 6.706127e-01
2.154435e-03 0.000000e+00 4.641589e+00 1.466663e+00 1.459670e+00
2.154435e-03 0.000000e+00 2.154435e+01 2.748315e+00 2.741414e+00
2.154435e-03 0.000000e+00 1.000000e+02 3.909104e+00 3.901083e+00
2.154435e-03 0.000000e+00 4.641589e+02 4.485457e+00 4.476804e+00
2.154435e-03 0.000000e+00 2.154435e+03 3.467672e+00 3.461234e+00
2.154435e-03 0.000000e+00 1.000000e+04 1.091227e+00 1.089253e+00
2.154435e-03 0.000000e+00 4.641589e+04 1.181559e-01 1.179460e-01
2.154435e-03 0.000000e+00 2.154435e+05 7.349943e-03 7.337066e-03
2.154435e-03 0.000000e+00 1.000000e+06 3.857278e-04 3.850578e-04
2.154435e-03 1.111111e-01 1.000000e+00 6.185984e-01 6.101710e-01
2.154435e-03 1.111111e-01 4.641589e+00 1.364765e+00 1.358061e+00
2.154435e-03 1.111111e-01 2.154435e+01 2.541516e+00 2.534794e+00
2.154435e-03 1.111111e-01 1.000000e+02 3.601542e+00 3.593668e+00
2.154435e-03 1.111111e-01 4.641589e+02 4.105517e+00 4.096996e+00
2.154435e-03 1.111111e-01 2.154435e+03 3.161590e+00 3.155240e+00
2.154435e-03 1.111111e-01 1.000000e+04 9.923441e-01 9.903950e-01
2.154435e-03 1.111111e-01 4.641589e+04 1.072535e-01 1.070461e-01
2.154435e-03 1.111111e-01 2.154435e+05 6.662627e-03 6.649895e-03
2.154435e-03 1.111111e-01 1.000000e+06 3.492865e-04 3.486237e-04
2.154435e-03 2.222222e-01 1.000000e+00 5.583167e-01 5.505434e-01
2.154435e-03 2.222222e-01 4.641589e+00 1.267158e+00 1.260733e+00
2.154435e-03 2.222222e-01 2.154435e+01 2.349268e+00 2.342717e+00
2.154435e-03 2.222222e-01 1.000000e+02 3.319084e+00 3.311348e+00
2.154435e-03 2.222222e-01 4.641589e+02 3.760223e+00 3.751827e+00
2.154435e-03 2.222222e-01 2.154435e+03 2.885196e+00 2.878928e+00
2.154435e-03 2.222222e-01 1.000000e+04 9.034368e-01 9.015108e-01
2.154435e-03 2.222222e-01 4.641589e+04 9.748169e-02 9.727656e-02
2.154435e-03 2.222222e-01 2.154435e+05 6.048000e-03 6.035400e-03
2.154435e-03 2.222222e-01 1.000000e+06 3.167567e-04 3.161005e-04
2.154435e-03 3.333333e-01 1.000000e+00 4.988551e-01 4.917299e-01
2.154435e-03 3.333333e-01 4.641589e+00 1.173842e+00 1.167684e+00
2.154435e-03 3.333333e-01 2.154435e+01 2.171572e+00 2.165182e+00
2.154435e-03 3.333333e-01 1.000000e+02 3.061730e+00 3.054122e+00
2.154435e-03 3.333333e-01 4.641589e+02 3.449576e+00 3.441297e+00
2.154435e-03 3.333333e-01 2.154435e+03 2.638490e+00 2.632298e+00
2.154435e-03 3.333333e-01 1.000000e+04 8.245052e-01 8.226004e-01
2.154435e-03 3.333333e-01 4.641589e+04 8.884047e-02 8.863743e-02
2.154435e-03 3.333333e-01 2.154435e+05 5.506061e-03 5.493581e-03
2.154435e-03 3.333333e-01 1.000000e+06 2.881384e-04 2.874883e-04
2.154435e-03 4.444444e-01 1.000000e+00 4.402138e-01 4.337306e-01
2.154435e-03 4.444444e-01 4.641589e+00 1.084816e+00 1.078915e+00
2.154435e-03 4.444444e-01 2.154435e+01 2.008427e+00 2.002190e+00
2.154435e-03 4.444444e-01 1.000000e+02 2.829479e+00 2.821992e+00
2.154435e-03 4.444444e-01 4.641589e+02 3.173576e+00 3.165405e+00
2.154435e-03 4.444444e-01 2.154435e+03 2.421472e+00 2.415351e+00
2.154435e-03 4.444444e-01 1.000000e+04 7.555493e-01 7.536640e-01
2.154435e-03 4.444444e-01 4.641589e+04 8.132984e-02 8.112871e-02
2.154435e-03 4.444444e-01 2.154435e+05 5.036809e-03 5.024440e-03
2.154435e-03 4.444444e-01 1.000000e+06 2.634317e-04 2.627870e-04
2.154435e-03 5.555556e-01 1.000000e+00 3.823927e-01 3.765453e-01
2.154435e-03 5.555556e-01 4.641589e+00 1.000082e+00 9.944267e-01
2.154435e-03 5.555556e-01 2.154435e+01 1.859835e+00 1.853741e+00
2.154435e-03 5.555556e-01 1.000000e+02 2.622332e+00 2.614956e+00
2.154435e-03 5.555556e-01 4.641589e+02 2.932223e+00 2.924151e+00
2.154435e-03 5.555556e-01 2.154435e+03 2.234142e+00 2.228085e+00
2.154435e-03 5.555556e-01 1.000000e+04 6.965691e-01 6.947014e-01
2.154435e-03 5.555556e-01 4.641589e+04 7.494981e-02 7.475040e-02
2.154435e-03 5.555556e-01 2.154435e+05 4.640246e-03 4.627974e-03
2.154435e-03 5.555556e-01 1.000000e+06 2.426366e-04 2.419967e-04
2.154435e-03 6.666667e-01 1.000000e+00 3.253917e-01 3.201742e-01
2.154435e-03 6.666667e-01 4.641589e+00 9.196381e-01 9.142180e-01
2.154435e-03 6.666667e-01 2.154435e+01 1.725794e+00 1.719835e+00
2.154435e-03 6.666667e-01 1.000000e+02 2.440289e+00 2.433015e+00
2.154435e-03 6.666667e-01 4.641589e+02 2.725517e+00 2.717536e+00
2.154435e-03 6.666667e-01 2.154435e+03 2.076500e+00 2.070501e+00
2.154435e-03 6.666667e-01 1.000000e+04 6.475647e-01 6.457128e-01
2.154435e-03 6.666667e-01 4.641589e+04 6.970037e-02 6.950250e-02
2.154435e-03 6.666667e-01 2.154435e+05 4.316371e-03 4.304186e-03
2.154435e-03 6.666667e-01 1.000000e+06 2.257529e-04 2.251173e-04
2.154435e-03 7.777778e-01 1.000000e+00 2.692110e-01 2.646172e-01
2.154435e-03 7.777778e-01 4.641589e+00 8.434853e-01 8.382893e-01
2.154435e-03 7.777778e-01 2.154435e+01 1.606304e+00 1.600472e+00
2.154435e-03 7.777778e-01 1.000000e+02 2.283349e+00 2.276170e+00
2.154435e-03 7.777778e-01 4.641589e+02 2.553458e+00 2.545559e+00
2.154435e-03 7.777778e-01 2.154435e+03 1.948547e+00 1.942600e+00
2.154435e-03 7.777778e-01 1.000000e+04 6.085359e-01 6.066980e-01
2.154435e-03 7.777778e-01 4.641589e+04 6.558154e-02 6.538500e-02
2.154435e-03 7.777778e-01 2.154435e+05 4.065184e-03 4.053074e-03
2.154435e-03 7.777778e-01 1.000000e+06 2.127809e-04 2.121489e-04
2.154435e-03 8.888889e-01 1.000000e+00 2.138504e-01 2.098743e-01
2.154435e-03 8.888889e-01 4.641589e+00 7.716233e-01 7.666406e-01
2.154435e-03 8.888889e-01 2.154435e+01 1.501367e+00 1.495651e+00
2.154435e-03 8.888889e-01 1.000000e+02 2.151513e+00 2.144419e+00
2.154435e-03 8.888889e-01 4.641589e+02 2.416046e+00 2.408221e+00
2.154435e-03 8.888889e-01 2.154435e+03 1.850281e+00 1.844380e+00
2.154435e-03 8.888889e-01 1.000000e+04 5.794829e-01 5.776572e-01
2.154435e-03 8.888889e-01 4.641589e+04 6.259330e-02 6.239792e-02
2.154435e-03 8.888889e-01 2.154435e+05 3.886685e-03 3.874639e-03
2.154435e-03 8.888889e-01 1.000000e+06 2.037203e-04 2.030914e-04
2.154435e-03 1.000000e+00 1.000000e+00 1.593101e-01 1.559455e-01
2.154435e-03 1.000000e+00 4.641589e+00 7.040521e-01 6.992718e-01
2.154435e-03 1.000000e+00 2.154435e+01 1.410981e+00 1.405374e+00
2.154435e-03 1.000000e+00 1.000000e+02 2.044781e+00 2.037763e+00
2.154435e-03 1.000000e+00 4.641589e+02 2.313281e+00 2.305521e+00
2.154435e-03 1.000000e+00 2.154435e+03 1.781704e+00 1.775843e+00
2.154435e-03 1.000000e+00 1.000000e+04 5.604056e-01 5.585903e-01
2.154435e-03 1.000000e+00 4.641589e+04 6.073567e-02 6.054124e-02
2.154435e-03 1.000000e+00 2.154435e+05 3.780875e-03 3.768881e-03
2.154435e-03 1.000000e+00 1.000000e+06 1.985714e-04 1.979449e-04
5.994843e-03 0.000000e+00 1.000000e+00 1.680911e-01 1.616156e-01
5.994843e-03 0.000000e+00 4.641589e+00 3.938847e-01 3.852989e-01
5.994843e-03 0.000000e+00 2.154435e+01 6.980535e-01 6.899447e-01
5.994843e-03 0.000000e+00 1.000000e+02 9.436500e-01 9.351915e-01
5.994843e-03 0.000000e+00 4.641589e+02 1.035666e+00 1.027368e+00
5.994843e-03 0.000000e+00 2.154435e+03 7.723266e-01 7.665678e-01
5.994843e-03 0.000000e+00 1.000000e+04 2.357810e-01 2.341076e-01
5.994843e-03 0.000000e+00 4.641589e+04 2.487031e-02 2.469982e-02
5.994843e-03 0.000000e+00 2.154435e+05 1.512005e-03 1.501900e-03
5.994843e-03 0.000000e+00 1.000000e+06 7.774833e-05 7.723847e-05
5.994843e-03 1.111111e-01 1.000000e+00 1.527859e-01 1.467823e-01
5.994843e-03 1.111111e-01 4.641589e+00 3.657897e-01 3.575647e-01
5.994843e-03 1.111111e-01 2.154435e+01 6.474007e-01 6.394942e-01
5.994843e-03 1.111111e-01 1.000000e+02 8.727833e-01 8.644760e-01
5.994843e-03 1.111111e-01 4.641589e+02 9.517470e-01 9.435820e-01
5.994843e-03 1.111111e-01 2.154435e+03 7.069705e-01 7.012968e-01
5.994843e-03 1.111111e-01 1.000000e+04 2.152592e-01 2.136088e-01
5.994843e-03 1.111111e-01 4.641589e+04 2.266268e-02 2.249441e-02
5.994843e-03 1.111111e-01 2.154435e+05 1.375804e-03 1.365825e-03
5.994843e-03 1.111111e-01 1.000000e+06 7.066485e-05 7.016101e-05
5.994843e-03 2.222222e-01 1.000000e+00 1.376934e-01 1.321580e-01
5.994843e-03 2.222222e-01 4.641589e+00 3.386240e-01 3.307508e-01
5.994843e-03 2.222222e-01 2.154435e+01 6.000864e-01 5.923719e-01
5.994843e-03 2.222222e-01 1.000000e+02 8.076134e-01 7.994467e-01
5.994843e-03 2.222222e-01 4.641589e+02 8.754963e-01 8.674545e-01
5.994843e-03 2.222222e-01 2.154435e+03 6.479993e-01 6.424040e-01
5.994843e-03 2.222222e-01 1.000000e+04 1.968258e-01 1.951966e-01
5.994843e-03 2.222222e-01 4.641589e+04 2.068605e-02 2.051980e-02
5.994843e-03 2.222222e-01 2.154435e+05 1.254134e-03 1.244268e-03
5.994843e-03 2.222222e-01 1.000000e+06 6.434801e-05 6.384965e-05
5.994843e-03 3.333333e-01 1.000000e+00 1.228134e-01 1.177427e-01
5.994843e-03 3.333333e-01 4.641589e+00 3.123879e-01 3.048574e-01
5.994843e-03 3.333333e-01 2.154435e+01 5.561106e-01 5.485778e-01
5.994843e-03 3.333333e-01 1.000000e+02 7.481404e-01 7.401034e-01
5.994843e-03 3.333333e-01 4.641589e+02 8.069139e-01 7.989853e-01
5.994843e-03 3.333333e-01 2.154435e+03 5.954131e-01 5.898893e-01
5.994843e-03 3.333333e-01 1.000000e+04 1.804809e-01 1.788709e-01
5.994843e-03 3.333333e-01 4.641589e+04 1.894043e-02 1.877601e-02
5.994843e-03 3.333333e-01 2.154435e+05 1.146994e-03 1.137231e-03
5.994843e-03 3.333333e-01 1.000000e+06 5.879781e-05 5.830438e-05
5.994843e-03 4.444444e-01 1.000000e+00 1.081462e-01 1.035363e-01
5.994843e-03 4.444444e-01 4.641589e+00 2.870812e-01 2.798845e-01
5.994843e-03 4.444444e-01 2.154435e+01 5.154732e-01 5.081118e-01
5.994843e-03 4.444444e-01 1.000000e+02 6.943642e-01 6.864463e-01
5.994843e-03 4.444444e-01 4.641589e+02 7.459999e-01 7.381742e-01
5.994843e-03 4.444444e-01 2.154435e+03 5.492118e-01 5.437527e-01
5.994843e-03 4.444444e-01 1.000000e+04 1.662245e-01 1.646318e-01
5.994843e-03 4.444444e-01 4.641589e+04 1.742581e-02 1.726302e-02
5.994843e-03 4.444444e-01 2.154435e+05 1.054384e-03 1.044713e-03
5.994843e-03 4.444444e-01 1.000000e+06 5.401426e-05 5.352522e-05
5.994843e-03 5.555556e-01 1.000000e+00 9.369152e-02 8.953894e-02
5.994843e-03 5.555556e-01 4.641589e+00 2.627039e-01 2.558320e-01
5.994843e-03 5.555556e-01 2.154435e+01 4.781743e-01 4.709740e-01
5.994843e-03 5.555556e-01 1.000000e+02 6.462849e-01 6.384754e-01
5.994843e-03 5.555556e-01 4.641589e+02 6.927542e-01 6.850214e-01
5.994843e-03 5.555556e-01 2.154435e+03 5.093954e-01 5.039943e-01
5.994843e-03 5.555556e-01 1.000000e+04 1.540567e-01 1.524793e-01
5.994843e-03 5.555556e-01 4.641589e+04 1.614218e-02 1.598085e-02
5.994843e-03 5.555556e-01 2.154435e+05 9.763047e-04 9.667139e-04
5.994843e-03 5.555556e-01 1.000000e+06 4.999735e-05 4.951216e-05
5.994843e-03 6.666667e-01 1.000000e+00 7.944952e-02 7.575055e-02
5.994843e-03 6.666667e-01 4.641589e+00 2.392561e-01 2.326999e-01
5.994843e-03 6.666667e-01 2.154435e+01 4.442139e-01 4.371644e-01
5.994843e-03 6.666667e-01 1.000000e+02 6.039024e-01 5.961905e-01
5.994843e-03 6.666667e-01 4.641589e+02 6.471769e-01 6.395268e-01
5.994843e-03 6.666667e-01 2.154435e+03 4.759641e-01 4.706140e-01
5.994843e-03 6.666667e-01 1.000000e+04 1.439773e-01 1.424134e-01
5.994843e-03 6.666667e-01 4.641589e+04 1.508956e-02 1.492949e-02
5.994843e-03 6.666667e-01 2.154435e+05 9.127556e-04 9.032344e-04
5.994843e-03 6.666667e-01 1.000000e+06 4.674708e-05 4.626520e-05
5.994843e-03 7.777778e-01 1.000000e+00 6.542017e-02 6.217114e-02
5.994843e-03 7.777778e-01 4.641589e+00 2.167378e-01 2.104883e-01
5.994843e-03 7.777778e-01 2.154435e+01 4.135920e-01 4.066830e-01
5.994843e-03 7.777778e-01 1.000000e+02 5.672167e-01 5.595917e-01
5.994843e-03 7.777778e-01 4.641589e+02 6.092679e-01 6.016903e-01
5.994843e-03 7.777778e-01 2.154435e+03 4.489177e-01 4.436119e-01
5.994843e-03 7.777778e-01 1.000000e+04 1.359864e-01 1.344341e-01
5.994843e-03 7.777778e-01 4.641589e+04 1.426794e-02 1.410893e-02
5.994843e-03 7.777778e-01 2.154435e+05 8.637367e-04 8.542743e-04
5.994843e-03 7.777778e-01 1.000000e+06 4.426345e-05 4.378434e-05
5.994843e-03 8.888889e-01 1.000000e+00 5.160346e-02 4.880070e-02
5.994843e-03 8.888889e-01 4.641589e+00 1.951489e-01 1.891972e-01
5.994843e-03 8.888889e-01 2.154435e+01 3.863085e-01 3.795298e-01
5.994843e-03 8.888889e-01 1.000000e+02 5.362279e-01 5.286791e-01
5.994843e-03 8.888889e-01 4.641589e+02 5.790272e-01 5.715121e-01
5.994843e-03 8.888889e-01 2.154435e+03 4.282562e-01 4.229879e-01
5.994843e-03 8.888889e-01 1.000000e+04 1.300840e-01 1.285413e-01
5.994843e-03 8.888889e-01 4.641589e+04 1.367731e-02 1.351919e-02
5.994843e-03 8.888889e-01 2.154435e+05 8.292481e-04 8.198334e-04
5.994843e-03 8.888889e-01 1.000000e+06 4.254647e-05 4.206959e-05
5.994843e-03 1.000000e+00 1.000000e+00 3.799939e-02 3.563925e-02
5.994843e-03 1.000000e+00 4.641589e+00 1.744895e-01 1.688264e-01
5.994843e-03 1.000000e+00 2.154435e+01 3.623635e-01 3.557047e-01
5.994843e-03 1.000000e+00 1.000000e+02 5.109359e-01 5.034526e-01
5.994843e-03 1.000000e+00 4.641589e+02 5.564549e-01 5.489921e-01
5.994843e-03 1.000000e+00 2.154435e+03 4.139797e-01 4.087421e-01
5.994843e-03 1.000000e+00 1.000000e+04 1.262701e-01 1.247352e-01
5.994843e-03 1.000000e+00 4.641589e+04 1.331769e-02 1.316026e-02
5.994843e-03 1.000000e+00 2.154435e+05 8.092898e-04 7.999117e-04
5.994843e-03 1.000000e+00 1.000000e+06 4.159613e-05 4.112093e-05
1.668101e-02 0.000000e+00 1.000000e+00 3.396101e-02 3.011329e-02
1.668101e-02 0.000000e+00 4.641589e+00 9.416855e-02 8.871076e-02
1.668101e-02 0.000000e+00 2.154435e+01 1.586617e-01 1.532448e-01
1.668101e-02 0.000000e+00 1.000000e+02 2.039639e-01 1.983998e-01
1.668101e-02 0.000000e+00 4.641589e+02 2.137483e-01 2.084282e-01
1.668101e-02 0.000000e+00 2.154435e+03 1.534822e-01 1.498645e-01
1.668101e-02 0.000000e+00 1.000000e+04 4.537723e-02 4.434346e-02
1.668101e-02 0.000000e+00 4.641589e+04 4.654992e-03 4.551204e-03
1.668101e-02 0.000000e+00 2.154435e+05 2.761668e-04 2.700953e-04
1.668101e-02 0.000000e+00 1.000000e+06 1.389430e-05 1.359153e-05
1.668101e-02 1.111111e-01 1.000000e+00 3.081459e-02 2.724519e-02
1.668101e-02 1.111111e-01 4.641589e+00 8.725462e-02 8.202385e-02
1.668101e-02 1.111111e-01 2.154435e+01 1.476434e-01 1.423565e-01
1.668101e-02 1.111111e-01 1.000000e+02 1.895329e-01 1.840610e-01
1.668101e-02 1.111111e-01 4.641589e+02 1.974128e-01 1.921711e-01
1.668101e-02 1.111111e-01 2.154435e+03 1.412159e-01 1.376465e-01
1.668101e-02 1.111111e-01 1.000000e+04 4.164279e-02 4.062166e-02
1.668101e-02 1.111111e-01 4.641589e+04 4.263919e-03 4.161305e-03
1.668101e-02 1.111111e-01 2.154435e+05 2.526025e-04 2.465954e-04
1.668101e-02 1.111111e-01 1.000000e+06 1.269438e-05 1.239464e-05
1.668101e-02 2.222222e-01 1.000000e+00 2.772275e-02 2.442992e-02
1.668101e-02 2.222222e-01 4.641589e+00 8.049871e-02 7.548965e-02
1.668101e-02 2.222222e-01 2.154435e+01 1.372973e-01 1.321342e-01
1.668101e-02 2.222222e-01 1.000000e+02 1.762444e-01 1.708583e-01
1.668101e-02 2.222222e-01 4.641589e+02 1.825760e-01 1.774069e-01
1.668101e-02 2.222222e-01 2.154435e+03 1.301589e-01 1.266339e-01
1.668101e-02 2.222222e-01 1.000000e+04 3.829227e-02 3.728278e-02
1.668101e-02 2.222222e-01 4.641589e+04 3.914179e-03 3.812643e-03
1.668101e-02 2.222222e-01 2.154435e+05 2.315761e-04 2.256280e-04
1.668101e-02 2.222222e-01 1.000000e+06 1.162548e-05 1.132851e-05
1.668101e-02 3.333333e-01 1.000000e+00 2.468547e-02 2.166747e-02
1.668101e-02 3.333333e-01 4.641589e+00 7.390084e-02 6.910815e-02
1.668101e-02 3.333333e-01 2.154435e+01 1.276235e-01 1.225779e-01
1.668101e-02 3.333333e-01 1.000000e+02 1.640984e-01 1.587919e-01
1.668101e-02 3.333333e-01 4.641589e+02 1.692379e-01 1.641355e-01
1.668101e-02 3.333333e-01 2.154435e+03 1.203110e-01 1.168267e-01
1.668101e-02 3.333333e-01 1.000000e+04 3.532568e-02 3.432681e-02
1.668101e-02 3.333333e-01 4.641589e+04 3.605775e-03 3.505218e-03
1.668101e-02 3.333333e-01 2.154435e+05 2.130877e-04 2.071931e-04
1.668101e-02 3.333333e-01 1.000000e+06 1.068760e-05 1.039315e-05
1.668101e-02 4.444444e-01 1.000000e+00 2.170275e-02 1.895784e-02
1.668101e-02 4.444444e-01 4.641589e+00 6.746099e-02 6.287938e-02
1.668101e-02 4.444444e-01 2.154435e+01 1.186219e-01 1.136875e-01
1.668101e-02 4.444444e-01 1.000000e+02 1.530950e-01 1.478617e-01
1.668101e-02 4.444444e-01 4.641589e+02 1.573984e-01 1.523571e-01
1.668101e-02 4.444444e-01 2.154435e+03 1.116723e-01 1.082250e-01
1.668101e-02 4.444444e-01 1.000000e+04 3.274302e-02 3.175375e-02
1.668101e-02 4.444444e-01 4.641589e+04 3.338704e-03 3.239030e-03
1.668101e-02 4.444444e-01 2.154435e+05 1.971372e-04 1.912906e-04
1.668101e-02 4.444444e-01 1.000000e+06 9.880754e-06 9.588538e-06
1.668101e-02 5.555556e-01 1.000000e+00 1.877460e-02 1.630104e-02
1.668101e-02 5.555556e-01 4.641589e+00 6.117917e-02 5.680331e-02
1.668101e-02 5.555556e-01 2.154435e+01 1.102927e-01 1.054631e-01
1.668101e-02 5.555556e-01 1.000000e+02 1.432341e-01 1.380676e-01
1.668101e-02 5.555556e-01 4.641589e+02 1.470577e-01 1.420716e-01
1.668101e-02 5.555556e-01 2.154435e+03 1.042427e-01 1.008287e-01
1.668101e-02 5.555556e-01 1.000000e+04 3.054428e-02 2.956360e-02
1.668101e-02 5.555556e-01 4.641589e+04 3.112968e-03 3.014078e-03
1.668101e-02 5.555556e-01 2.154435e+05 1.837247e-04 1.779207e-04
1.668101e-02 5.555556e-01 1.000000e+06 9.204927e-06 8.914692e-06
1.668101e-02 6.666667e-01 1.000000e+00 1.590102e-02 1.369706e-02
1.668101e-02 6.666667e-01 4.641589e+00 5.505537e-02 5.087996e-02
1.668101e-02 6.666667e-01 2.154435e+01 1.026357e-01 9.790465e-02
1.668101e-02 6.666667e-01 1.000000e+02 1.345158e-01 1.294097e-01
1.668101e-02 6.666667e-01 4.641589e+02 1.382156e-01 1.332789e-01
1.668101e-02 6.666667e-01 2.154435e+03 9.802229e-02 9.463788e-02
1.668101e-02 6.666667e-01 1.000000e+04 2.872947e-02 2.775635e-02
1.668101e-02 6.666667e-01 4.641589e+04 2.928567e-03 2.830363e-03
1.668101e-02 6.666667e-01 2.154435e+05 1.728502e-04 1.670832e-04
1.668101e-02 6.666667e-01 1.000000e+06 8.660125e-06 8.371606e-06
1.668101e-02 7.777778e-01 1.000000e+00 1.308201e-02 1.114590e-02
1.668101e-02 7.777778e-01 4.641589e+00 4.908960e-02 4.510931e-02
1.668101e-02 7.777778e-01 2.154435e+01 9.565095e-02 9.101219e-02
1.668101e-02 7.777778e-01 1.000000e+02 1.269400e-01 1.218880e-01
1.668101e-02 7.777778e-01 4.641589e+02 1.308722e-01 1.259792e-01
1.668101e-02 7.777778e-01 2.154435e+03 9.301105e-02 8.965247e-02
1.668101e-02 7.777778e-01 1.000000e+04 2.729858e-02 2.633202e-02
1.668101e-02 7.777778e-01 4.641589e+04 2.785499e-03 2.687885e-03
1.668101e-02 7.777778e-01 2.154435e+05 1.645137e-04 1.587782e-04
1.668101e-02 7.777778e-01 1.000000e+06 8.246346e-06 7.959280e-06
1.668101e-02 8.888889e-01 1.000000e+00 1.031755e-02 8.647574e-03
1.668101e-02 8.888889e-01 4.641589e+00 4.328186e-02 3.949138e-02
1.668101e-02 8.888889e-01 2.154435e+01 8.933849e-02 8.478569e-02
1.668101e-02 8.888889e-01 1.000000e+02 1.205068e-01 1.155025e-01
1.668101e-02 8.888889e-01 4.641589e+02 1.250275e-01 1.201724e-01
1.668101e-02 8.888889e-01 2.154435e+03 8.920898e-02 8.587249e-02
1.668101e-02 8.888889e-01 1.000000e+04 2.625162e-02 2.529059e-02
1.668101e-02 8.888889e-01 4.641589e+04 2.683766e-03 2.586644e-03
1.668101e-02 8.888889e-01 2.154435e+05 1.587151e-04 1.530056e-04
1.668101e-02 8.888889e-01 1.000000e+06 7.963592e-06 7.677714e-06
1.668101e-02 1.000000e+00 1.000000e+00 7.607670e-03 6.202069e-03
1.668101e-02 1.000000e+00 4.641589e+00 3.763215e-02 3.402617e-02
1.668101e-02 1.000000e+00 2.154435e+01 8.369831e-02 7.922516e-02
1.668101e-02 1.000000e+00 1.000000e+02 1.152162e-01 1.102531e-01
1.668101e-02 1.000000e+00 4.641589e+02 1.206815e-01 1.158585e-01
1.668101e-02 1.000000e+00 2.154435e+03 8.661608e-02 8.329794e-02
1.668101e-02 1.000000e+00 1.000000e+04 2.558859e-02 2.463208e-02
1.668101e-02 1.000000e+00 4.641589e+04 2.623367e-03 2.526639e-03
1.668101e-02 1.000000e+00 2.154435e+05 1.554545e-04 1.497656e-04
1.668101e-02 1.000000e+00 1.000000e+06 7.811861e-06 7.526909e-06
4.641589e-02 0.000000e+00 1.000000e+00 7.789565e-03 4.645024e-03
4.641589e-02 0.000000e+00 4.641589e+00 1.920124e-02 1.542408e-02
4.641589e-02 0.000000e+00 2.154435e+01 3.026696e-02 2.676179e-02
4.641589e-02 0.000000e+00 1.000000e+02 3.686747e-02 3.336000e-02
4.641589e-02 0.000000e+00 4.641589e+02 3.672071e-02 3.344018e-02
4.641589e-02 0.000000e+00 2.154435e+03 2.527539e-02 2.309438e-02
4.641589e-02 0.000000e+00 1.000000e+04 7.207953e-03 6.598205e-03
4.641589e-02 0.000000e+00 4.641589e+04 7.165647e-04 6.566011e-04
4.641589e-02 0.000000e+00 2.154435e+05 4.135723e-05 3.791756e-05
4.641589e-02 0.000000e+00 1.000000e+06 2.030306e-06 1.861909e-06
4.641589e-02 1.111111e-01 1.000000e+00 7.080333e-03 4.167386e-03
4.641589e-02 1.111111e-01 4.641589e+00 1.783916e-02 1.421169e-02
4.641589e-02 1.111111e-01 2.154435e+01 2.838660e-02 2.495320e-02
4.641589e-02 1.111111e-01 1.000000e+02 3.457311e-02 3.110903e-02
4.641589e-02 1.111111e-01 4.641589e+02 3.423644e-02 3.099004e-02
4.641589e-02 1.111111e-01 2.154435e+03 2.348111e-02 2.131984e-02
4.641589e-02 1.111111e-01 1.000000e+04 6.679970e-03 6.075138e-03
4.641589e-02 1.111111e-01 4.641589e+04 6.629203e-04 6.033915e-04
4.641589e-02 1.111111e-01 2.154435e+05 3.820989e-05 3.479315e-05
4.641589e-02 1.111111e-01 1.000000e+06 1.873834e-06 1.706478e-06
4.641589e-02 2.222222e-01 1.000000e+00 6.385644e-03 3.704066e-03
4.641589e-02 2.222222e-01 4.641589e+00 1.648536e-02 1.300534e-02
4.641589e-02 2.222222e-01 2.154435e+01 2.660927e-02 2.324508e-02
4.641589e-02 2.222222e-01 1.000000e+02 3.245779e-02 2.903469e-02
4.641589e-02 2.222222e-01 4.641589e+02 3.198174e-02 2.876742e-02
4.641589e-02 2.222222e-01 2.154435e+03 2.186573e-02 1.972294e-02
4.641589e-02 2.222222e-01 1.000000e+04 6.206908e-03 5.606662e-03
4.641589e-02 2.222222e-01 4.641589e+04 6.150087e-04 5.558841e-04
4.641589e-02 2.222222e-01 2.154435e+05 3.540497e-05 3.200948e-05
4.641589e-02 2.222222e-01 1.000000e+06 1.734603e-06 1.568212e-06
4.641589e-02 3.333333e-01 1.000000e+00 5.705499e-03 3.255064e-03
4.641589e-02 3.333333e-01 4.641589e+00 1.513986e-02 1.180504e-02
4.641589e-02 3.333333e-01 2.154435e+01 2.493495e-02 2.163741e-02
4.641589e-02 3.333333e-01 1.000000e+02 3.052150e-02 2.713698e-02
4.641589e-02 3.333333e-01 4.641589e+02 2.995662e-02 2.677233e-02
4.641589e-02 3.333333e-01 2.154435e+03 2.042926e-02 1.830369e-02
4.641589e-02 3.333333e-01 1.000000e+04 5.788766e-03 5.192776e-03
4.641589e-02 3.333333e-01 4.641589e+04 5.728299e-04 5.140790e-04
4.641589e-02 3.333333e-01 2.154435e+05 3.294245e-05 2.956656e-05
4.641589e-02 3.333333e-01 1.000000e+06 1.612615e-06 1.447111e-06
4.641589e-02 4.444444e-01 1.000000e+00 5.039899e-03 2.820381e-03
4.641589e-02 4.444444e-01 4.641589e+00 1.380264e-02 1.061079e-02
4.641589e-02 4.444444e-01 2.154435e+01 2.336366e-02 2.013021e-02
4.641589e-02 4.444444e-01 1.000000e+02 2.876426e-02 2.541591e-02
4.641589e-02 4.444444e-01 4.641589e+02 2.816107e-02 2.500476e-02
4.641589e-02 4.444444e-01 2.154435e+03 1.917170e-02 1.706209e-02
4.641589e-02 4.444444e-01 1.000000e+04 5.425545e-03 4.833482e-03
4.641589e-02 4.444444e-01 4.641589e+04 5.363838e-04 4.779761e-04
4.641589e-02 4.444444e-01 2.154435e+05 3.082234e-05 2.746439e-05
4.641589e-02 4.444444e-01 1.000000e+06 1.507869e-06 1.343174e-06
4.641589e-02 5.555556e-01 1.000000e+00 4.388843e-03 2.400015e-03
4.641589e-02 5.555556e-01 4.641589e+00 1.247372e-02 9.422591e-03
4.641589e-02 5.555556e-01 2.154435e+01 2.189539e-02 1.872347e-02
4.641589e-02 5.555556e-01 1.000000e+02 2.718605e-02 2.387147e-02
4.641589e-02 5.555556e-01 4.641589e+02 2.659509e-02 2.346471e-02
4.641589e-02 5.555556e-01 2.154435e+03 1.809305e-02 1.599813e-02
4.641589e-02 5.555556e-01 1.000000e+04 5.117244e-03 4.528778e-03
4.641589e-02 5.555556e-01 4.641589e+04 5.056705e-04 4.475755e-04
4.641589e-02 5.555556e-01 2.154435e+05 2.904463e-05 2.570296e-05
4.641589e-02 5.555556e-01 1.000000e+06 1.420365e-06 1.256402e-06
4.641589e-02 6.666667e-01 1.000000e+00 3.752331e-03 1.993968e-03
4.641589e-02 6.666667e-01 4.641589e+00 1.115309e-02 8.240434e-03
4.641589e-02 6.666667e-01 2.154435e+01 2.053015e-02 1.741719e-02
4.641589e-02 6.666667e-01 1.000000e+02 2.578688e-02 2.250366e-02
4.641589e-02 6.666667e-01 4.641589e+02 2.525870e-02 2.215219e-02
4.641589e-02 6.666667e-01 2.154435e+03 1.719330e-02 1.511182e-02
4.641589e-02 6.666667e-01 1.000000e+04 4.863864e-03 4.278665e-03
4.641589e-02 6.666667e-01 4.641589e+04 4.806900e-04 4.228772e-04
4.641589e-02 6.666667e-01 2.154435e+05 2.760934e-05 2.428228e-05
4.641589e-02 6.666667e-01 1.000000e+06 1.350103e-06 1.186794e-06
4.641589e-02 7.777778e-01 1.000000e+00 3.130363e-03 1.602239e-03
4.641589e-02 7.777778e-01 4.641589e+00 9.840742e-03 7.064324e-03
4.641589e-02 7.777778e-01 2.154435e+01 1.926792e-02 1.621137e-02
4.641589e-02 7.777778e-01 1.000000e+02 2.456674e-02 2.131249e-02
4.641589e-02 7.777778e-01 4.641589e+02 2.415187e-02 2.106719e-02
4.641589e-02 7.777778e-01 2.154435e+03 1.647246e-02 1.440315e-02
4.641589e-02 7.777778e-01 1.000000e+04 4.665405e-03 4.083142e-03
4.641589e-02 7.777778e-01 4.641589e+04 4.614423e-04 4.038812e-04
4.641589e-02 7.777778e-01 2.154435e+05 2.651645e-05 2.320235e-05
4.641589e-02 7.777778e-01 1.000000e+06 1.297084e-06 1.134350e-06
4.641589e-02 8.888889e-01 1.000000e+00 2.522940e-03 1.224829e-03
4.641589e-02 8.888889e-01 4.641589e+00 8.536688e-03 5.894261e-03
4.641589e-02 8.888889e-01 2.154435e+01 1.810872e-02 1.510601e-02
4.641589e-02 8.888889e-01 1.000000e+02 2.352565e-02 2.029795e-02
4.641589e-02 8.888889e-01 4.641589e+02 2.327462e-02 2.020971e-02
4.641589e-02 8.888889e-01 2.154435e+03 1.593053e-02 1.387213e-02
4.641589e-02 8.888889e-01 1.000000e+04 4.521866e-03 3.942210e-03
4.641589e-02 8.888889e-01 4.641589e+04 4.479273e-04 3.905874e-04
4.641589e-02 8.888889e-01 2.154435e+05 2.576597e-05 2.246316e-05
4.641589e-02 8.888889e-01 1.000000e+06 1.261306e-06 1.099071e-06
4.641589e-02 1.000000e+00 1.000000e+00 1.930060e-03 8.617364e-04
4.641589e-02 1.000000e+00 4.641589e+00 7.240925e-03 4.730244e-03
4.641589e-02 1.000000e+00 2.154435e+01 1.705254e-02 1.410111e-02
4.641589e-02 1.000000e+00 1.000000e+02 2.266359e-02 1.946004e-02
4.641589e-02 1.000000e+00 4.641589e+02 2.262695e-02 1.957975e-02
4.641589e-02 1.000000e+00 2.154435e+03 1.556751e-02 1.351875e-02
4.641589e-02 1.000000e+00 1.000000e+04 4.433248e-03 3.855869e-03
4.641589e-02 1.000000e+00 4.641589e+04 4.401452e-04 3.829959e-04
4.641589e-02 1.000000e+00 2.154435e+05 2.535790e-05 2.206471e-05
4.641589e-02 1.000000e+00 1.000000e+06 1.242771e-06 1.080957e-06
1.291550e-01 0.000000e+00 1.000000e+00 1.138209e-03 4.270371e-04
1.291550e-01 0.000000e+00 4.641589e+00 4.020524e-03 1.798491e-03
1.291550e-01 0.000000e+00 2.154435e+01 5.064571e-03 3.050723e-03
1.291550e-01 0.000000e+00 1.000000e+02 5.495884e-03 3.613976e-03
1.291550e-01 0.000000e+00 4.641589e+02 5.051025e-03 3.414983e-03
1.291550e-01 0.000000e+00 2.154435e+03 3.263157e-03 2.241031e-03
1.291550e-01 0.000000e+00 1.000000e+04 8.834301e-04 6.126062e-04
1.291550e-01 0.000000e+00 4.641589e+04 8.404443e-05 5.863722e-05
1.291550e-01 0.000000e+00 2.154435e+05 4.670810e-06 3.272789e-06
1.291550e-01 0.000000e+00 1.000000e+06 2.218190e-07 1.558801e-07
1.291550e-01 1.111111e-01 1.000000e+00 1.025020e-03 3.668639e-04
1.291550e-01 1.111111e-01 4.641589e+00 3.789713e-03 1.655868e-03
1.291550e-01 1.111111e-01 2.154435e+01 4.847946e-03 2.865366e-03
1.291550e-01 1.111111e-01 1.000000e+02 5.267999e-03 3.398791e-03
1.291550e-01 1.111111e-01 4.641589e+02 4.816371e-03 3.189264e-03
1.291550e-01 1.111111e-01 2.154435e+03 3.101240e-03 2.083837e-03
1.291550e-01 1.111111e-01 1.000000e+04 8.376589e-04 5.679261e-04
1.291550e-01 1.111111e-01 4.641589e+04 7.955723e-05 5.424007e-05
1.291550e-01 1.111111e-01 2.154435e+05 4.415624e-06 3.022096e-06
1.291550e-01 1.111111e-01 1.000000e+06 2.094821e-07 1.437378e-07
1.291550e-01 2.222222e-01 1.000000e+00 9.148100e-04 3.100263e-04
1.291550e-01 2.222222e-01 4.641589e+00 3.557054e-03 1.511108e-03
1.291550e-01 2.222222e-01 2.154435e+01 4.641748e-03 2.689938e-03
1.291550e-01 2.222222e-01 1.000000e+02 5.058010e-03 3.201056e-03
1.291550e-01 2.222222e-01 4.641589e+02 4.603743e-03 2.985217e-03
1.291550e-01 2.222222e-01 2.154435e+03 2.955711e-03 1.942825e-03
1.291550e-01 2.222222e-01 1.000000e+04 7.967113e-04 5.280186e-04
1.291550e-01 2.222222e-01 4.641589e+04 7.555506e-05 5.032344e-05
1.291550e-01 2.222222e-01 2.154435e+05 4.188477e-06 2.799206e-06
1.291550e-01 2.222222e-01 1.000000e+06 1.985166e-07 1.329561e-07
1.291550e-01 3.333333e-01 1.000000e+00 8.075786e-04 2.565242e-04
1.291550e-01 3.333333e-01 4.641589e+00 3.322547e-03 1.364211e-03
1.291550e-01 3.333333e-01 2.154435e+01 4.445977e-03 2.524439e-03
1.291550e-01 3.333333e-01 1.000000e+02 4.865919e-03 3.020770e-03
1.291550e-01 3.333333e-01 4.641589e+02 4.413142e-03 2.802840e-03
1.291550e-01 3.333333e-01 2.154435e+03 2.826568e-03 1.817995e-03
1.291550e-01 3.333333e-01 1.000000e+04 7.605873e-04 4.928838e-04
1.291550e-01 3.333333e-01 4.641589e+04 7.203791e-05 4.688735e-05
1.291550e-01 3.333333e-01 2.154435e+05 3.989367e-06 2.604118e-06
1.291550e-01 3.333333e-01 1.000000e+06 1.889222e-07 1.235350e-07
1.291550e-01 4.444444e-01 1.000000e+00 7.033259e-04 2.063577e-04
1.291550e-01 4.444444e-01 4.641589e+00 3.086193e-03 1.215176e-03
1.291550e-01 4.444444e-01 2.154435e+01 4.260632e-03 2.368868e-03
1.291550e-01 4.444444e-01 1.000000e+02 4.691724e-03 2.857933e-03
1.291550e-01 4.444444e-01 4.641589e+02 4.244568e-03 2.642134e-03
1.291550e-01 4.444444e-01 2.154435e+03 2.713813e-03 1.709347e-03
1.291550e-01 4.444444e-01 1.000000e+04 7.292870e-04 4.625217e-04
1.291550e-01 4.444444e-01 4.641589e+04 6.900579e-05 4.393178e-05
1.291550e-01 4.444444e-01 2.154435e+05 3.818295e-06 2.436833e-06
1.291550e-01 4.444444e-01 1.000000e+06 1.806991e-07 1.154745e-07
1.291550e-01 5.555556e-01 1.000000e+00 6.020519e-04 1.595267e-04
1.291550e-01 5.555556e-01 4.641589e+00 2.847990e-03 1.064005e-03
1.291550e-01 5.555556e-01 2.154435e+01 4.085715e-03 2.223228e-03
1.291550e-01 5.555556e-01 1.000000e+02 4.535426e-03 2.712545e-03
1.291550e-01 5.555556e-01 4.641589e+02 4.098020e-03 2.503099e-03
1.291550e-01 5.555556e-01 2.154435e+03 2.617446e-03 1.616880e-03
1.291550e-01 5.555556e-01 1.000000e+04 7.028102e-04 4.369322e-04
1.291550e-01 5.555556e-01 4.641589e+04 6.645868e-05 4.145674e-05
1.291550e-01 5.555556e-01 2.154435e+05 3.675262e-06 2.297351e-06
1.291550e-01 5.555556e-01 1.000000e+06 1.738472e-07 1.087745e-07
1.291550e-01 6.666667e-01 1.000000e+00 5.037566e-04 1.160312e-04
1.291550e-01 6.666667e-01 4.641589e+00 2.607940e-03 9.106958e-04
1.291550e-01 6.666667e-01 2.154435e+01 3.921225e-03 2.087516e-03
1.291550e-01 6.666667e-01 1.000000e+02 4.397025e-03 2.584606e-03
1.291550e-01 6.666667e-01 4.641589e+02 3.973499e-03 2.385735e-03
1.291550e-01 6.666667e-01 2.154435e+03 2.537465e-03 1.540596e-03
1.291550e-01 6.666667e-01 1.000000e+04 6.811570e-04 4.161153e-04
1.291550e-01 6.666667e-01 4.641589e+04 6.439660e-05 3.946223e-05
1.291550e-01 6.666667e-01 2.154435e+05 3.560267e-06 2.185671e-06
1.291550e-01 6.666667e-01 1.000000e+06 1.683665e-07 1.034352e-07
1.291550e-01 7.777778e-01 1.000000e+00 4.084401e-04 7.587134e-05
1.291550e-01 7.777778e-01 4.641589e+00 2.366042e-03 7.552496e-04
1.291550e-01 7.777778e-01 2.154435e+01 3.767161e-03 1.961733e-03
1.291550e-01 7.777778e-01 1.000000e+02 4.276520e-03 2.474117e-03
1.291550e-01 7.777778e-01 4.641589e+02 3.871005e-03 2.290041e-03
1.291550e-01 7.777778e-01 2.154435e+03 2.473872e-03 1.480493e-03
1.291550e-01 7.777778e-01 1.000000e+04 6.643274e-04 4.000712e-04
1.291550e-01 7.777778e-01 4.641589e+04 6.281955e-05 3.794825e-05
1.291550e-01 7.777778e-01 2.154435e+05 3.473310e-06 2.101793e-06
1.291550e-01 7.777778e-01 1.000000e+06 1.642571e-07 9.945646e-08
1.291550e-01 8.888889e-01 1.000000e+00 3.161022e-04 3.904697e-05
1.291550e-01 8.888889e-01 4.641589e+00 2.122296e-03 5.976663e-04
1.291550e-01 8.888889e-01 2.154435e+01 3.623525e-03 1.845880e-03
1.291550e-01 8.888889e-01 1.000000e+02 4.173913e-03 2.381076e-03
1.291550e-01 8.888889e-01 4.641589e+02 3.790537e-03 2.216019e-03
1.291550e-01 8.888889e-01 2.154435e+03 2.426666e-03 1.436571e-03
1.291550e-01 8.888889e-01 1.000000e+04 6.523214e-04 3.887997e-04
1.291550e-01 8.888889e-01 4.641589e+04 6.172752e-05 3.691480e-05
1.291550e-01 8.888889e-01 2.154435e+05 3.414391e-06 2.045719e-06
1.291550e-01 8.888889e-01 1.000000e+06 1.615189e-07 9.683830e-08
1.291550e-01 1.000000e+00 1.000000e+00 2.267431e-04 5.558146e-06
1.291550e-01 1.000000e+00 4.641589e+00 1.876702e-03 4.379457e-04
1.291550e-01 1.000000e+00 2.154435e+01 3.490315e-03 1.739956e-03
1.291550e-01 1.000000e+00 1.000000e+02 4.089202e-03 2.305485e-03
1.291550e-01 1.000000e+00 4.641589e+02 3.732096e-03 2.163667e-03
1.291550e-01 1.000000e+00 2.154435e+03 2.395848e-03 1.408832e-03
1.291550e-01 1.000000e+00 1.000000e+04 6.451390e-04 3.823008e-04
1.291550e-01 1.000000e+00 4.641589e+04 6.112051e-05 3.636187e-05
1.291550e-01 1.000000e+00 2.154435e+05 3.383510e-06 2.017446e-06
1.291550e-01 1.000000e+00 1.000000e+06 1.601519e-07 9.558073e-08
3.593814e-01 0.000000e+00 1.000000e+00 7.264722e-05 7.268571e-05
3.593814e-01 0.000000e+00 4.641589e+00 3.878038e-04 4.935569e-05
3.593814e-01 0.000000e+00 2.154435e+01 4.647471e-04 1.142181e-04
3.593814e-01 0.000000e+00 1.000000e+02 4.601869e-04 1.365242e-04
3.593814e-01 0.000000e+00 4.641589e+02 3.745298e-04 1.184966e-04
3.593814e-01 0.000000e+00 2.154435e+03 2.203850e-04 7.233631e-05
3.593814e-01 0.000000e+00 1.000000e+04 5.529617e-05 1.855913e-05
3.593814e-01 0.000000e+00 4.641589e+04 4.931229e-06 1.677839e-06
3.593814e-01 0.000000e+00 2.154435e+05 2.592650e-07 8.903950e-08
3.593814e-01 0.000000e+00 1.000000e+06 1.172432e-08 4.050691e-09
3.593814e-01 1.111111e-01 1.000000e+00 6.160566e-05 6.163825e-05
3.593814e-01 1.111111e-01 4.641589e+00 3.621111e-04 3.652961e-05
3.593814e-01 1.111111e-01 2.154435e+01 4.457298e-04 9.949723e-05
3.593814e-01 1.111111e-01 1.000000e+02 4.446806e-04 1.220568e-04
3.593814e-01 1.111111e-01 4.641589e+02 3.606795e-04 1.053004e-04
3.593814e-01 1.111111e-01 2.154435e+03 2.117810e-04 6.404350e-05
3.593814e-01 1.111111e-01 1.000000e+04 5.306073e-05 1.638907e-05
3.593814e-01 1.111111e-01 4.641589e+04 4.727137e-06 1.478672e-06
3.593814e-01 1.111111e-01 2.154435e+05 2.483473e-07 7.834936e-08
3.593814e-01 1.111111e-01 1.000000e+06 1.122426e-08 3.559832e-09
3.593814e-01 2.222222e-01 1.000000e+00 5.099318e-05 5.102012e-05
3.593814e-01 2.222222e-01 4.641589e+00 3.368288e-04 2.435198e-05
3.593814e-01 2.222222e-01 2.154435e+01 4.279741e-04 8.606257e-05
3.593814e-01 2.222222e-01 1.000000e+02 4.306621e-04 1.090680e-04
3.593814e-01 2.222222e-01 4.641589e+02 3.482779e-04 9.354173e-05
3.593814e-01 2.222222e-01 2.154435e+03 2.041122e-04 5.667958e-05
3.593814e-01 2.222222e-01 1.000000e+04 5.107343e-05 1.446567e-05
3.593814e-01 2.222222e-01 4.641589e+04 4.546008e-06 1.302345e-06
3.593814e-01 2.222222e-01 2.154435e+05 2.386683e-07 6.889207e-08
3.593814e-01 2.222222e-01 1.000000e+06 1.078128e-08 3.125798e-09
3.593814e-01 3.333333e-01 1.000000e+00 4.080979e-05 4.083132e-05
3.593814e-01 3.333333e-01 4.641589e+00 3.119569e-04 1.282280e-05
3.593814e-01 3.333333e-01 2.154435e+01 4.114798e-04 7.391407e-05
3.593814e-01 3.333333e-01 1.000000e+02 4.181315e-04 9.755780e-05
3.593814e-01 3.333333e-01 4.641589e+02 3.373251e-04 8.322073e-05
3.593814e-01 3.333333e-01 2.154435e+03 1.973787e-04 5.024455e-05
3.593814e-01 3.333333e-01 1.000000e+04 4.933427e-05 1.278894e-05
3.593814e-01 3.333333e-01 4.641589e+04 4.387840e-06 1.148860e-06
3.593814e-01 3.333333e-01 2.154435e+05 2.302281e-07 6.066764e-08
3.593814e-01 3.333333e-01 1.000000e+06 1.039538e-08 2.748590e-09
3.593814e-01 4.444444e-01 1.000000e+00 3.105548e-05 3.107184e-05
3.593814e-01 4.444444e-01 4.641589e+00 2.874953e-04 1.942075e-06
3.593814e-01 4.444444e-01 2.154435e+01 3.962470e-04 6.305174e-05
3.593814e-01 4.444444e-01 1.000000e+02 4.070887e-04 8.752624e-05
3.593814e-01 4.444444e-01 4.641589e+02 3.278210e-04 7.433736e-05
3.593814e-01 4.444444e-01 2.154435e+03 1.915804e-04 4.473841e-05
3.593814e-01 4.444444e-01 1.000000e+04 4.784325e-05 1.135887e-05
3.593814e-01 4.444444e-01 4.641589e+04 4.252634e-06 1.018216e-06
3.593814e-01 4.444444e-01 2.154435e+05 2.230267e-07 5.367605e-08
3.593814e-01 4.444444e-01 1.000000e+06 1.006656e-08 2.428207e-09
3.593814e-01 5.555556e-01 1.000000e+00 2.173026e-05 2.174170e-05
3.593814e-01 5.555556e-01 4.641589e+00 2.634441e-04 -8.290195e-06
3.593814e-01 5.555556e-01 2.154435e+01 3.822756e-04 5.347558e-05
3.593814e-01 5.555556e-01 1.000000e+02 3.975338e-04 7.897329e-05
3.593814e-01 5.555556e-01 4.641589e+02 3.197656e-04 6.689161e-05
3.593814e-01 5.555556e-01 2.154435e+03 1.867174e-04 4.016116e-05
3.593814e-01 5.555556e-01 1.000000e+04 4.660037e-05 1.017547e-05
3.593814e-01 5.555556e-01 4.641589e+04 4.140390e-06 9.104129e-07
3.593814e-01 5.555556e-01 2.154435e+05 2.170640e-07 4.791732e-08
3.593814e-01 5.555556e-01 1.000000e+06 9.794814e-09 2.164649e-09
3.593814e-01 6.666667e-01 1.000000e+00 1.283412e-05 1.284088e-05
3.593814e-01 6.666667e-01 4.641589e+00 2.398032e-04 -1.787401e-05
3.593814e-01 6.666667e-01 2.154435e+01 3.695658e-04 4.518559e-05
3.593814e-01 6.666667e-01 1.000000e+02 3.894667e-04 7.189895e-05
3.593814e-01 6.666667e-01 4.641589e+02 3.131590e-04 6.088349e-05
3.593814e-01 6.666667e-01 2.154435e+03 1.827896e-04 3.651279e-05
3.593814e-01 6.666667e-01 1.000000e+04 4.560562e-05 9.238729e-06
3.593814e-01 6.666667e-01 4.641589e+04 4.051108e-06 8.254512e-07
3.593814e-01 6.666667e-01 2.154435e+05 2.123402e-07 4.339144e-08
3.593814e-01 6.666667e-01 1.000000e+06 9.580147e-09 1.957916e-09
3.593814e-01 7.777778e-01 1.000000e+00 4.367062e-06 4.369393e-06
3.593814e-01 7.777778e-01 4.641589e+00 2.165727e-04 -2.680938e-05
3.593814e-01 7.777778e-01 2.154435e+01 3.581174e-04 3.818176e-05
3.593814e-01 7.777778e-01 1.000000e+02 3.828875e-04 6.630323e-05
3.593814e-01 7.777778e-01 4.641589e+02 3.080011e-04 5.631300e-05
3.593814e-01 7.777778e-01 2.154435e+03 1.797971e-04 3.379331e-05
3.593814e-01 7.777778e-01 1.000000e+04 4.485901e-05 8.548657e-06
3.593814e-01 7.777778e-01 4.641589e+04 3.984788e-06 7.633306e-07
3.593814e-01 7.777778e-01 2.154435e+05 2.088551e-07 4.009841e-08
3.593814e-01 7.777778e-01 1.000000e+06 9.422558e-09 1.808009e-09
3.593814e-01 8.888889e-01 1.000000e+00 -3.670909e-06 -3.672767e-06
3.593814e-01 8.888889e-01 4.641589e+00 1.937525e-04 -3.509629e-05
3.593814e-01 8.888889e-01 2.154435e+01 3.479305e-04 3.246410e-05
3.593814e-01 8.888889e-01 1.000000e+02 3.777961e-04 6.218613e-05
3.593814e-01 8.888889e-01 4.641589e+02 3.042919e-04 5.318013e-05
3.593814e-01 8.888889e-01 2.154435e+03 1.777398e-04 3.200272e-05
3.593814e-01 8.888889e-01 1.000000e+04 4.436055e-05 8.105250e-06
3.593814e-01 8.888889e-01 4.641589e+04 3.941430e-06 7.240512e-07
3.593814e-01 8.888889e-01 2.154435e+05 2.066087e-07 3.803823e-08
3.593814e-01 8.888889e-01 1.000000e+06 9.322048e-09 1.714927e-09
3.593814e-01 1.000000e+00 1.000000e+00 -1.127980e-05 -1.128560e-05
3.593814e-01 1.000000e+00 4.641589e+00 1.713427e-04 -4.273474e-05
3.593814e-01 1.000000e+00 2.154435e+01 3.390051e-04 2.803260e-05
3.593814e-01 1.000000e+00 1.000000e+02 3.741926e-04 5.954765e-05
3.593814e-01 1.000000e+00 4.641589e+02 3.020315e-04 5.148489e-05
3.593814e-01 1.000000e+00 2.154435e+03 1.766178e-04 3.114102e-05
3.593814e-01 1.000000e+00 1.000000e+04 4.411022e-05 7.908508e-06
3.593814e-01 1.000000e+00 4.641589e+04 3.921033e-06 7.076130e-07
3.593814e-01 1.000000e+00 2.154435e+05 2.056012e-07 3.721090e-08
3.593814e-01 1.000000e+00 1.000000e+06 9.278615e-09 1.678670e-09
1.000000e+00 0.000000e+00 1.000000e+00 7.270694e-07 7.271168e-07
1.000000e+00 0.000000e+00 4.641589e+00 1.130955e-06 1.165298e-07
1.000000e+00 0.000000e+00 2.154435e+01 7.280134e-08 -8.807059e-08
1.000000e+00 0.000000e+00 1.000000e+02 2.331644e-07 -8.127201e-09
1.000000e+00 0.000000e+00 4.641589e+02 5.516854e-08 2.768158e-09
1.000000e+00 0.000000e+00 2.154435e+03 7.873058e-09 6.984480e-10
1.000000e+00 0.000000e+00 1.000000e+04 4.573169e-10 5.407984e-11
1.000000e+00 0.000000e+00 4.641589e+04 9.230936e-12 1.334915e-12
1.000000e+00 0.000000e+00 2.154435e+05 1.103718e-13 1.862165e-14
1.000000e+00 0.000000e+00 1.000000e+06 1.129218e-15 2.163686e-16
1.000000e+00 1.111111e-01 1.000000e+00 5.562387e-07 5.562749e-07
1.000000e+00 1.111111e-01 4.641589e+00 1.183113e-06 1.441645e-07
1.000000e+00 1.111111e-01 2.154435e+01 8.241752e-08 -7.952362e-08
1.000000e+00 1.111111e-01 1.000000e+02 2.335614e-07 -8.158593e-09
1.000000e+00 1.111111e-01 4.641589e+02 5.499106e-08 2.570894e-09
1.000000e+00 1.111111e-01 2.154435e+03 7.838959e-09 6.638567e-10
1.000000e+00 1.111111e-01 1.000000e+04 4.551705e-10 5.193328e-11
1.000000e+00 1.111111e-01 4.641589e+04 9.185932e-12 1.290033e-12
1.000000e+00 1.111111e-01 2.154435e+05 1.098234e-13 1.807506e-14
1.000000e+00 1.111111e-01 1.000000e+06 1.123574e-15 2.107449e-16
1.000000e+00 2.222222e-01 1.000000e+00 3.841296e-07 3.841547e-07
1.000000e+00 2.222222e-01 4.641589e+00 1.229212e-06 1.701663e-07
1.000000e+00 2.222222e-01 2.154435e+01 9.092893e-08 -7.192308e-08
1.000000e+00 2.222222e-01 1.000000e+02 2.339106e-07 -8.186225e-09
1.000000e+00 2.222222e-01 4.641589e+02 5.483443e-08 2.396836e-09
1.000000e+00 2.222222e-01 2.154435e+03 7.808870e-09 6.333349e-10
1.000000e+00 2.222222e-01 1.000000e+04 4.532767e-10 5.003925e-11
1.000000e+00 2.222222e-01 4.641589e+04 9.146223e-12 1.250431e-12
1.000000e+00 2.222222e-01 2.154435e+05 1.093395e-13 1.759278e-14
1.000000e+00 2.222222e-01 1.000000e+06 1.118594e-15 2.057829e-16
1.000000e+00 3.333333e-01 1.000000e+00 2.107423e-07 2.107562e-07
1.000000e+00 3.333333e-01 4.641589e+00 1.269253e-06 1.945351e-07
1.000000e+00 3.333333e-01 2.154435e+01 9.833558e-08 -6.526898e-08
1.000000e+00 3.333333e-01 1.000000e+02 2.342118e-07 -8.210099e-09
1.000000e+00 3.333333e-01 4.641589e+02 5.469865e-08 2.245984e-09
1.000000e+00 3.333333e-01 2.154435e+03 7.782793e-09 6.068827e-10
1.000000e+00 3.333333e-01 1.000000e+04 4.516353e-10 4.839776e-11
1.000000e+00 3.333333e-01 4.641589e+04 9.111809e-12 1.216110e-12
1.000000e+00 3.333333e-01 2.154435e+05 1.089201e-13 1.717480e-14
1.000000e+00 3.333333e-01 1.000000e+06 1.114278e-15 2.014824e-16
1.000000e+00 4.444444e-01 1.000000e+00 3.607669e-08 3.607946e-08
1.000000e+00 4.444444e-01 4.641589e+00 1.303234e-06 2.172711e-07
1.000000e+00 4.444444e-01 2.154435e+01 1.046375e-07 -5.956130e-08
1.000000e+00 4.444444e-01 1.000000e+02 2.344652e-07 -8.230213e-09
1.000000e+00 4.444444e-01 4.641589e+02 5.458371e-08 2.118339e-09
1.000000e+00 4.444444e-01 2.154435e+03 7.760728e-09 5.845000e-10
1.000000e+00 4.444444e-01 1.000000e+04 4.502465e-10 4.700881e-11
1.000000e+00 4.444444e-01 4.641589e+04 9.082690e-12 1.187069e-12
1.000000e+00 4.444444e-01 2.154435e+05 1.085652e-13 1.682112e-14
1.000000e+00 4.444444e-01 1.000000e+06 1.110626e-15 1.978435e-16
1.000000e+00 5.555556e-01 1.000000e+00 -1.398672e-07 -1.398756e-07
1.000000e+00 5.555556e-01 4.641589e+00 1.331156e-06 2.383742e-07
1.000000e+00 5.555556e-01 2.154435e+01 1.098346e-07 -5.480007e-08
1.000000e+00 5.555556e-01 1.000000e+02 2.346705e-07 -8.246569e-09
1.000000e+00 5.555556e-01 4.641589e+02 5.448963e-08 2.013900e-09
1.000000e+00 5.555556e-01 2.154435e+03 7.742673e-09 5.661868e-10
1.000000e+00 5.555556e-01 1.000000e+04 4.491102e-10 4.587239e-11
1.000000e+00 5.555556e-01 4.641589e+04 9.058865e-12 1.163308e-12
1.000000e+00 5.555556e-01 2.154435e+05 1.082749e-13 1.653175e-14
1.000000e+00 5.555556e-01 1.000000e+06 1.107638e-15 1.948663e-16
1.000000e+00 6.666667e-01 1.000000e+00 -3.170895e-07 -3.171089e-07
1.000000e+00 6.666667e-01 4.641589e+00 1.353019e-06 2.578443e-07
1.000000e+00 6.666667e-01 2.154435e+01 1.139269e-07 -5.098526e-08
1.000000e+00 6.666667e-01 1.000000e+02 2.348280e-07 -8.259165e-09
1.000000e+00 6.666667e-01 4.641589e+02 5.441640e-08 1.932667e-09
1.000000e+00 6.666667e-01 2.154435e+03 7.728630e-09 5.519432e-10
1.000000e+00 6.666667e-01 1.000000e+04 4.482264e-10 4.498852e-11
1.000000e+00 6.666667e-01 4.641589e+04 9.040334e-12 1.144828e-12
1.000000e+00 6.666667e-01 2.154435e+05 1.080491e-13 1.630669e-14
1.000000e+00 6.666667e-01 1.000000e+06 1.105314e-15 1.925507e-16
1.000000e+00 7.777778e-01 1.000000e+00 -4.955901e-07 -4.956206e-07
1.000000e+00 7.777778e-01 4.641589e+00 1.368823e-06 2.756816e-07
1.000000e+00 7.777778e-01 2.154435e+01 1.169145e-07 -4.811689e-08
1.000000e+00 7.777778e-01 1.000000e+02 2.349375e-07 -8.268002e-09
1.000000e+00 7.777778e-01 4.641589e+02 5.436402e-08 1.874640e-09
1.000000e+00 7.777778e-01 2.154435e+03 7.718598e-09 5.417691e-10
1.000000e+00 7.777778e-01 1.000000e+04 4.475951e-10 4.435718e-11
1.000000e+00 7.777778e-01 4.641589e+04 9.027099e-12 1.131627e-12
1.000000e+00 7.777778e-01 2.154435e+05 1.078878e-13 1.614593e-14
1.000000e+00 7.777778e-01 1.000000e+06 1.103654e-15 1.908967e-16
1.000000e+00 8.888889e-01 1.000000e+00 -6.753689e-07 -6.754105e-07
1.000000e+00 8.888889e-01 4.641589e+00 1.378567e-06 2.918859e-07
1.000000e+00 8.888889e-01 2.154435e+01 1.187973e-07 -4.619496e-08
1.000000e+00 8.888889e-01 1.000000e+02 2.349991e-07 -8.273080e-09
1.000000e+00 8.888889e-01 4.641589e+02 5.433248e-08 1.839820e-09
1.000000e+00 8.888889e-01 2.154435e+03 7.712577e-09 5.356646e-10
1.000000e+00 8.888889e-01 1.000000e+04 4.472164e-10 4.397838e-11
1.000000e+00 8.888889e-01 4.641589e+04 9.019157e-12 1.123707e-12
1.000000e+00 8.888889e-01 2.154435e+05 1.077910e-13 1.604947e-14
1.000000e+00 8.888889e-01 1.000000e+06 1.102658e-15 1.899042e-16
1.000000e+00 1.000000e+00 1.000000e+00 -8.564261e-07 -8.564787e-07
1.000000e+00 1.000000e+00 4.641589e+00 1.382253e-06 3.064573e-07
1.000000e+00 1.000000e+00 2.154435e+01 1.195753e-07 -4.521946e-08
1.000000e+00 1.000000e+00 1.000000e+02 2.350128e-07 -8.274400e-09
1.000000e+00 1.000000e+00 4.641589e+02 5.432180e-08 1.828206e-09
1.000000e+00 1.000000e+00 2.154435e+03 7.710568e-09 5.336295e-10
1.000000e+00 1.000000e+00 1.000000e+04 4.470901e-10 4.385212e-11
1.000000e+00 1.000000e+00 4.641589e+04 9.016511e-12 1.121067e-12
1.000000e+00 1.000000e+00 2.154435e+05 1.077588e-13 1.601732e-14
1.000000e+00 1.000000e+00 1.000000e+06 1.102326e-15 1.895735e-16
