# x y Q2 xsec_nu xsec_nub
1.000000e-04 0.000000e+00 1.000000e+00 2.006243e+01 2.030890e+01
1.000000e-04 0.000000e+00 4.641589e+00 6.250369e+01 6.297679e+01
1.000000e-04 0.000000e+00 2.154435e+01 1.319633e+02 1.324247e+02
1.000000e-04 0.000000e+00 1.000000e+02 2.125201e+02 2.129635e+02
1.000000e-04 0.000000e+00 4.641589e+02 2.730810e+02 2.734736e+02
1.000000e-04 0.000000e+00 2.154435e+03 2.320302e+02 2.322800e+02
1.000000e-04 0.000000e+00 1.000000e+04 7.913847e+01 7.920579e+01
1.000000e-04 0.000000e+00 4.641589e+04 9.189253e+00 9.195666e+00
1.000000e-04 0.000000e+00 2.154435e+05 6.078313e-01 6.081891e-01
1.000000e-04 0.000000e+00 1.000000e+06 3.369482e-02 3.371191e-02
1.000000e-04 1.111111e-01 1.000000e+00 1.840777e+01 1.863610e+01
1.000000e-04 1.111111e-01 4.641589e+00 5.768757e+01 5.814111e+01
1.000000e-04 1.111111e-01 2.154435e+01 1.204840e+02 1.209350e+02
1.000000e-04 1.111111e-01 1.000000e+02 1.934553e+02 1.938917e+02
1.000000e-04 1.111111e-01 4.641589e+02 2.472661e+02 2.476525e+02
1.000000e-04 1.111111e-01 2.154435e+03 2.094839e+02 2.097297e+02
1.000000e-04 1.111111e-01 1.000000e+04 7.132030e+01 7.138655e+01
1.000000e-04 1.111111e-01 4.641589e+04 8.271566e+00 8.277877e+00
1.000000e-04 1.111111e-01 2.154435e+05 5.466671e-01 5.470191e-01
1.000000e-04 1.111111e-01 1.000000e+06 3.028528e-02 3.030209e-02
1.000000e-04 2.222222e-01 1.000000e+00 1.676967e+01 1.697990e+01
1.000000e-04 2.222222e-01 4.641589e+00 5.323093e+01 5.366518e+01
1.000000e-04 2.222222e-01 2.154435e+01 1.099870e+02 1.104281e+02
1.000000e-04 2.222222e-01 1.000000e+02 1.760570e+02 1.764868e+02
1.000000e-04 2.222222e-01 4.641589e+02 2.238328e+02 2.242135e+02
1.000000e-04 2.222222e-01 2.154435e+03 1.891047e+02 1.893470e+02
1.000000e-04 2.222222e-01 1.000000e+04 6.427739e+01 6.434267e+01
1.000000e-04 2.222222e-01 4.641589e+04 7.447131e+00 7.453350e+00
1.000000e-04 2.222222e-01 2.154435e+05 4.918362e-01 4.921831e-01
1.000000e-04 2.222222e-01 1.000000e+06 2.723414e-02 2.725071e-02
1.000000e-04 3.333333e-01 1.000000e+00 1.514815e+01 1.534031e+01
1.000000e-04 3.333333e-01 4.641589e+00 4.913376e+01 4.954900e+01
1.000000e-04 3.333333e-01 2.154435e+01 1.004722e+02 1.009040e+02
1.000000e-04 3.333333e-01 1.000000e+02 1.603251e+02 1.607490e+02
1.000000e-04 3.333333e-01 4.641589e+02 2.027809e+02 2.031565e+02
1.000000e-04 3.333333e-01 2.154435e+03 1.708927e+02 1.711317e+02
1.000000e-04 3.333333e-01 1.000000e+04 5.800975e+01 5.807416e+01
1.000000e-04 3.333333e-01 4.641589e+04 6.715948e+00 6.722086e+00
1.000000e-04 3.333333e-01 2.154435e+05 4.433386e-01 4.436810e-01
1.000000e-04 3.333333e-01 1.000000e+06 2.454140e-02 2.455775e-02
1.000000e-04 4.444444e-01 1.000000e+00 1.354321e+01 1.371733e+01
1.000000e-04 4.444444e-01 4.641589e+00 4.539607e+01 4.579257e+01
1.000000e-04 4.444444e-01 2.154435e+01 9.193982e+01 9.236271e+01
1.000000e-04 4.444444e-01 1.000000e+02 1.462597e+02 1.466781e+02
1.000000e-04 4.444444e-01 4.641589e+02 1.841107e+02 1.844816e+02
1.000000e-04 4.444444e-01 2.154435e+03 1.548477e+02 1.550839e+02
1.000000e-04 4.444444e-01 1.000000e+04 5.251736e+01 5.258102e+01
1.000000e-04 4.444444e-01 4.641589e+04 6.078017e+00 6.084083e+00
1.000000e-04 4.444444e-01 2.154435e+05 4.011743e-01 4.015128e-01
1.000000e-04 4.444444e-01 1.000000e+06 2.220707e-02 2.222323e-02
1.000000e-04 5.555556e-01 1.000000e+00 1.195483e+01 1.211095e+01
1.000000e-04 5.555556e-01 4.641589e+00 4.201786e+01 4.239589e+01
1.000000e-04 5.555556e-01 2.154435e+01 8.438971e+01 8.480418e+01
1.000000e-04 5.555556e-01 1.000000e+02 1.338607e+02 1.342743e+02
1.000000e-04 5.555556e-01 4.641589e+02 1.678219e+02 1.681887e+02
1.000000e-04 5.555556e-01 2.154435e+03 1.409700e+02 1.412036e+02
1.000000e-04 5.555556e-01 1.000000e+04 4.780025e+01 4.786325e+01
1.000000e-04 5.555556e-01 4.641589e+04 5.533338e+00 5.539343e+00
1.000000e-04 5.555556e-01 2.154435e+05 3.653434e-01 3.656785e-01
1.000000e-04 5.555556e-01 1.000000e+06 2.023113e-02 2.024713e-02
1.000000e-04 6.666667e-01 1.000000e+00 1.038303e+01 1.052118e+01
1.000000e-04 6.666667e-01 4.641589e+00 3.899912e+01 3.935896e+01
1.000000e-04 6.666667e-01 2.154435e+01 7.782190e+01 7.822845e+01
1.000000e-04 6.666667e-01 1.000000e+02 1.231282e+02 1.235375e+02
1.000000e-04 6.666667e-01 4.641589e+02 1.539146e+02 1.542780e+02
1.000000e-04 6.666667e-01 2.154435e+03 1.292593e+02 1.294908e+02
1.000000e-04 6.666667e-01 1.000000e+04 4.385840e+01 4.392084e+01
1.000000e-04 6.666667e-01 4.641589e+04 5.081911e+00 5.087865e+00
1.000000e-04 6.666667e-01 2.154435e+05 3.358458e-01 3.361781e-01
1.000000e-04 6.666667e-01 1.000000e+06 1.861360e-02 1.862947e-02
1.000000e-04 7.777778e-01 1.000000e+00 8.827809e+00 8.948016e+00
1.000000e-04 7.777778e-01 4.641589e+00 3.633985e+01 3.668177e+01
1.000000e-04 7.777778e-01 2.154435e+01 7.223640e+01 7.263550e+01
1.000000e-04 7.777778e-01 1.000000e+02 1.140621e+02 1.144677e+02
1.000000e-04 7.777778e-01 4.641589e+02 1.423889e+02 1.427492e+02
1.000000e-04 7.777778e-01 2.154435e+03 1.197158e+02 1.199455e+02
1.000000e-04 7.777778e-01 1.000000e+04 4.069181e+01 4.075380e+01
1.000000e-04 7.777778e-01 4.641589e+04 4.723736e+00 4.729648e+00
1.000000e-04 7.777778e-01 2.154435e+05 3.126815e-01 3.130116e-01
1.000000e-04 7.777778e-01 1.000000e+06 1.735446e-02 1.737023e-02
1.000000e-04 8.888889e-01 1.000000e+00 7.289158e+00 7.391459e+00
1.000000e-04 8.888889e-01 4.641589e+00 3.404006e+01 3.436434e+01
1.000000e-04 8.888889e-01 2.154435e+01 6.763320e+01 6.802535e+01
1.000000e-04 8.888889e-01 1.000000e+02 1.066625e+02 1.070649e+02
1.000000e-04 8.888889e-01 4.641589e+02 1.332447e+02 1.336026e+02
1.000000e-04 8.888889e-01 2.154435e+03 1.123394e+02 1.125677e+02
1.000000e-04 8.888889e-01 1.000000e+04 3.830049e+01 3.836213e+01
1.000000e-04 8.888889e-01 4.641589e+04 4.458813e+00 4.464694e+00
1.000000e-04 8.888889e-01 2.154435e+05 2.958506e-01 2.961790e-01
1.000000e-04 8.888889e-01 1.000000e+06 1.645373e-02 1.646942e-02
1.000000e-04 1.000000e+00 1.000000e+00 5.767079e+00 5.851509e+00
1.000000e-04 1.000000e+00 4.641589e+00 3.209975e+01 3.240666e+01
1.000000e-04 1.000000e+00 2.154435e+01 6.401230e+01 6.439798e+01
1.000000e-04 1.000000e+00 1.000000e+02 1.009293e+02 1.013291e+02
1.000000e-04 1.000000e+00 4.641589e+02 1.264820e+02 1.268380e+02
1.000000e-04 1.000000e+00 2.154435e+03 1.071301e+02 1.073574e+02
1.000000e-04 1.000000e+00 1.000000e+04 3.668443e+01 3.674582e+01
1.000000e-04 1.000000e+00 4.641589e+04 4.287142e+00 4.293003e+00
1.000000e-04 1.000000e+00 2.154435e+05 2.853529e-01 2.856803e-01
1.000000e-04 1.000000e+00 1.000000e+06 1.591140e-02 1.592704e-02
2.782559e-04 0.000000e+00 1.000000e+00 7.056148e+00 7.126630e+00
2.782559e-04 0.000000e+00 4.641589e+00 1.840874e+01 1.856930e+01
2.782559e-04 0.000000e+00 2.154435e+01 3.727127e+01 3.742701e+01
2.782559e-04 0.000000e+00 1.000000e+02 5.780086e+01 5.794624e+01
2.782559e-04 0.000000e+00 4.641589e+02 7.174606e+01 7.187008e+01
2.782559e-04 0.000000e+00 2.154435e+03 5.920028e+01 5.927635e+01
2.782559e-04 0.000000e+00 1.000000e+04 1.968979e+01 1.970956e+01
2.782559e-04 0.000000e+00 4.641589e+04 2.236674e+00 2.238491e+00
2.782559e-04 0.000000e+00 2.154435e+05 1.451055e-01 1.452033e-01
2.782559e-04 0.000000e+00 1.000000e+06 7.906073e-03 7.910581e-03
2.782559e-04 1.111111e-01 1.000000e+00 6.450564e+00 6.515819e+00
2.782559e-04 1.111111e-01 4.641589e+00 1.702610e+01 1.718005e+01
2.782559e-04 1.111111e-01 2.154435e+01 3.414346e+01 3.429583e+01
2.782559e-04 1.111111e-01 1.000000e+02 5.277792e+01 5.292111e+01
2.782559e-04 1.111111e-01 4.641589e+02 6.513878e+01 6.526089e+01
2.782559e-04 1.111111e-01 2.154435e+03 5.357598e+01 5.365085e+01
2.782559e-04 1.111111e-01 1.000000e+04 1.778306e+01 1.780251e+01
2.782559e-04 1.111111e-01 4.641589e+04 2.017299e+00 2.019087e+00
2.782559e-04 1.111111e-01 2.154435e+05 1.307430e-01 1.308392e-01
2.782559e-04 1.111111e-01 1.000000e+06 7.118191e-03 7.122623e-03
2.782559e-04 2.222222e-01 1.000000e+00 5.852191e+00 5.912212e+00
2.782559e-04 2.222222e-01 4.641589e+00 1.573679e+01 1.588419e+01
2.782559e-04 2.222222e-01 2.154435e+01 3.127096e+01 3.142012e+01
2.782559e-04 2.222222e-01 1.000000e+02 4.818549e+01 4.832665e+01
2.782559e-04 2.222222e-01 4.641589e+02 5.913852e+01 5.925888e+01
2.782559e-04 2.222222e-01 2.154435e+03 4.849343e+01 4.856722e+01
2.782559e-04 2.222222e-01 1.000000e+04 1.606631e+01 1.608548e+01
2.782559e-04 2.222222e-01 4.641589e+04 1.820349e+00 1.822110e+00
2.782559e-04 2.222222e-01 2.154435e+05 1.178771e-01 1.179719e-01
2.782559e-04 2.222222e-01 1.000000e+06 6.413660e-03 6.418023e-03
2.782559e-04 3.333333e-01 1.000000e+00 5.261030e+00 5.315810e+00
2.782559e-04 3.333333e-01 4.641589e+00 1.454079e+01 1.468172e+01
2.782559e-04 3.333333e-01 2.154435e+01 2.865378e+01 2.879987e+01
2.782559e-04 3.333333e-01 1.000000e+02 4.402355e+01 4.416288e+01
2.782559e-04 3.333333e-01 4.641589e+02 5.374526e+01 5.386406e+01
2.782559e-04 3.333333e-01 2.154435e+03 4.395263e+01 4.402545e+01
2.782559e-04 3.333333e-01 1.000000e+04 1.453956e+01 1.455848e+01
2.782559e-04 3.333333e-01 4.641589e+04 1.645825e+00 1.647563e+00
2.782559e-04 3.333333e-01 2.154435e+05 1.065079e-01 1.066014e-01
2.782559e-04 3.333333e-01 1.000000e+06 5.792479e-03 5.796782e-03
2.782559e-04 4.444444e-01 1.000000e+00 4.677079e+00 4.726612e+00
2.782559e-04 4.444444e-01 4.641589e+00 1.343811e+01 1.357263e+01
2.782559e-04 4.444444e-01 2.154435e+01 2.629191e+01 2.643509e+01
2.782559e-04 4.444444e-01 1.000000e+02 4.029212e+01 4.042979e+01
2.782559e-04 4.444444e-01 4.641589e+02 4.895900e+01 4.907641e+01
2.782559e-04 4.444444e-01 2.154435e+03 3.995357e+01 4.002554e+01
2.782559e-04 4.444444e-01 1.000000e+04 1.320280e+01 1.322149e+01
2.782559e-04 4.444444e-01 4.641589e+04 1.493726e+00 1.495443e+00
2.782559e-04 4.444444e-01 2.154435e+05 9.663537e-02 9.672774e-02
2.782559e-04 4.444444e-01 1.000000e+06 5.254648e-03 5.258899e-03
2.782559e-04 5.555556e-01 1.000000e+00 4.100340e+00 4.144619e+00
2.782559e-04 5.555556e-01 4.641589e+00 1.242874e+01 1.255693e+01
2.782559e-04 5.555556e-01 2.154435e+01 2.418535e+01 2.432577e+01
2.782559e-04 5.555556e-01 1.000000e+02 3.699119e+01 3.712737e+01
2.782559e-04 5.555556e-01 4.641589e+02 4.477975e+01 4.489594e+01
2.782559e-04 5.555556e-01 2.154435e+03 3.649626e+01 3.656750e+01
2.782559e-04 5.555556e-01 1.000000e+04 1.205602e+01 1.207453e+01
2.782559e-04 5.555556e-01 4.641589e+04 1.364053e+00 1.365752e+00
2.782559e-04 5.555556e-01 2.154435e+05 8.825948e-02 8.835090e-02
2.782559e-04 5.555556e-01 1.000000e+06 4.800168e-03 4.804376e-03
2.782559e-04 6.666667e-01 1.000000e+00 3.530812e+00 3.569830e+00
2.782559e-04 6.666667e-01 4.641589e+00 1.151269e+01 1.163461e+01
2.782559e-04 6.666667e-01 2.154435e+01 2.233410e+01 2.247192e+01
2.782559e-04 6.666667e-01 1.000000e+02 3.412076e+01 3.425564e+01
2.782559e-04 6.666667e-01 4.641589e+02 4.120751e+01 4.132266e+01
2.782559e-04 6.666667e-01 2.154435e+03 3.358071e+01 3.365133e+01
2.782559e-04 6.666667e-01 1.000000e+04 1.109924e+01 1.111759e+01
2.782559e-04 6.666667e-01 4.641589e+04 1.256804e+00 1.258490e+00
2.782559e-04 6.666667e-01 2.154435e+05 8.138023e-02 8.147090e-02
2.782559e-04 6.666667e-01 1.000000e+06 4.429038e-03 4.433211e-03
2.782559e-04 7.777778e-01 1.000000e+00 2.968495e+00 3.002245e+00
2.782559e-04 7.777778e-01 4.641589e+00 1.068996e+01 1.080568e+01
2.782559e-04 7.777778e-01 2.154435e+01 2.073817e+01 2.087354e+01
2.782559e-04 7.777778e-01 1.000000e+02 3.168083e+01 3.181458e+01
2.782559e-04 7.777778e-01 4.641589e+02 3.824228e+01 3.835655e+01
2.782559e-04 7.777778e-01 2.154435e+03 3.120690e+01 3.127701e+01
2.782559e-04 7.777778e-01 1.000000e+04 1.033244e+01 1.035066e+01
2.782559e-04 7.777778e-01 4.641589e+04 1.171982e+00 1.173656e+00
2.782559e-04 7.777778e-01 2.154435e+05 7.599764e-02 7.608772e-02
2.782559e-04 7.777778e-01 1.000000e+06 4.141258e-03 4.145405e-03
2.782559e-04 8.888889e-01 1.000000e+00 2.413390e+00 2.441865e+00
2.782559e-04 8.888889e-01 4.641589e+00 9.960546e+00 1.007013e+01
2.782559e-04 8.888889e-01 2.154435e+01 1.939755e+01 1.953062e+01
2.782559e-04 8.888889e-01 1.000000e+02 2.967140e+01 2.980421e+01
2.782559e-04 8.888889e-01 4.641589e+02 3.588405e+01 3.599762e+01
2.782559e-04 8.888889e-01 2.154435e+03 2.937484e+01 2.944457e+01
2.782559e-04 8.888889e-01 1.000000e+04 9.755634e+00 9.773765e+00
2.782559e-04 8.888889e-01 4.641589e+04 1.109584e+00 1.111251e+00
2.782559e-04 8.888889e-01 2.154435e+05 7.211170e-02 7.220137e-02
2.782559e-04 8.888889e-01 1.000000e+06 3.936829e-03 3.940957e-03
2.782559e-04 1.000000e+00 1.000000e+00 1.865496e+00 1.888689e+00
2.782559e-04 1.000000e+00 4.641589e+00 9.324449e+00 9.427968e+00
2.782559e-04 1.000000e+00 2.154435e+01 1.831225e+01 1.844317e+01
2.782559e-04 1.000000e+00 1.000000e+02 2.809248e+01 2.822451e+01
2.782559e-04 1.000000e+00 4.641589e+02 3.413283e+01 3.424587e+01
2.782559e-04 1.000000e+00 2.154435e+03 2.808452e+01 2.815398e+01
2.782559e-04 1.000000e+00 1.000000e+04 9.368817e+00 9.386887e+00
2.782559e-04 1.000000e+00 4.641589e+04 1.069612e+00 1.071274e+00
2.782559e-04 1.000000e+00 2.154435e+05 6.972242e-02 6.981185e-02
2.782559e-04 1.000000e+00 1.000000e+06 3.815750e-03 3.819868e-03
7.742637e-04 0.000000e+00 1.000000e+00 2.304631e+00 2.307097e+00
7.742637e-04 0.000000e+00 4.641589e+00 5.275331e+00 5.310619e+00
7.742637e-04 0.000000e+00 2.154435e+01 1.031056e+01 1.034522e+01
7.742637e-04 0.000000e+00 1.000000e+02 1.534643e+01 1.537574e+01
7.742637e-04 0.000000e+00 4.641589e+02 1.835103e+01 1.837250e+01
7.742637e-04 0.000000e+00 2.154435e+03 1.467635e+01 1.468736e+01
7.742637e-04 0.000000e+00 1.000000e+04 4.752749e+00 4.755053e+00
7.742637e-04 0.000000e+00 4.641589e+04 5.275025e-01 5.276621e-01
7.742637e-04 0.000000e+00 2.154435e+05 3.352919e-02 3.353494e-02
7.742637e-04 0.000000e+00 1.000000e+06 1.793820e-03 1.793949e-03
7.742637e-04 1.111111e-01 1.000000e+00 2.099737e+00 2.101986e+00
7.742637e-04 1.111111e-01 4.641589e+00 4.888672e+00 4.922508e+00
7.742637e-04 1.111111e-01 2.154435e+01 9.480722e+00 9.514735e+00
7.742637e-04 1.111111e-01 1.000000e+02 1.406356e+01 1.409253e+01
7.742637e-04 1.111111e-01 4.641589e+02 1.671583e+01 1.673702e+01
7.742637e-04 1.111111e-01 2.154435e+03 1.332204e+01 1.333289e+01
7.742637e-04 1.111111e-01 1.000000e+04 4.304459e+00 4.306724e+00
7.742637e-04 1.111111e-01 4.641589e+04 4.770020e-01 4.771583e-01
7.742637e-04 1.111111e-01 2.154435e+05 3.028436e-02 3.028994e-02
7.742637e-04 1.111111e-01 1.000000e+06 1.618794e-03 1.618917e-03
7.742637e-04 2.222222e-01 1.000000e+00 1.897577e+00 1.899598e+00
7.742637e-04 2.222222e-01 4.641589e+00 4.524442e+00 4.556824e+00
7.742637e-04 2.222222e-01 2.154435e+01 8.714666e+00 8.748060e+00
7.742637e-04 2.222222e-01 1.000000e+02 1.288823e+01 1.291691e+01
7.742637e-04 2.222222e-01 4.641589e+02 1.523026e+01 1.525121e+01
7.742637e-04 2.222222e-01 2.154435e+03 1.209856e+01 1.210927e+01
7.742637e-04 2.222222e-01 1.000000e+04 3.901089e+00 3.903320e+00
7.742637e-04 2.222222e-01 4.641589e+04 4.316985e-01 4.318520e-01
7.742637e-04 2.222222e-01 2.154435e+05 2.738003e-02 2.738548e-02
7.742637e-04 2.222222e-01 1.000000e+06 1.462413e-03 1.462530e-03
7.742637e-04 3.333333e-01 1.000000e+00 1.698152e+00 1.699933e+00
7.742637e-04 3.333333e-01 4.641589e+00 4.182639e+00 4.213567e+00
7.742637e-04 3.333333e-01 2.154435e+01 8.012396e+00 8.045196e+00
7.742637e-04 3.333333e-01 1.000000e+02 1.182045e+01 1.184885e+01
7.742637e-04 3.333333e-01 4.641589e+02 1.389434e+01 1.391507e+01
7.742637e-04 3.333333e-01 2.154435e+03 1.100590e+01 1.101650e+01
7.742637e-04 3.333333e-01 1.000000e+04 3.542639e+00 3.544842e+00
7.742637e-04 3.333333e-01 4.641589e+04 3.915920e-01 3.917432e-01
7.742637e-04 3.333333e-01 2.154435e+05 2.481620e-02 2.482153e-02
7.742637e-04 3.333333e-01 1.000000e+06 1.324677e-03 1.324790e-03
7.742637e-04 4.444444e-01 1.000000e+00 1.501462e+00 1.502990e+00
7.742637e-04 4.444444e-01 4.641589e+00 3.863264e+00 3.892737e+00
7.742637e-04 4.444444e-01 2.154435e+01 7.373912e+00 7.406144e+00
7.742637e-04 4.444444e-01 1.000000e+02 1.086021e+01 1.088838e+01
7.742637e-04 4.444444e-01 4.641589e+02 1.270805e+01 1.272860e+01
7.742637e-04 4.444444e-01 2.154435e+03 1.004408e+01 1.005457e+01
7.742637e-04 4.444444e-01 1.000000e+04 3.229110e+00 3.231290e+00
7.742637e-04 4.444444e-01 4.641589e+04 3.566826e-01 3.568319e-01
7.742637e-04 4.444444e-01 2.154435e+05 2.259287e-02 2.259811e-02
7.742637e-04 4.444444e-01 1.000000e+06 1.205586e-03 1.205696e-03
7.742637e-04 5.555556e-01 1.000000e+00 1.307506e+00 1.308770e+00
7.742637e-04 5.555556e-01 4.641589e+00 3.566317e+00 3.594333e+00
7.742637e-04 5.555556e-01 2.154435e+01 6.799214e+00 6.830903e+00
7.742637e-04 5.555556e-01 1.000000e+02 1.000752e+01 1.003548e+01
7.742637e-04 5.555556e-01 4.641589e+02 1.167140e+01 1.169180e+01
7.742637e-04 5.555556e-01 2.154435e+03 9.213083e+00 9.223495e+00
7.742637e-04 5.555556e-01 1.000000e+04 2.960501e+00 2.962663e+00
7.742637e-04 5.555556e-01 4.641589e+04 3.269702e-01 3.271181e-01
7.742637e-04 5.555556e-01 2.154435e+05 2.071004e-02 2.071522e-02
7.742637e-04 5.555556e-01 1.000000e+06 1.105141e-03 1.105247e-03
7.742637e-04 6.666667e-01 1.000000e+00 1.116286e+00 1.117272e+00
7.742637e-04 6.666667e-01 4.641589e+00 3.291798e+00 3.318357e+00
7.742637e-04 6.666667e-01 2.154435e+01 6.288303e+00 6.319474e+00
7.742637e-04 6.666667e-01 1.000000e+02 9.262372e+00 9.290158e+00
7.742637e-04 6.666667e-01 4.641589e+02 1.078439e+01 1.080466e+01
7.742637e-04 6.666667e-01 2.154435e+03 8.512915e+00 8.523265e+00
7.742637e-04 6.666667e-01 1.000000e+04 2.736813e+00 2.738961e+00
7.742637e-04 6.666667e-01 4.641589e+04 3.024549e-01 3.026017e-01
7.742637e-04 6.666667e-01 2.154435e+05 1.916772e-02 1.917285e-02
7.742637e-04 6.666667e-01 1.000000e+06 1.023340e-03 1.023445e-03
7.742637e-04 7.777778e-01 1.000000e+00 9.277998e-01 9.284967e-01
7.742637e-04 7.777778e-01 4.641589e+00 3.039707e+00 3.064807e+00
7.742637e-04 7.777778e-01 2.154435e+01 5.841178e+00 5.871857e+00
7.742637e-04 7.777778e-01 1.000000e+02 8.624770e+00 8.652414e+00
7.742637e-04 7.777778e-01 4.641589e+02 1.004702e+01 1.006720e+01
7.742637e-04 7.777778e-01 2.154435e+03 7.943576e+00 7.953883e+00
7.742637e-04 7.777778e-01 1.000000e+04 2.558045e+00 2.560185e+00
7.742637e-04 7.777778e-01 4.641589e+04 2.831365e-01 2.832828e-01
7.742637e-04 7.777778e-01 2.154435e+05 1.796589e-02 1.797100e-02
7.742637e-04 7.777778e-01 1.000000e+06 9.601844e-04 9.602891e-04
7.742637e-04 8.888889e-01 1.000000e+00 7.420485e-01 7.424440e-01
7.742637e-04 8.888889e-01 4.641589e+00 2.810044e+00 2.833684e+00
7.742637e-04 8.888889e-01 2.154435e+01 5.457838e+00 5.488051e+00
7.742637e-04 8.888889e-01 1.000000e+02 8.094713e+00 8.122247e+00
7.742637e-04 8.888889e-01 4.641589e+02 9.459289e+00 9.479412e+00
7.742637e-04 8.888889e-01 2.154435e+03 7.505064e+00 7.515349e+00
7.742637e-04 8.888889e-01 1.000000e+04 2.424198e+00 2.426334e+00
7.742637e-04 8.888889e-01 4.641589e+04 2.690152e-01 2.691614e-01
7.742637e-04 8.888889e-01 2.154435e+05 1.710456e-02 1.710968e-02
7.742637e-04 8.888889e-01 1.000000e+06 9.156738e-04 9.157791e-04
7.742637e-04 1.000000e+00 1.000000e+00 5.590319e-01 5.591138e-01
7.742637e-04 1.000000e+00 4.641589e+00 2.602809e+00 2.624988e+00
7.742637e-04 1.000000e+00 2.154435e+01 5.138285e+00 5.168056e+00
7.742637e-04 1.000000e+00 1.000000e+02 7.672201e+00 7.699657e+00
7.742637e-04 1.000000e+00 4.641589e+02 9.021197e+00 9.041290e+00
7.742637e-04 1.000000e+00 2.154435e+03 7.197381e+00 7.207662e+00
7.742637e-04 1.000000e+00 1.000000e+04 2.335271e+00 2.337408e+00
7.742637e-04 1.000000e+00 4.641589e+04 2.600909e-01 2.602375e-01
7.742637e-04 1.000000e+00 2.154435e+05 1.658374e-02 1.658889e-02
7.742637e-04 1.000000e+00 1.000000e+06 8.898082e-04 8.899151e-04
2.154435e-03 0.000000e+00 1.000000e+00 6.689248e-01 6.549014e-01
2.154435e-03 0.000000e+00 4.641589e+00 1.446217e+00 1.438197e+00
2.154435e-03 0.000000e+00 2.154435e+01 2.745373e+00 2.738827e+00
2.154435e-03 0.000000e+00 1.000000e+02 3.919473e+00 3.911075e+00
2.154435e-03 0.000000e+00 4.641589e+02 4.504966e+00 4.494914e+00
2.154435e-03 0.000000e+00 2.154435e+03 3.486019e+00 3.478115e+00
2.154435e-03 0.000000e+00 1.000000e+04 1.097589e+00 1.095084e+00
2.154435e-03 0.000000e+00 4.641589e+04 1.188768e-01 1.186045e-01
2.154435e-03 0.000000e+00 2.154435e+05 7.395209e-03 7.378248e-03
2.154435e-03 0.000000e+00 1.000000e+06 3.881172e-04 3.872264e-04
2.154435e-03 1.111111e-01 1.000000e+00 6.081098e-01 5.951072e-01
2.154435e-03 1.111111e-01 4.641589e+00 1.342753e+00 1.335059e+00
2.154435e-03 1.111111e-01 2.154435e+01 2.534746e+00 2.528408e+00
2.154435e-03 1.111111e-01 1.000000e+02 3.607135e+00 3.598929e+00
2.154435e-03 1.111111e-01 4.641589e+02 4.120067e+00 4.110191e+00
2.154435e-03 1.111111e-01 2.154435e+03 3.176369e+00 3.168583e+00
2.154435e-03 1.111111e-01 1.000000e+04 9.976475e-01 9.951759e-01
2.154435e-03 1.111111e-01 4.641589e+04 1.078660e-01 1.075970e-01
2.154435e-03 1.111111e-01 2.154435e+05 6.701548e-03 6.684785e-03
2.154435e-03 1.111111e-01 1.000000e+06 3.513591e-04 3.504783e-04
2.154435e-03 2.222222e-01 1.000000e+00 5.481462e-01 5.361561e-01
2.154435e-03 2.222222e-01 4.641589e+00 1.243952e+00 1.236570e+00
2.154435e-03 2.222222e-01 2.154435e+01 2.339073e+00 2.332932e+00
2.154435e-03 2.222222e-01 1.000000e+02 3.320309e+00 3.312283e+00
2.154435e-03 2.222222e-01 4.641589e+02 3.770254e+00 3.760544e+00
2.154435e-03 2.222222e-01 2.154435e+03 2.896740e+00 2.889065e+00
2.154435e-03 2.222222e-01 1.000000e+04 9.077850e-01 9.053446e-01
2.154435e-03 2.222222e-01 4.641589e+04 9.799669e-02 9.773089e-02
2.154435e-03 2.222222e-01 2.154435e+05 6.081231e-03 6.064652e-03
2.154435e-03 2.222222e-01 1.000000e+06 3.185461e-04 3.176744e-04
2.154435e-03 3.333333e-01 1.000000e+00 4.890340e-01 4.780481e-01
2.154435e-03 3.333333e-01 4.641589e+00 1.149814e+00 1.142729e+00
2.154435e-03 3.333333e-01 2.154435e+01 2.158352e+00 2.152397e+00
2.154435e-03 3.333333e-01 1.000000e+02 3.058994e+00 3.051138e+00
2.154435e-03 3.333333e-01 4.641589e+02 3.455528e+00 3.445972e+00
2.154435e-03 3.333333e-01 2.154435e+03 2.647133e+00 2.639560e+00
2.154435e-03 3.333333e-01 1.000000e+04 8.280015e-01 8.255899e-01
2.154435e-03 3.333333e-01 4.641589e+04 8.926897e-02 8.900604e-02
2.154435e-03 3.333333e-01 2.154435e+05 5.534261e-03 5.517848e-03
2.154435e-03 3.333333e-01 1.000000e+06 2.896781e-04 2.888148e-04
2.154435e-03 4.444444e-01 1.000000e+00 4.307732e-01 4.207831e-01
2.154435e-03 4.444444e-01 4.641589e+00 1.060339e+00 1.053536e+00
2.154435e-03 4.444444e-01 2.154435e+01 1.992586e+00 1.986804e+00
2.154435e-03 4.444444e-01 1.000000e+02 2.823191e+00 2.815494e+00
2.154435e-03 4.444444e-01 4.641589e+02 3.175888e+00 3.166476e+00
2.154435e-03 4.444444e-01 2.154435e+03 2.427546e+00 2.420068e+00
2.154435e-03 4.444444e-01 1.000000e+04 7.582971e-01 7.559119e-01
2.154435e-03 4.444444e-01 4.641589e+04 8.168280e-02 8.142248e-02
2.154435e-03 4.444444e-01 2.154435e+05 5.060636e-03 5.044374e-03
2.154435e-03 4.444444e-01 1.000000e+06 2.647551e-04 2.638993e-04
2.154435e-03 5.555556e-01 1.000000e+00 3.733639e-01 3.643613e-01
2.154435e-03 5.555556e-01 4.641589e+00 9.755273e-01 9.689902e-01
2.154435e-03 5.555556e-01 2.154435e+01 1.841772e+00 1.836153e+00
2.154435e-03 5.555556e-01 1.000000e+02 2.612900e+00 2.605350e+00
2.154435e-03 5.555556e-01 4.641589e+02 2.931334e+00 2.922055e+00
2.154435e-03 5.555556e-01 2.154435e+03 2.237981e+00 2.230589e+00
2.154435e-03 5.555556e-01 1.000000e+04 6.986716e-01 6.963105e-01
2.154435e-03 5.555556e-01 4.641589e+04 7.523817e-02 7.498021e-02
2.154435e-03 5.555556e-01 2.154435e+05 4.660356e-03 4.644231e-03
2.154435e-03 5.555556e-01 1.000000e+06 2.437772e-04 2.429280e-04
2.154435e-03 6.666667e-01 1.000000e+00 3.168060e-01 3.087826e-01
2.154435e-03 6.666667e-01 4.641589e+00 8.953784e-01 8.890929e-01
2.154435e-03 6.666667e-01 2.154435e+01 1.705912e+00 1.700444e+00
2.154435e-03 6.666667e-01 1.000000e+02 2.428120e+00 2.420708e+00
2.154435e-03 6.666667e-01 4.641589e+02 2.721866e+00 2.712709e+00
2.154435e-03 6.666667e-01 2.154435e+03 2.078437e+00 2.071124e+00
2.154435e-03 6.666667e-01 1.000000e+04 6.491252e-01 6.467857e-01
2.154435e-03 6.666667e-01 4.641589e+04 6.993509e-02 6.967923e-02
2.154435e-03 6.666667e-01 2.154435e+05 4.333422e-03 4.317416e-03
2.154435e-03 6.666667e-01 1.000000e+06 2.267443e-04 2.259010e-04
2.154435e-03 7.777778e-01 1.000000e+00 2.610994e-01 2.540470e-01
2.154435e-03 7.777778e-01 4.641589e+00 8.198925e-01 8.138435e-01
2.154435e-03 7.777778e-01 2.154435e+01 1.585005e+00 1.579677e+00
2.154435e-03 7.777778e-01 1.000000e+02 2.268853e+00 2.261565e+00
2.154435e-03 7.777778e-01 4.641589e+02 2.547485e+00 2.538438e+00
2.154435e-03 7.777778e-01 2.154435e+03 1.948914e+00 1.941672e+00
2.154435e-03 7.777778e-01 1.000000e+04 6.096578e-01 6.073375e-01
2.154435e-03 7.777778e-01 4.641589e+04 6.577356e-02 6.551954e-02
2.154435e-03 7.777778e-01 2.154435e+05 4.079834e-03 4.063932e-03
2.154435e-03 7.777778e-01 1.000000e+06 2.136564e-04 2.128181e-04
2.154435e-03 8.888889e-01 1.000000e+00 2.062444e-01 2.001546e-01
2.154435e-03 8.888889e-01 4.641589e+00 7.490697e-01 7.432422e-01
2.154435e-03 8.888889e-01 2.154435e+01 1.479051e+00 1.473852e+00
2.154435e-03 8.888889e-01 1.000000e+02 2.135097e+00 2.127924e+00
2.154435e-03 8.888889e-01 4.641589e+02 2.408190e+00 2.399243e+00
2.154435e-03 8.888889e-01 2.154435e+03 1.849413e+00 1.842233e+00
2.154435e-03 8.888889e-01 1.000000e+04 5.802695e-01 5.779659e-01
2.154435e-03 8.888889e-01 4.641589e+04 6.275358e-02 6.250115e-02
2.154435e-03 8.888889e-01 2.154435e+05 3.899591e-03 3.883777e-03
2.154435e-03 8.888889e-01 1.000000e+06 2.045135e-04 2.036795e-04
2.154435e-03 1.000000e+00 1.000000e+00 1.522407e-01 1.471052e-01
2.154435e-03 1.000000e+00 4.641589e+00 6.829099e-01 6.772888e-01
2.154435e-03 1.000000e+00 2.154435e+01 1.388051e+00 1.382969e+00
2.154435e-03 1.000000e+00 1.000000e+02 2.026853e+00 2.019783e+00
2.154435e-03 1.000000e+00 4.641589e+02 2.303981e+00 2.295124e+00
2.154435e-03 1.000000e+00 2.154435e+03 1.779932e+00 1.772807e+00
2.154435e-03 1.000000e+00 1.000000e+04 5.609601e-01 5.586709e-01
2.154435e-03 1.000000e+00 4.641589e+04 6.087515e-02 6.062404e-02
2.154435e-03 1.000000e+00 2.154435e+05 3.792694e-03 3.776952e-03
2.154435e-03 1.000000e+00 1.000000e+06 1.993157e-04 1.984851e-04
5.994843e-03 0.000000e+00 1.000000e+00 1.687984e-01 1.595021e-01
5.994843e-03 0.000000e+00 4.641589e+00 3.753703e-01 3.627110e-01
5.994843e-03 0.000000e+00 2.154435e+01 6.882780e-01 6.762915e-01
5.994843e-03 0.000000e+00 1.000000e+02 9.398985e-01 9.275437e-01
5.994843e-03 0.000000e+00 4.641589e+02 1.035513e+00 1.023519e+00
5.994843e-03 0.000000e+00 2.154435e+03 7.736530e-01 7.653985e-01
5.994843e-03 0.000000e+00 1.000000e+04 2.364104e-01 2.340275e-01
5.994843e-03 0.000000e+00 4.641589e+04 2.494794e-02 2.470649e-02
5.994843e-03 0.000000e+00 2.154435e+05 1.516950e-03 1.502708e-03
5.994843e-03 0.000000e+00 1.000000e+06 7.800582e-05 7.729001e-05
5.994843e-03 1.111111e-01 1.000000e+00 1.534913e-01 1.448739e-01
5.994843e-03 1.111111e-01 4.641589e+00 3.495638e-01 3.374315e-01
5.994843e-03 1.111111e-01 2.154435e+01 6.388976e-01 6.271997e-01
5.994843e-03 1.111111e-01 1.000000e+02 8.698688e-01 8.577265e-01
5.994843e-03 1.111111e-01 4.641589e+02 9.521900e-01 9.403839e-01
5.994843e-03 1.111111e-01 2.154435e+03 7.086259e-01 7.004917e-01
5.994843e-03 1.111111e-01 1.000000e+04 2.159716e-01 2.136214e-01
5.994843e-03 1.111111e-01 4.641589e+04 2.274830e-02 2.251001e-02
5.994843e-03 1.111111e-01 2.154435e+05 1.381226e-03 1.367162e-03
5.994843e-03 1.111111e-01 1.000000e+06 7.094700e-05 7.023981e-05
5.994843e-03 2.222222e-01 1.000000e+00 1.383876e-01 1.304445e-01
5.994843e-03 2.222222e-01 4.641589e+00 3.244594e-01 3.128422e-01
5.994843e-03 2.222222e-01 2.154435e+01 5.926669e-01 5.812435e-01
5.994843e-03 2.222222e-01 1.000000e+02 8.053844e-01 7.934396e-01
5.994843e-03 2.222222e-01 4.641589e+02 8.764305e-01 8.647980e-01
5.994843e-03 2.222222e-01 2.154435e+03 6.499287e-01 6.419052e-01
5.994843e-03 2.222222e-01 1.000000e+04 1.976082e-01 1.952880e-01
5.994843e-03 2.222222e-01 4.641589e+04 2.077850e-02 2.054307e-02
5.994843e-03 2.222222e-01 2.154435e+05 1.259967e-03 1.246064e-03
5.994843e-03 2.222222e-01 1.000000e+06 6.465158e-05 6.395221e-05
5.994843e-03 3.333333e-01 1.000000e+00 1.234874e-01 1.162137e-01
5.994843e-03 3.333333e-01 4.641589e+00 3.000572e-01 2.889432e-01
5.994843e-03 3.333333e-01 2.154435e+01 5.495861e-01 5.384230e-01
5.994843e-03 3.333333e-01 1.000000e+02 7.464453e-01 7.346831e-01
5.994843e-03 3.333333e-01 4.641589e+02 8.082346e-01 7.967615e-01
5.994843e-03 3.333333e-01 2.154435e+03 5.975616e-01 5.896390e-01
5.994843e-03 3.333333e-01 1.000000e+04 1.813204e-01 1.790274e-01
5.994843e-03 3.333333e-01 4.641589e+04 1.903852e-02 1.880570e-02
5.994843e-03 3.333333e-01 2.154435e+05 1.153172e-03 1.139416e-03
5.994843e-03 3.333333e-01 1.000000e+06 5.911955e-05 5.842722e-05
5.994843e-03 4.444444e-01 1.000000e+00 1.087907e-01 1.021815e-01
5.994843e-03 4.444444e-01 4.641589e+00 2.763571e-01 2.657344e-01
5.994843e-03 4.444444e-01 2.154435e+01 5.096550e-01 4.987382e-01
5.994843e-03 4.444444e-01 1.000000e+02 6.930516e-01 6.814569e-01
5.994843e-03 4.444444e-01 4.641589e+02 7.476024e-01 7.362743e-01
5.994843e-03 4.444444e-01 2.154435e+03 5.515244e-01 5.436931e-01
5.994843e-03 4.444444e-01 1.000000e+04 1.671079e-01 1.648394e-01
5.994843e-03 4.444444e-01 4.641589e+04 1.752837e-02 1.729787e-02
5.994843e-03 4.444444e-01 2.154435e+05 1.060842e-03 1.047215e-03
5.994843e-03 4.444444e-01 1.000000e+06 5.435092e-05 5.366484e-05
5.994843e-03 5.555556e-01 1.000000e+00 9.429747e-02 8.834810e-02
5.994843e-03 5.555556e-01 4.641589e+00 2.533591e-01 2.432158e-01
5.994843e-03 5.555556e-01 2.154435e+01 4.728738e-01 4.621890e-01
5.994843e-03 5.555556e-01 1.000000e+02 6.452032e-01 6.337611e-01
5.994843e-03 5.555556e-01 4.641589e+02 6.945339e-01 6.833365e-01
5.994843e-03 5.555556e-01 2.154435e+03 5.118172e-01 5.040675e-01
5.994843e-03 5.555556e-01 1.000000e+04 1.549709e-01 1.527242e-01
5.994843e-03 5.555556e-01 4.641589e+04 1.624804e-02 1.601960e-02
5.994843e-03 5.555556e-01 2.154435e+05 9.829755e-04 9.694637e-04
5.994843e-03 5.555556e-01 1.000000e+06 5.034568e-05 4.966507e-05
5.994843e-03 6.666667e-01 1.000000e+00 8.000772e-02 7.471333e-02
5.994843e-03 6.666667e-01 4.641589e+00 2.310633e-01 2.213875e-01
5.994843e-03 6.666667e-01 2.154435e+01 4.392423e-01 4.287756e-01
5.994843e-03 6.666667e-01 1.000000e+02 6.029001e-01 5.915956e-01
5.994843e-03 6.666667e-01 4.641589e+02 6.490291e-01 6.379481e-01
5.994843e-03 6.666667e-01 2.154435e+03 4.784400e-01 4.707622e-01
5.994843e-03 6.666667e-01 1.000000e+04 1.449094e-01 1.426817e-01
5.994843e-03 6.666667e-01 4.641589e+04 1.519755e-02 1.497089e-02
5.994843e-03 6.666667e-01 2.154435e+05 9.195741e-04 9.061607e-04
5.994843e-03 6.666667e-01 1.000000e+06 4.710384e-05 4.642791e-05
5.994843e-03 7.777778e-01 1.000000e+00 6.592145e-02 6.127723e-02
5.994843e-03 7.777778e-01 4.641589e+00 2.094696e-01 2.002494e-01
5.994843e-03 7.777778e-01 2.154435e+01 4.087606e-01 3.984978e-01
5.994843e-03 7.777778e-01 1.000000e+02 5.661423e-01 5.549604e-01
5.994843e-03 7.777778e-01 4.641589e+02 6.110880e-01 6.001090e-01
5.994843e-03 7.777778e-01 2.154435e+03 4.513927e-01 4.437771e-01
5.994843e-03 7.777778e-01 1.000000e+04 1.369234e-01 1.347119e-01
5.994843e-03 7.777778e-01 4.641589e+04 1.437688e-02 1.415173e-02
5.994843e-03 7.777778e-01 2.154435e+05 8.706371e-04 8.573063e-04
5.994843e-03 7.777778e-01 1.000000e+06 4.462539e-05 4.395336e-05
5.994843e-03 8.888889e-01 1.000000e+00 5.203866e-02 4.803980e-02
5.994843e-03 8.888889e-01 4.641589e+00 1.885781e-01 1.798015e-01
5.994843e-03 8.888889e-01 2.154435e+01 3.814287e-01 3.713557e-01
5.994843e-03 8.888889e-01 1.000000e+02 5.349299e-01 5.238556e-01
5.994843e-03 8.888889e-01 4.641589e+02 5.807105e-01 5.698193e-01
5.994843e-03 8.888889e-01 2.154435e+03 4.306755e-01 4.231123e-01
5.994843e-03 8.888889e-01 1.000000e+04 1.310128e-01 1.288148e-01
5.994843e-03 8.888889e-01 4.641589e+04 1.378605e-02 1.356212e-02
5.994843e-03 8.888889e-01 2.154435e+05 8.361646e-04 8.229005e-04
5.994843e-03 8.888889e-01 1.000000e+06 4.291034e-05 4.224142e-05
5.994843e-03 1.000000e+00 1.000000e+00 3.835935e-02 3.500104e-02
5.994843e-03 1.000000e+00 4.641589e+00 1.683887e-01 1.600439e-01
5.994843e-03 1.000000e+00 2.154435e+01 3.572466e-01 3.473492e-01
5.994843e-03 1.000000e+00 1.000000e+02 5.092628e-01 4.982810e-01
5.994843e-03 1.000000e+00 4.641589e+02 5.578967e-01 5.470789e-01
5.994843e-03 1.000000e+00 2.154435e+03 4.162882e-01 4.087678e-01
5.994843e-03 1.000000e+00 1.000000e+04 1.271777e-01 1.249904e-01
5.994843e-03 1.000000e+00 4.641589e+04 1.342504e-02 1.320207e-02
5.994843e-03 1.000000e+00 2.154435e+05 8.161566e-04 8.029432e-04
5.994843e-03 1.000000e+00 1.000000e+06 4.195869e-05 4.129209e-05
1.668101e-02 0.000000e+00 1.000000e+00 3.456297e-02 2.947278e-02
1.668101e-02 0.000000e+00 4.641589e+00 9.055378e-02 8.322095e-02
1.668101e-02 0.000000e+00 2.154435e+01 1.571815e-01 1.497602e-01
1.668101e-02 0.000000e+00 1.000000e+02 2.037438e-01 1.961505e-01
1.668101e-02 0.000000e+00 4.641589e+02 2.140669e-01 2.068585e-01
1.668101e-02 0.000000e+00 2.154435e+03 1.538604e-01 1.489827e-01
1.668101e-02 0.000000e+00 1.000000e+04 4.550328e-02 4.411442e-02
1.668101e-02 0.000000e+00 4.641589e+04 4.667918e-03 4.528853e-03
1.668101e-02 0.000000e+00 2.154435e+05 2.768923e-04 2.687736e-04
1.668101e-02 0.000000e+00 1.000000e+06 1.392799e-05 1.352376e-05
1.668101e-02 1.111111e-01 1.000000e+00 3.155269e-02 2.683070e-02
1.668101e-02 1.111111e-01 4.641589e+00 8.478751e-02 7.775875e-02
1.668101e-02 1.111111e-01 2.154435e+01 1.471118e-01 1.398680e-01
1.668101e-02 1.111111e-01 1.000000e+02 1.901562e-01 1.826897e-01
1.668101e-02 1.111111e-01 4.641589e+02 1.984573e-01 1.913576e-01
1.668101e-02 1.111111e-01 2.154435e+03 1.420532e-01 1.372428e-01
1.668101e-02 1.111111e-01 1.000000e+04 4.189336e-02 4.052227e-02
1.668101e-02 1.111111e-01 4.641589e+04 4.288890e-03 4.151483e-03
1.668101e-02 1.111111e-01 2.154435e+05 2.540127e-04 2.459853e-04
1.668101e-02 1.111111e-01 1.000000e+06 1.276143e-05 1.236152e-05
1.668101e-02 2.222222e-01 1.000000e+00 2.857505e-02 2.421896e-02
1.668101e-02 2.222222e-01 4.641589e+00 7.904313e-02 7.231161e-02
1.668101e-02 2.222222e-01 2.154435e+01 1.375948e-01 1.305198e-01
1.668101e-02 2.222222e-01 1.000000e+02 1.776049e-01 1.702561e-01
1.668101e-02 2.222222e-01 4.641589e+02 1.842579e-01 1.772585e-01
1.668101e-02 2.222222e-01 2.154435e+03 1.314002e-01 1.266518e-01
1.668101e-02 2.222222e-01 1.000000e+04 3.865263e-02 3.729784e-02
1.668101e-02 2.222222e-01 4.641589e+04 3.949781e-03 3.813890e-03
1.668101e-02 2.222222e-01 2.154435e+05 2.335909e-04 2.256468e-04
1.668101e-02 2.222222e-01 1.000000e+06 1.172201e-05 1.132602e-05
1.668101e-02 3.333333e-01 1.000000e+00 2.563006e-02 2.163756e-02
1.668101e-02 3.333333e-01 4.641589e+00 7.332066e-02 6.687952e-02
1.668101e-02 3.333333e-01 2.154435e+01 1.286303e-01 1.217155e-01
1.668101e-02 3.333333e-01 1.000000e+02 1.660897e-01 1.588497e-01
1.668101e-02 3.333333e-01 4.641589e+02 1.714686e-01 1.645613e-01
1.668101e-02 3.333333e-01 2.154435e+03 1.219015e-01 1.172097e-01
1.668101e-02 3.333333e-01 1.000000e+04 3.578110e-02 3.444114e-02
1.668101e-02 3.333333e-01 4.641589e+04 3.650590e-03 3.516075e-03
1.668101e-02 3.333333e-01 2.154435e+05 2.156269e-04 2.077581e-04
1.668101e-02 3.333333e-01 1.000000e+06 1.080971e-05 1.041727e-05
1.668101e-02 4.444444e-01 1.000000e+00 2.271772e-02 1.908652e-02
1.668101e-02 4.444444e-01 4.641589e+00 6.762009e-02 6.146248e-02
1.668101e-02 4.444444e-01 2.154435e+01 1.202185e-01 1.134552e-01
1.668101e-02 4.444444e-01 1.000000e+02 1.556107e-01 1.484706e-01
1.668101e-02 4.444444e-01 4.641589e+02 1.600893e-01 1.532660e-01
1.668101e-02 4.444444e-01 2.154435e+03 1.135569e-01 1.089164e-01
1.668101e-02 4.444444e-01 1.000000e+04 3.327875e-02 3.195216e-02
1.668101e-02 4.444444e-01 4.641589e+04 3.391317e-03 3.258036e-03
1.668101e-02 4.444444e-01 2.154435e+05 2.001206e-04 1.923193e-04
1.668101e-02 4.444444e-01 1.000000e+06 1.002453e-05 9.635252e-06
1.668101e-02 5.555556e-01 1.000000e+00 1.983801e-02 1.656582e-02
1.668101e-02 5.555556e-01 4.641589e+00 6.194141e-02 5.606050e-02
1.668101e-02 5.555556e-01 2.154435e+01 1.123592e-01 1.057388e-01
1.668101e-02 5.555556e-01 1.000000e+02 1.461679e-01 1.391187e-01
1.668101e-02 5.555556e-01 4.641589e+02 1.501201e-01 1.433726e-01
1.668101e-02 5.555556e-01 2.154435e+03 1.063666e-01 1.017720e-01
1.668101e-02 5.555556e-01 1.000000e+04 3.114559e-02 2.983091e-02
1.668101e-02 5.555556e-01 4.641589e+04 3.171963e-03 3.039775e-03
1.668101e-02 5.555556e-01 2.154435e+05 1.870722e-04 1.793303e-04
1.668101e-02 5.555556e-01 1.000000e+06 9.366483e-06 8.979980e-06
1.668101e-02 6.666667e-01 1.000000e+00 1.699096e-02 1.407546e-02
1.668101e-02 6.666667e-01 4.641589e+00 5.628464e-02 5.067357e-02
1.668101e-02 6.666667e-01 2.154435e+01 1.050526e-01 9.856642e-02
1.668101e-02 6.666667e-01 1.000000e+02 1.377613e-01 1.307941e-01
1.668101e-02 6.666667e-01 4.641589e+02 1.415611e-01 1.348810e-01
1.668101e-02 6.666667e-01 2.154435e+03 1.003305e-01 9.577650e-02
1.668101e-02 6.666667e-01 1.000000e+04 2.938162e-02 2.807738e-02
1.668101e-02 6.666667e-01 4.641589e+04 2.992527e-03 2.861292e-03
1.668101e-02 6.666667e-01 2.154435e+05 1.764816e-04 1.687911e-04
1.668101e-02 6.666667e-01 1.000000e+06 8.835560e-06 8.451450e-06
1.668101e-02 7.777778e-01 1.000000e+00 1.417654e-02 1.161545e-02
1.668101e-02 7.777778e-01 4.641589e+00 5.064977e-02 4.530170e-02
1.668101e-02 7.777778e-01 2.154435e+01 9.829855e-02 9.193799e-02
1.668101e-02 7.777778e-01 1.000000e+02 1.303909e-01 1.234967e-01
1.668101e-02 7.777778e-01 4.641589e+02 1.344121e-01 1.277913e-01
1.668101e-02 7.777778e-01 2.154435e+03 9.544861e-02 9.092984e-02
1.668101e-02 7.777778e-01 1.000000e+04 2.798684e-02 2.669157e-02
1.668101e-02 7.777778e-01 4.641589e+04 2.853010e-03 2.722585e-03
1.668101e-02 7.777778e-01 2.154435e+05 1.683487e-04 1.607018e-04
1.668101e-02 7.777778e-01 1.000000e+06 8.431762e-06 8.049662e-06
1.668101e-02 8.888889e-01 1.000000e+00 1.139477e-02 9.185794e-03
1.668101e-02 8.888889e-01 4.641589e+00 4.503680e-02 3.994488e-02
1.668101e-02 8.888889e-01 2.154435e+01 9.209713e-02 8.585352e-02
1.668101e-02 8.888889e-01 1.000000e+02 1.240566e-01 1.172265e-01
1.668101e-02 8.888889e-01 4.641589e+02 1.286732e-01 1.221035e-01
1.668101e-02 8.888889e-01 2.154435e+03 9.172094e-02 8.723204e-02
1.668101e-02 8.888889e-01 1.000000e+04 2.696124e-02 2.567348e-02
1.668101e-02 8.888889e-01 4.641589e+04 2.753412e-03 2.623656e-03
1.668101e-02 8.888889e-01 2.154435e+05 1.626737e-04 1.550623e-04
1.668101e-02 8.888889e-01 1.000000e+06 8.155090e-06 7.774616e-06
1.668101e-02 1.000000e+00 1.000000e+00 8.645646e-03 6.786480e-03
1.668101e-02 1.000000e+00 4.641589e+00 3.944573e-02 3.460311e-02
1.668101e-02 1.000000e+00 2.154435e+01 8.644832e-02 8.031301e-02
1.668101e-02 1.000000e+00 1.000000e+02 1.187585e-01 1.119836e-01
1.668101e-02 1.000000e+00 4.641589e+02 1.243444e-01 1.178176e-01
1.668101e-02 1.000000e+00 2.154435e+03 8.914749e-02 8.468312e-02
1.668101e-02 1.000000e+00 1.000000e+04 2.630484e-02 2.502313e-02
1.668101e-02 1.000000e+00 4.641589e+04 2.693732e-03 2.564504e-03
1.668101e-02 1.000000e+00 2.154435e+05 1.594564e-04 1.518726e-04
1.668101e-02 1.000000e+00 1.000000e+06 8.005543e-06 7.626312e-06
4.641589e-02 0.000000e+00 1.000000e+00 7.523573e-03 3.348797e-03
4.641589e-02 0.000000e+00 4.641589e+00 1.925452e-02 1.433831e-02
4.641589e-02 0.000000e+00 2.154435e+01 3.077126e-02 2.617888e-02
4.641589e-02 0.000000e+00 1.000000e+02 3.750143e-02 3.289926e-02
4.641589e-02 0.000000e+00 4.641589e+02 3.730669e-02 3.299779e-02
4.641589e-02 0.000000e+00 2.154435e+03 2.565304e-02 2.278523e-02
4.641589e-02 0.000000e+00 1.000000e+04 7.309923e-03 6.507374e-03
4.641589e-02 0.000000e+00 4.641589e+04 7.262709e-04 6.472722e-04
4.641589e-02 0.000000e+00 2.154435e+05 4.189929e-05 3.736386e-05
4.641589e-02 0.000000e+00 1.000000e+06 2.056225e-06 1.834004e-06
4.641589e-02 1.111111e-01 1.000000e+00 6.925506e-03 3.057739e-03
4.641589e-02 1.111111e-01 4.641589e+00 1.818505e-02 1.346339e-02
4.641589e-02 1.111111e-01 2.154435e+01 2.916751e-02 2.467060e-02
4.641589e-02 1.111111e-01 1.000000e+02 3.546294e-02 3.091969e-02
4.641589e-02 1.111111e-01 4.641589e+02 3.503962e-02 3.077755e-02
4.641589e-02 1.111111e-01 2.154435e+03 2.399253e-02 2.115200e-02
4.641589e-02 1.111111e-01 1.000000e+04 6.817056e-03 6.021339e-03
4.641589e-02 1.111111e-01 4.641589e+04 6.758999e-04 5.975087e-04
4.641589e-02 1.111111e-01 2.154435e+05 3.893098e-05 3.442772e-05
4.641589e-02 1.111111e-01 1.000000e+06 1.908155e-06 1.687402e-06
4.641589e-02 2.222222e-01 1.000000e+00 6.331002e-03 2.769936e-03
4.641589e-02 2.222222e-01 4.641589e+00 1.708742e-02 1.255738e-02
4.641589e-02 2.222222e-01 2.154435e+01 2.763357e-02 2.322862e-02
4.641589e-02 2.222222e-01 1.000000e+02 3.357352e-02 2.908583e-02
4.641589e-02 2.222222e-01 4.641589e+02 3.297686e-02 2.875870e-02
4.641589e-02 2.222222e-01 2.154435e+03 2.249539e-02 1.968034e-02
4.641589e-02 2.222222e-01 1.000000e+04 6.375028e-03 5.585670e-03
4.641589e-02 2.222222e-01 4.641589e+04 6.308808e-04 5.530531e-04
4.641589e-02 2.222222e-01 2.154435e+05 3.628422e-05 3.181072e-05
4.641589e-02 2.222222e-01 1.000000e+06 1.776347e-06 1.556949e-06
4.641589e-02 3.333333e-01 1.000000e+00 5.740059e-03 2.485390e-03
4.641589e-02 3.333333e-01 4.641589e+00 1.596162e-02 1.162029e-02
4.641589e-02 3.333333e-01 2.154435e+01 2.616945e-02 2.185293e-02
4.641589e-02 3.333333e-01 1.000000e+02 3.183318e-02 2.739768e-02
4.641589e-02 3.333333e-01 4.641589e+02 3.111841e-02 2.694125e-02
4.641589e-02 3.333333e-01 2.154435e+03 2.116162e-02 1.837024e-02
4.641589e-02 3.333333e-01 1.000000e+04 5.983840e-03 5.200365e-03
4.641589e-02 3.333333e-01 4.641589e+04 5.912137e-04 5.139053e-04
4.641589e-02 3.333333e-01 2.154435e+05 3.395902e-05 2.951286e-05
4.641589e-02 3.333333e-01 1.000000e+06 1.660801e-06 1.442644e-06
4.641589e-02 4.444444e-01 1.000000e+00 5.152679e-03 2.204100e-03
4.641589e-02 4.444444e-01 4.641589e+00 1.480765e-02 1.065212e-02
4.641589e-02 4.444444e-01 2.154435e+01 2.477515e-02 2.054354e-02
4.641589e-02 4.444444e-01 1.000000e+02 3.024191e-02 2.585522e-02
4.641589e-02 4.444444e-01 4.641589e+02 2.946427e-02 2.532520e-02
4.641589e-02 4.444444e-01 2.154435e+03 1.999121e-02 1.722170e-02
4.641589e-02 4.444444e-01 1.000000e+04 5.643492e-03 4.865426e-03
4.641589e-02 4.444444e-01 4.641589e+04 5.568985e-04 4.800655e-04
4.641589e-02 4.444444e-01 2.154435e+05 3.195536e-05 2.753414e-05
4.641589e-02 4.444444e-01 1.000000e+06 1.561517e-06 1.344489e-06
4.641589e-02 5.555556e-01 1.000000e+00 4.568860e-03 1.926066e-03
4.641589e-02 5.555556e-01 4.641589e+00 1.362551e-02 9.652874e-03
4.641589e-02 5.555556e-01 2.154435e+01 2.345066e-02 1.930045e-02
4.641589e-02 5.555556e-01 1.000000e+02 2.879972e-02 2.445847e-02
4.641589e-02 5.555556e-01 4.641589e+02 2.801444e-02 2.391054e-02
4.641589e-02 5.555556e-01 2.154435e+03 1.898418e-02 1.623473e-02
4.641589e-02 5.555556e-01 1.000000e+04 5.353983e-03 4.580853e-03
4.641589e-02 5.555556e-01 4.641589e+04 5.279353e-04 4.515336e-04
4.641589e-02 5.555556e-01 2.154435e+05 3.027326e-05 2.587457e-05
4.641589e-02 5.555556e-01 1.000000e+06 1.478495e-06 1.262483e-06
4.641589e-02 6.666667e-01 1.000000e+00 3.988604e-03 1.651289e-03
4.641589e-02 6.666667e-01 4.641589e+00 1.241520e-02 8.622543e-03
4.641589e-02 6.666667e-01 2.154435e+01 2.219599e-02 1.812365e-02
4.641589e-02 6.666667e-01 1.000000e+02 2.750660e-02 2.320742e-02
4.641589e-02 6.666667e-01 4.641589e+02 2.676892e-02 2.269728e-02
4.641589e-02 6.666667e-01 2.154435e+03 1.814051e-02 1.540932e-02
4.641589e-02 6.666667e-01 1.000000e+04 5.115314e-03 4.346645e-03
4.641589e-02 6.666667e-01 4.641589e+04 5.043241e-04 4.283095e-04
4.641589e-02 6.666667e-01 2.154435e+05 2.891271e-05 2.453414e-05
4.641589e-02 6.666667e-01 1.000000e+06 1.411735e-06 1.196626e-06
4.641589e-02 7.777778e-01 1.000000e+00 3.411909e-03 1.379767e-03
4.641589e-02 7.777778e-01 4.641589e+00 1.117672e-02 7.561131e-03
4.641589e-02 7.777778e-01 2.154435e+01 2.101114e-02 1.701315e-02
4.641589e-02 7.777778e-01 1.000000e+02 2.636256e-02 2.210207e-02
4.641589e-02 7.777778e-01 4.641589e+02 2.572771e-02 2.168542e-02
4.641589e-02 7.777778e-01 2.154435e+03 1.746022e-02 1.474548e-02
4.641589e-02 7.777778e-01 1.000000e+04 4.927485e-03 4.162802e-03
4.641589e-02 7.777778e-01 4.641589e+04 4.860648e-04 4.103934e-04
4.641589e-02 7.777778e-01 2.154435e+05 2.787371e-05 2.351285e-05
4.641589e-02 7.777778e-01 1.000000e+06 1.361237e-06 1.146918e-06
4.641589e-02 8.888889e-01 1.000000e+00 2.838777e-03 1.111502e-03
4.641589e-02 8.888889e-01 4.641589e+00 9.910081e-03 6.468639e-03
4.641589e-02 8.888889e-01 2.154435e+01 1.989610e-02 1.596895e-02
4.641589e-02 8.888889e-01 1.000000e+02 2.536759e-02 2.114243e-02
4.641589e-02 8.888889e-01 4.641589e+02 2.489081e-02 2.087495e-02
4.641589e-02 8.888889e-01 2.154435e+03 1.694329e-02 1.424320e-02
4.641589e-02 8.888889e-01 1.000000e+04 4.790495e-03 4.029325e-03
4.641589e-02 8.888889e-01 4.641589e+04 4.731575e-04 3.977851e-04
4.641589e-02 8.888889e-01 2.154435e+05 2.715626e-05 2.281071e-05
4.641589e-02 8.888889e-01 1.000000e+06 1.327001e-06 1.113360e-06
4.641589e-02 1.000000e+00 1.000000e+00 2.269206e-03 8.464931e-04
4.641589e-02 1.000000e+00 4.641589e+00 8.615270e-03 5.345066e-03
4.641589e-02 1.000000e+00 2.154435e+01 1.885088e-02 1.499104e-02
4.641589e-02 1.000000e+00 1.000000e+02 2.452170e-02 2.032848e-02
4.641589e-02 1.000000e+00 4.641589e+02 2.425822e-02 2.026588e-02
4.641589e-02 1.000000e+00 2.154435e+03 1.658974e-02 1.390248e-02
4.641589e-02 1.000000e+00 1.000000e+04 4.704345e-03 3.946213e-03
4.641589e-02 1.000000e+00 4.641589e+04 4.656021e-04 3.904848e-04
4.641589e-02 1.000000e+00 2.154435e+05 2.676036e-05 2.242771e-05
4.641589e-02 1.000000e+00 1.000000e+06 1.309027e-06 1.095950e-06
1.291550e-01 0.000000e+00 1.000000e+00 1.449314e-03 5.075705e-04
1.291550e-01 0.000000e+00 4.641589e+00 4.533904e-03 1.459944e-03
1.291550e-01 0.000000e+00 2.154435e+01 5.594484e-03 2.863857e-03
1.291550e-01 0.000000e+00 1.000000e+02 6.009495e-03 3.466982e-03
1.291550e-01 0.000000e+00 4.641589e+02 5.507938e-03 3.288523e-03
1.291550e-01 0.000000e+00 2.154435e+03 3.555449e-03 2.165347e-03
1.291550e-01 0.000000e+00 1.000000e+04 9.626716e-04 5.937533e-04
1.291550e-01 0.000000e+00 4.641589e+04 9.164502e-05 5.699789e-05
1.291550e-01 0.000000e+00 2.154435e+05 5.097829e-06 3.190141e-06
1.291550e-01 0.000000e+00 1.000000e+06 2.423380e-07 1.523243e-07
1.291550e-01 1.111111e-01 1.000000e+00 1.312165e-03 4.405516e-04
1.291550e-01 1.111111e-01 4.641589e+00 4.303020e-03 1.350769e-03
1.291550e-01 1.111111e-01 2.154435e+01 5.380838e-03 2.692847e-03
1.291550e-01 1.111111e-01 1.000000e+02 5.783055e-03 3.258053e-03
1.291550e-01 1.111111e-01 4.641589e+02 5.271358e-03 3.064299e-03
1.291550e-01 1.111111e-01 2.154435e+03 3.390662e-03 2.007106e-03
1.291550e-01 1.111111e-01 1.000000e+04 9.157584e-04 5.483550e-04
1.291550e-01 1.111111e-01 4.641589e+04 8.701882e-05 5.249694e-05
1.291550e-01 1.111111e-01 2.154435e+05 4.833421e-06 2.931989e-06
1.291550e-01 1.111111e-01 1.000000e+06 2.295007e-07 1.397583e-07
1.291550e-01 2.222222e-01 1.000000e+00 1.178047e-03 3.770727e-04
1.291550e-01 2.222222e-01 4.641589e+00 4.068576e-03 1.237672e-03
1.291550e-01 2.222222e-01 2.154435e+01 5.176809e-03 2.530770e-03
1.291550e-01 2.222222e-01 1.000000e+02 5.574314e-03 3.066199e-03
1.291550e-01 2.222222e-01 4.641589e+02 5.056978e-03 2.861776e-03
1.291550e-01 2.222222e-01 2.154435e+03 3.242559e-03 1.865259e-03
1.291550e-01 2.222222e-01 1.000000e+04 8.737918e-04 5.078310e-04
1.291550e-01 2.222222e-01 4.641589e+04 8.289298e-05 4.848993e-05
1.291550e-01 2.222222e-01 2.154435e+05 4.598079e-06 2.702567e-06
1.291550e-01 2.222222e-01 1.000000e+06 2.180910e-07 1.286045e-07
1.291550e-01 3.333333e-01 1.000000e+00 1.046959e-03 3.171336e-04
1.291550e-01 3.333333e-01 4.641589e+00 3.830571e-03 1.120655e-03
1.291550e-01 3.333333e-01 2.154435e+01 4.982399e-03 2.377626e-03
1.291550e-01 3.333333e-01 1.000000e+02 5.383273e-03 2.891420e-03
1.291550e-01 3.333333e-01 4.641589e+02 4.864801e-03 2.680954e-03
1.291550e-01 3.333333e-01 2.154435e+03 3.111142e-03 1.739807e-03
1.291550e-01 3.333333e-01 1.000000e+04 8.367720e-04 4.721814e-04
1.291550e-01 3.333333e-01 4.641589e+04 7.926749e-05 4.497686e-05
1.291550e-01 3.333333e-01 2.154435e+05 4.391804e-06 2.501876e-06
1.291550e-01 3.333333e-01 1.000000e+06 2.081088e-07 1.188631e-07
1.291550e-01 4.444444e-01 1.000000e+00 9.189030e-04 2.607344e-04
1.291550e-01 4.444444e-01 4.641589e+00 3.589006e-03 9.997165e-04
1.291550e-01 4.444444e-01 2.154435e+01 4.797606e-03 2.233415e-03
1.291550e-01 4.444444e-01 1.000000e+02 5.209931e-03 2.733716e-03
1.291550e-01 4.444444e-01 4.641589e+02 4.694824e-03 2.521833e-03
1.291550e-01 4.444444e-01 2.154435e+03 2.996411e-03 1.630749e-03
1.291550e-01 4.444444e-01 1.000000e+04 8.046989e-04 4.414061e-04
1.291550e-01 4.444444e-01 4.641589e+04 7.614235e-05 4.195773e-05
1.291550e-01 4.444444e-01 2.154435e+05 4.214596e-06 2.329915e-06
1.291550e-01 4.444444e-01 1.000000e+06 1.995540e-07 1.105339e-07
1.291550e-01 5.555556e-01 1.000000e+00 7.938775e-04 2.078750e-04
1.291550e-01 5.555556e-01 4.641589e+00 3.343880e-03 8.748575e-04
1.291550e-01 5.555556e-01 2.154435e+01 4.622432e-03 2.098137e-03
1.291550e-01 5.555556e-01 1.000000e+02 5.054289e-03 2.593086e-03
1.291550e-01 5.555556e-01 4.641589e+02 4.547050e-03 2.384412e-03
1.291550e-01 5.555556e-01 2.154435e+03 2.898365e-03 1.538086e-03
1.291550e-01 5.555556e-01 1.000000e+04 7.775726e-04 4.155051e-04
1.291550e-01 5.555556e-01 4.641589e+04 7.351756e-05 3.943254e-05
1.291550e-01 5.555556e-01 2.154435e+05 4.066455e-06 2.186685e-06
1.291550e-01 5.555556e-01 1.000000e+06 1.924268e-07 1.036169e-07
1.291550e-01 6.666667e-01 1.000000e+00 6.718829e-04 1.585555e-04
1.291550e-01 6.666667e-01 4.641589e+00 3.095193e-03 7.460776e-04
1.291550e-01 6.666667e-01 2.154435e+01 4.456875e-03 1.971792e-03
1.291550e-01 6.666667e-01 1.000000e+02 4.916347e-03 2.469531e-03
1.291550e-01 6.666667e-01 4.641589e+02 4.421476e-03 2.268692e-03
1.291550e-01 6.666667e-01 2.154435e+03 2.817004e-03 1.461817e-03
1.291550e-01 6.666667e-01 1.000000e+04 7.553930e-04 3.944785e-04
1.291550e-01 6.666667e-01 4.641589e+04 7.139312e-05 3.740130e-05
1.291550e-01 6.666667e-01 2.154435e+05 3.947381e-06 2.072185e-06
1.291550e-01 6.666667e-01 1.000000e+06 1.867271e-07 9.811226e-08
1.291550e-01 7.777778e-01 1.000000e+00 5.529193e-04 1.127759e-04
1.291550e-01 7.777778e-01 4.641589e+00 2.842946e-03 6.133769e-04
1.291550e-01 7.777778e-01 2.154435e+01 4.300936e-03 1.854380e-03
1.291550e-01 7.777778e-01 1.000000e+02 4.796104e-03 2.363052e-03
1.291550e-01 7.777778e-01 4.641589e+02 4.318104e-03 2.174673e-03
1.291550e-01 7.777778e-01 2.154435e+03 2.752328e-03 1.401943e-03
1.291550e-01 7.777778e-01 1.000000e+04 7.381601e-04 3.783263e-04
1.291550e-01 7.777778e-01 4.641589e+04 6.976903e-05 3.586400e-05
1.291550e-01 7.777778e-01 2.154435e+05 3.857374e-06 1.986415e-06
1.291550e-01 7.777778e-01 1.000000e+06 1.824548e-07 9.401987e-08
1.291550e-01 8.888889e-01 1.000000e+00 4.369865e-04 7.053612e-05
1.291550e-01 8.888889e-01 4.641589e+00 2.587138e-03 4.767554e-04
1.291550e-01 8.888889e-01 2.154435e+01 4.154616e-03 1.745901e-03
1.291550e-01 8.888889e-01 1.000000e+02 4.693561e-03 2.273647e-03
1.291550e-01 8.888889e-01 4.641589e+02 4.236934e-03 2.102354e-03
1.291550e-01 8.888889e-01 2.154435e+03 2.704338e-03 1.358463e-03
1.291550e-01 8.888889e-01 1.000000e+04 7.258740e-04 3.670484e-04
1.291550e-01 8.888889e-01 4.641589e+04 6.864530e-05 3.482064e-05
1.291550e-01 8.888889e-01 2.154435e+05 3.796434e-06 1.929376e-06
1.291550e-01 8.888889e-01 1.000000e+06 1.796101e-07 9.133975e-08
1.291550e-01 1.000000e+00 1.000000e+00 3.240848e-04 3.183623e-05
1.291550e-01 1.000000e+00 4.641589e+00 2.327770e-03 3.362131e-04
1.291550e-01 1.000000e+00 2.154435e+01 4.017913e-03 1.646355e-03
1.291550e-01 1.000000e+00 1.000000e+02 4.608718e-03 2.201317e-03
1.291550e-01 1.000000e+00 4.641589e+02 4.177965e-03 2.051736e-03
1.291550e-01 1.000000e+00 2.154435e+03 2.673033e-03 1.331377e-03
1.291550e-01 1.000000e+00 1.000000e+04 7.185346e-04 3.606448e-04
1.291550e-01 1.000000e+00 4.641589e+04 6.802191e-05 3.427122e-05
1.291550e-01 1.000000e+00 2.154435e+05 3.764560e-06 1.901068e-06
1.291550e-01 1.000000e+00 1.000000e+06 1.781929e-07 9.007191e-08
3.593814e-01 0.000000e+00 1.000000e+00 1.895688e-04 1.897001e-04
3.593814e-01 0.000000e+00 4.641589e+00 6.673698e-04 2.870397e-04
3.593814e-01 0.000000e+00 2.154435e+01 6.978279e-04 2.594125e-04
3.593814e-01 0.000000e+00 1.000000e+02 6.602507e-04 2.493328e-04
3.593814e-01 0.000000e+00 4.641589e+02 5.362524e-04 2.151128e-04
3.593814e-01 0.000000e+00 2.154435e+03 3.150616e-04 1.309012e-04
3.593814e-01 0.000000e+00 1.000000e+04 7.899094e-05 3.356807e-05
3.593814e-01 0.000000e+00 4.641589e+04 7.044708e-06 3.040753e-06
3.593814e-01 0.000000e+00 2.154435e+05 3.705337e-07 1.617710e-07
3.593814e-01 0.000000e+00 1.000000e+06 1.676756e-08 7.382733e-09
3.593814e-01 1.111111e-01 1.000000e+00 1.608044e-04 1.609152e-04
3.593814e-01 1.111111e-01 4.641589e+00 6.137415e-04 2.476963e-04
3.593814e-01 1.111111e-01 2.154435e+01 6.584344e-04 2.253153e-04
3.593814e-01 1.111111e-01 1.000000e+02 6.284568e-04 2.187977e-04
3.593814e-01 1.111111e-01 4.641589e+02 5.093476e-04 1.890041e-04
3.593814e-01 1.111111e-01 2.154435e+03 2.988816e-04 1.151008e-04
3.593814e-01 1.111111e-01 1.000000e+04 7.487448e-05 2.953152e-05
3.593814e-01 1.111111e-01 4.641589e+04 6.674038e-06 2.676115e-06
3.593814e-01 1.111111e-01 2.154435e+05 3.508987e-07 1.424153e-07
3.593814e-01 1.111111e-01 1.000000e+06 1.587451e-08 6.500990e-09
3.593814e-01 2.222222e-01 1.000000e+00 1.331513e-04 1.332425e-04
3.593814e-01 2.222222e-01 4.641589e+00 5.624045e-04 2.109084e-04
3.593814e-01 2.222222e-01 2.154435e+01 6.223984e-04 1.946067e-04
3.593814e-01 2.222222e-01 1.000000e+02 6.000422e-04 1.916302e-04
3.593814e-01 2.222222e-01 4.641589e+02 4.854093e-04 1.658475e-04
3.593814e-01 2.222222e-01 2.154435e+03 2.845178e-04 1.011084e-04
3.593814e-01 2.222222e-01 1.000000e+04 7.122498e-05 2.596003e-05
3.593814e-01 2.222222e-01 4.641589e+04 6.345726e-06 2.353676e-06
3.593814e-01 2.222222e-01 2.154435e+05 3.335180e-07 1.253061e-07
3.593814e-01 2.222222e-01 1.000000e+06 1.508435e-08 5.721799e-09
3.593814e-01 3.333333e-01 1.000000e+00 1.066095e-04 1.066820e-04
3.593814e-01 3.333333e-01 4.641589e+00 5.133588e-04 1.766761e-04
3.593814e-01 3.333333e-01 2.154435e+01 5.897198e-04 1.672866e-04
3.593814e-01 3.333333e-01 1.000000e+02 5.750069e-04 1.678304e-04
3.593814e-01 3.333333e-01 4.641589e+02 4.644375e-04 1.456431e-04
3.593814e-01 3.333333e-01 2.154435e+03 2.719703e-04 8.892416e-05
3.593814e-01 3.333333e-01 1.000000e+04 6.804244e-05 2.285358e-05
3.593814e-01 3.333333e-01 4.641589e+04 6.059771e-06 2.073438e-06
3.593814e-01 3.333333e-01 2.154435e+05 3.183915e-07 1.104435e-07
3.593814e-01 3.333333e-01 1.000000e+06 1.439707e-08 5.045162e-09
3.593814e-01 4.444444e-01 1.000000e+00 8.117899e-05 8.123373e-05
3.593814e-01 4.444444e-01 4.641589e+00 4.666043e-04 1.449994e-04
3.593814e-01 4.444444e-01 2.154435e+01 5.603986e-04 1.433551e-04
3.593814e-01 4.444444e-01 1.000000e+02 5.533508e-04 1.473983e-04
3.593814e-01 4.444444e-01 4.641589e+02 4.464320e-04 1.283909e-04
3.593814e-01 4.444444e-01 2.154435e+03 2.612391e-04 7.854792e-05
3.593814e-01 4.444444e-01 1.000000e+04 6.532686e-05 2.021218e-05
3.593814e-01 4.444444e-01 4.641589e+04 5.816173e-06 1.835400e-06
3.593814e-01 4.444444e-01 2.154435e+05 3.055194e-07 9.782746e-08
3.593814e-01 4.444444e-01 1.000000e+06 1.381267e-08 4.471076e-09
3.593814e-01 5.555556e-01 1.000000e+00 5.685979e-05 5.689762e-05
3.593814e-01 5.555556e-01 4.641589e+00 4.221411e-04 1.158782e-04
3.593814e-01 5.555556e-01 2.154435e+01 5.344349e-04 1.228121e-04
3.593814e-01 5.555556e-01 1.000000e+02 5.350741e-04 1.303338e-04
3.593814e-01 5.555556e-01 4.641589e+02 4.313930e-04 1.140908e-04
3.593814e-01 5.555556e-01 2.154435e+03 2.523240e-04 6.997972e-05
3.593814e-01 5.555556e-01 1.000000e+04 6.307824e-05 1.803583e-05
3.593814e-01 5.555556e-01 4.641589e+04 5.614931e-06 1.639562e-06
3.593814e-01 5.555556e-01 2.154435e+05 2.949015e-07 8.745793e-08
3.593814e-01 5.555556e-01 1.000000e+06 1.333116e-08 3.999544e-09
3.593814e-01 6.666667e-01 1.000000e+00 3.365189e-05 3.367370e-05
3.593814e-01 6.666667e-01 4.641589e+00 3.799692e-04 8.931257e-05
3.593814e-01 6.666667e-01 2.154435e+01 5.118286e-04 1.056576e-04
3.593814e-01 6.666667e-01 1.000000e+02 5.201766e-04 1.166369e-04
3.593814e-01 6.666667e-01 4.641589e+02 4.193203e-04 1.027429e-04
3.593814e-01 6.666667e-01 2.154435e+03 2.452253e-04 6.321957e-05
3.593814e-01 6.666667e-01 1.000000e+04 6.129659e-05 1.632453e-05
3.593814e-01 6.666667e-01 4.641589e+04 5.456048e-06 1.485923e-06
3.593814e-01 6.666667e-01 2.154435e+05 2.865378e-07 7.933493e-08
3.593814e-01 6.666667e-01 1.000000e+06 1.295253e-08 3.630565e-09
3.593814e-01 7.777778e-01 1.000000e+00 1.155529e-05 1.156198e-05
3.593814e-01 7.777778e-01 4.641589e+00 3.400886e-04 6.530250e-05
3.593814e-01 7.777778e-01 2.154435e+01 4.925797e-04 9.189172e-05
3.593814e-01 7.777778e-01 1.000000e+02 5.086584e-04 1.063077e-04
3.593814e-01 7.777778e-01 4.641589e+02 4.102141e-04 9.434715e-05
3.593814e-01 7.777778e-01 2.154435e+03 2.399428e-04 5.826746e-05
3.593814e-01 7.777778e-01 1.000000e+04 5.998189e-05 1.507829e-05
3.593814e-01 7.777778e-01 4.641589e+04 5.339521e-06 1.374485e-06
3.593814e-01 7.777778e-01 2.154435e+05 2.804285e-07 7.345847e-08
3.593814e-01 7.777778e-01 1.000000e+06 1.267678e-08 3.364138e-09
3.593814e-01 8.888889e-01 1.000000e+00 -9.430016e-06 -9.437537e-06
3.593814e-01 8.888889e-01 4.641589e+00 3.024992e-04 4.384799e-05
3.593814e-01 8.888889e-01 2.154435e+01 4.766883e-04 8.151436e-05
3.593814e-01 8.888889e-01 1.000000e+02 5.005196e-04 9.934615e-05
3.593814e-01 8.888889e-01 4.641589e+02 4.040744e-04 8.890356e-05
3.593814e-01 8.888889e-01 2.154435e+03 2.364766e-04 5.512340e-05
3.593814e-01 8.888889e-01 1.000000e+04 5.913416e-05 1.429709e-05
3.593814e-01 8.888889e-01 4.641589e+04 5.265351e-06 1.305247e-06
3.593814e-01 8.888889e-01 2.154435e+05 2.765733e-07 6.982855e-08
3.593814e-01 8.888889e-01 1.000000e+06 1.250391e-08 3.200264e-09
3.593814e-01 1.000000e+00 1.000000e+00 -2.930402e-05 -2.932486e-05
3.593814e-01 1.000000e+00 4.641589e+00 2.672011e-04 2.494904e-05
3.593814e-01 1.000000e+00 2.154435e+01 4.641543e-04 7.452554e-05
3.593814e-01 1.000000e+00 1.000000e+02 4.957600e-04 9.575226e-05
3.593814e-01 1.000000e+00 4.641589e+02 4.009010e-04 8.641213e-05
3.593814e-01 1.000000e+00 2.154435e+03 2.348266e-04 5.378738e-05
3.593814e-01 1.000000e+00 1.000000e+04 5.875339e-05 1.398094e-05
3.593814e-01 1.000000e+00 4.641589e+04 5.233539e-06 1.278209e-06
3.593814e-01 1.000000e+00 2.154435e+05 2.749725e-07 6.844516e-08
3.593814e-01 1.000000e+00 1.000000e+06 1.243393e-08 3.138942e-09
1.000000e+00 0.000000e+00 1.000000e+00 2.579370e-06 2.579324e-06
1.000000e+00 0.000000e+00 4.641589e+00 1.620001e-06 1.112931e-06
1.000000e+00 0.000000e+00 2.154435e+01 4.580607e-08 1.548154e-07
1.000000e+00 0.000000e+00 1.000000e+02 2.770641e-07 1.969781e-07
1.000000e+00 0.000000e+00 4.641589e+02 6.980267e-08 4.622988e-08
1.000000e+00 0.000000e+00 2.154435e+03 1.024979e-08 6.774387e-09
1.000000e+00 0.000000e+00 1.000000e+04 6.097200e-10 4.067310e-10
1.000000e+00 0.000000e+00 4.641589e+04 1.256336e-11 8.468381e-12
1.000000e+00 0.000000e+00 2.154435e+05 1.529146e-13 1.040512e-13
1.000000e+00 0.000000e+00 1.000000e+06 1.593658e-15 1.094060e-15
1.000000e+00 1.111111e-01 1.000000e+00 2.028006e-06 2.027964e-06
1.000000e+00 1.111111e-01 4.641589e+00 1.472674e-06 9.462807e-07
1.000000e+00 1.111111e-01 2.154435e+01 2.801565e-08 1.378704e-07
1.000000e+00 1.111111e-01 1.000000e+02 2.628312e-07 1.826022e-07
1.000000e+00 1.111111e-01 4.641589e+02 6.626262e-08 4.268074e-08
1.000000e+00 1.111111e-01 2.154435e+03 9.734220e-09 6.258550e-09
1.000000e+00 1.111111e-01 1.000000e+04 5.792896e-10 3.762984e-10
1.000000e+00 1.111111e-01 4.641589e+04 1.194103e-11 7.846069e-12
1.000000e+00 1.111111e-01 2.154435e+05 1.453974e-13 9.653431e-14
1.000000e+00 1.111111e-01 1.000000e+06 1.515804e-15 1.016209e-15
1.000000e+00 2.222222e-01 1.000000e+00 1.455851e-06 1.455816e-06
1.000000e+00 2.222222e-01 4.641589e+00 1.338533e-06 7.947892e-07
1.000000e+00 2.222222e-01 2.154435e+01 1.218289e-08 1.227785e-07
1.000000e+00 2.222222e-01 1.000000e+02 2.502712e-07 1.699165e-07
1.000000e+00 2.222222e-01 4.641589e+02 6.313900e-08 3.954912e-08
1.000000e+00 2.222222e-01 2.154435e+03 9.279306e-09 5.803399e-09
1.000000e+00 2.222222e-01 1.000000e+04 5.524392e-10 3.494461e-10
1.000000e+00 2.222222e-01 4.641589e+04 1.139192e-11 7.296969e-12
1.000000e+00 2.222222e-01 2.154435e+05 1.387646e-13 8.990177e-14
1.000000e+00 2.222222e-01 1.000000e+06 1.447110e-15 9.475178e-16
1.000000e+00 3.333333e-01 1.000000e+00 8.629054e-07 8.628800e-07
1.000000e+00 3.333333e-01 4.641589e+00 1.217579e-06 6.584569e-07
1.000000e+00 3.333333e-01 2.154435e+01 -1.692229e-09 1.095396e-07
1.000000e+00 3.333333e-01 1.000000e+02 2.393841e-07 1.589211e-07
1.000000e+00 3.333333e-01 4.641589e+02 6.043182e-08 3.683503e-08
1.000000e+00 3.333333e-01 2.154435e+03 8.885046e-09 5.408934e-09
1.000000e+00 3.333333e-01 1.000000e+04 5.291689e-10 3.261742e-10
1.000000e+00 3.333333e-01 4.641589e+04 1.091602e-11 6.821083e-12
1.000000e+00 3.333333e-01 2.154435e+05 1.330161e-13 8.415356e-14
1.000000e+00 3.333333e-01 1.000000e+06 1.387574e-15 8.879851e-16
1.000000e+00 4.444444e-01 1.000000e+00 2.491685e-07 2.491552e-07
1.000000e+00 4.444444e-01 4.641589e+00 1.109811e-06 5.372839e-07
1.000000e+00 4.444444e-01 2.154435e+01 -1.360969e-08 9.815367e-08
1.000000e+00 4.444444e-01 1.000000e+02 2.301700e-07 1.496158e-07
1.000000e+00 4.444444e-01 4.641589e+02 5.814108e-08 3.453845e-08
1.000000e+00 4.444444e-01 2.154435e+03 8.551441e-09 5.075156e-09
1.000000e+00 4.444444e-01 1.000000e+04 5.094787e-10 3.064825e-10
1.000000e+00 4.444444e-01 4.641589e+04 1.051334e-11 6.418411e-12
1.000000e+00 4.444444e-01 2.154435e+05 1.281521e-13 7.928970e-14
1.000000e+00 4.444444e-01 1.000000e+06 1.337198e-15 8.376114e-16
1.000000e+00 5.555556e-01 1.000000e+00 -3.853594e-07 -3.853581e-07
1.000000e+00 5.555556e-01 4.641589e+00 1.015229e-06 4.312700e-07
1.000000e+00 5.555556e-01 2.154435e+01 -2.356950e-08 8.862074e-08
1.000000e+00 5.555556e-01 1.000000e+02 2.226288e-07 1.420008e-07
1.000000e+00 5.555556e-01 4.641589e+02 5.626678e-08 3.265939e-08
1.000000e+00 5.555556e-01 2.154435e+03 8.278491e-09 4.802064e-09
1.000000e+00 5.555556e-01 1.000000e+04 4.933685e-10 2.903712e-10
1.000000e+00 5.555556e-01 4.641589e+04 1.018387e-11 6.088951e-12
1.000000e+00 5.555556e-01 2.154435e+05 1.241724e-13 7.531018e-14
1.000000e+00 5.555556e-01 1.000000e+06 1.295981e-15 7.963965e-16
1.000000e+00 6.666667e-01 1.000000e+00 -1.040678e-06 -1.040660e-06
1.000000e+00 6.666667e-01 4.641589e+00 9.338335e-07 3.404154e-07
1.000000e+00 6.666667e-01 2.154435e+01 -3.157166e-08 8.094082e-08
1.000000e+00 6.666667e-01 1.000000e+02 2.167606e-07 1.360760e-07
1.000000e+00 6.666667e-01 4.641589e+02 5.480891e-08 3.119785e-08
1.000000e+00 6.666667e-01 2.154435e+03 8.066195e-09 4.589658e-09
1.000000e+00 6.666667e-01 1.000000e+04 4.808383e-10 2.778401e-10
1.000000e+00 6.666667e-01 4.641589e+04 9.927618e-12 5.832706e-12
1.000000e+00 6.666667e-01 2.154435e+05 1.210771e-13 7.221499e-14
1.000000e+00 6.666667e-01 1.000000e+06 1.263924e-15 7.643404e-16
1.000000e+00 7.777778e-01 1.000000e+00 -1.716788e-06 -1.716750e-06
1.000000e+00 7.777778e-01 4.641589e+00 8.656245e-07 2.647201e-07
1.000000e+00 7.777778e-01 2.154435e+01 -3.761617e-08 7.511389e-08
1.000000e+00 7.777778e-01 1.000000e+02 2.125654e-07 1.318414e-07
1.000000e+00 7.777778e-01 4.641589e+02 5.376749e-08 3.015383e-08
1.000000e+00 7.777778e-01 2.154435e+03 7.914553e-09 4.437939e-09
1.000000e+00 7.777778e-01 1.000000e+04 4.718882e-10 2.688894e-10
1.000000e+00 7.777778e-01 4.641589e+04 9.744581e-12 5.649673e-12
1.000000e+00 7.777778e-01 2.154435e+05 1.188661e-13 7.000415e-14
1.000000e+00 7.777778e-01 1.000000e+06 1.241025e-15 7.414433e-16
1.000000e+00 8.888889e-01 1.000000e+00 -2.413690e-06 -2.413629e-06
1.000000e+00 8.888889e-01 4.641589e+00 8.106018e-07 2.041839e-07
1.000000e+00 8.888889e-01 2.154435e+01 -4.170302e-08 7.113997e-08
1.000000e+00 8.888889e-01 1.000000e+02 2.100431e-07 1.292970e-07
1.000000e+00 8.888889e-01 4.641589e+02 5.314250e-08 2.952733e-08
1.000000e+00 8.888889e-01 2.154435e+03 7.823567e-09 4.346906e-09
1.000000e+00 8.888889e-01 1.000000e+04 4.665182e-10 2.635190e-10
1.000000e+00 8.888889e-01 4.641589e+04 9.634760e-12 5.539854e-12
1.000000e+00 8.888889e-01 2.154435e+05 1.175396e-13 6.867765e-14
1.000000e+00 8.888889e-01 1.000000e+06 1.227287e-15 7.277050e-16
1.000000e+00 1.000000e+00 1.000000e+00 -3.131382e-06 -3.131296e-06
1.000000e+00 1.000000e+00 4.641589e+00 7.687655e-07 1.588070e-07
1.000000e+00 1.000000e+00 2.154435e+01 -4.383222e-08 6.901904e-08
1.000000e+00 1.000000e+00 1.000000e+02 2.091938e-07 1.284429e-07
1.000000e+00 1.000000e+00 4.641589e+02 5.293395e-08 2.931836e-08
1.000000e+00 1.000000e+00 2.154435e+03 7.793234e-09 4.316560e-09
1.000000e+00 1.000000e+00 1.000000e+04 4.647282e-10 2.617288e-10
1.000000e+00 1.000000e+00 4.641589e+04 9.598153e-12 5.503248e-12
1.000000e+00 1.000000e+00 2.154435e+05 1.170974e-13 6.823549e-14
1.000000e+00 1.000000e+00 1.000000e+06 1.222707e-15 7.231256e-16
