Experiment = Comp_FCC | seed 2 | Neutrino = -14 | Exp. Target density (nucleons / cm3) = 10^(23.7) | Exp. Target Length = 120.0 cm | Total Events = 10914.0 |        del_theta = 0.06 mrad, theta_max = 20.8 mrad |        del_Elepton = 30.0 % , Elepton_min = 100.00 GeV, Elepton_max = 100000.00 GeV|        del_Ehadron = 30.0 %, Ehadron_min = 100.00 GeV GeV, Ehadron_max = 100000.00 GeV
x_lower         x_upper         x_avg          Q2_lower[GeV^2]      Q2_upper[GeV^2]      Q2_avg[GeV^2]       E_nu_lower[GeV]      E_nu_upper[GeV]      E_nu_avg[GeV]       d^sigma/dxdQ2(x_avg,Q2_avg,Enu_avg) pb / GeV^2         N_events        N_events_errs = Sqrt[N_events]     N_sys_errs          Fractional_error_theta    Fractional_error_Elepton Fractional_error_Ehadron MC_Samples 
1.000000e-04    1.373824e-04    1.221640e-04   4.000000e+00         1.000000e+01         4.895313e+00        1.133635e+01         4.000000e+04         2.659435e+04        1.427841e+02                                           1.186258e-01    3.444209e-01                       0.0375648           0.4                       0.4                      0.333333                 2.228900e+04 
1.000000e-04    1.373824e-04    nan            1.000000e+01         1.000000e+02         nan                 1.133635e+01         4.000000e+04         nan                 nan                                                    0.000000e+00    nan                                nan                 nan                       nan                      nan                      nan 
1.000000e-04    1.373824e-04    nan            1.000000e+02         1.000000e+03         nan                 1.133635e+01         4.000000e+04         nan                 nan                                                    0.000000e+00    nan                                nan                 nan                       nan                      nan                      nan 
1.000000e-04    1.373824e-04    nan            1.000000e+03         1.000000e+04         nan                 1.133635e+01         4.000000e+04         nan                 nan                                                    0.000000e+00    nan                                nan                 nan                       nan                      nan                      nan 
1.000000e-04    1.373824e-04    nan            1.000000e+04         1.000000e+05         nan                 1.133635e+01         4.000000e+04         nan                 nan                                                    0.000000e+00    nan                                nan                 nan                       nan                      nan                      nan 
1.373824e-04    1.887392e-04    1.692081e-04   4.000000e+00         1.000000e+01         6.209557e+00        1.133635e+01         4.000000e+04         2.216584e+04        1.000816e+02                                           4.237872e-01    6.509894e-01                       0.163461            0.12381                   0.261905                 0.128571                 4.194800e+04 
1.373824e-04    1.887392e-04    nan            1.000000e+01         1.000000e+02         nan                 1.133635e+01         4.000000e+04         nan                 nan                                                    0.000000e+00    nan                                nan                 nan                       nan                      nan                      nan 
1.373824e-04    1.887392e-04    nan            1.000000e+02         1.000000e+03         nan                 1.133635e+01         4.000000e+04         nan                 nan                                                    0.000000e+00    nan                                nan                 nan                       nan                      nan                      nan 
1.373824e-04    1.887392e-04    nan            1.000000e+03         1.000000e+04         nan                 1.133635e+01         4.000000e+04         nan                 nan                                                    0.000000e+00    nan                                nan                 nan                       nan                      nan                      nan 
1.373824e-04    1.887392e-04    nan            1.000000e+04         1.000000e+05         nan                 1.133635e+01         4.000000e+04         nan                 nan                                                    0.000000e+00    nan                                nan                 nan                       nan                      nan                      nan 
1.887392e-04    2.592944e-04    2.291390e-04   4.000000e+00         1.000000e+01         5.950791e+00        1.133635e+01         4.000000e+04         1.943078e+04        7.448900e+01                                           1.060893e+00    1.029997e+00                       0.132248            0.20274                   0.0821918                0.184932                 5.772700e+04 
1.887392e-04    2.592944e-04    2.512246e-04   1.000000e+01         1.000000e+02         1.039446e+01        1.133635e+01         4.000000e+04         2.387739e+04        7.528122e+01                                           3.939379e-02    1.984787e-01                       0.135909            0.95                      0.7                      2.85                     1.555000e+03 
1.887392e-04    2.592944e-04    nan            1.000000e+02         1.000000e+03         nan                 1.133635e+01         4.000000e+04         nan                 nan                                                    0.000000e+00    nan                                nan                 nan                       nan                      nan                      nan 
1.887392e-04    2.592944e-04    nan            1.000000e+03         1.000000e+04         nan                 1.133635e+01         4.000000e+04         nan                 nan                                                    0.000000e+00    nan                                nan                 nan                       nan                      nan                      nan 
1.887392e-04    2.592944e-04    nan            1.000000e+04         1.000000e+05         nan                 1.133635e+01         4.000000e+04         nan                 nan                                                    0.000000e+00    nan                                nan                 nan                       nan                      nan                      nan 
2.592944e-04    3.562248e-04    3.047980e-04   4.000000e+00         1.000000e+01         6.373651e+00        1.133635e+01         4.000000e+04         1.620795e+04        5.522736e+01                                           1.977758e+00    1.406328e+00                       0.500459            0.0678261                 0.212174                 0.134783                 6.938000e+04 
2.592944e-04    3.562248e-04    3.202254e-04   1.000000e+01         1.000000e+02         1.196348e+01        1.133635e+01         4.000000e+04         2.415510e+04        6.117590e+01                                           4.025715e-01    6.344852e-01                       0.118088            0.166667                  0.12                     0.173333                 4.166000e+03 
2.592944e-04    3.562248e-04    nan            1.000000e+02         1.000000e+03         nan                 1.133635e+01         4.000000e+04         nan                 nan                                                    0.000000e+00    nan                                nan                 nan                       nan                      nan                      nan 
2.592944e-04    3.562248e-04    nan            1.000000e+03         1.000000e+04         nan                 1.133635e+01         4.000000e+04         nan                 nan                                                    0.000000e+00    nan                                nan                 nan                       nan                      nan                      nan 
2.592944e-04    3.562248e-04    nan            1.000000e+04         1.000000e+05         nan                 1.133635e+01         4.000000e+04         nan                 nan                                                    0.000000e+00    nan                                nan                 nan                       nan                      nan                      nan 
3.562248e-04    4.893901e-04    4.238252e-04   4.000000e+00         1.000000e+01         6.296165e+00        1.133635e+01         4.000000e+04         1.516429e+04        4.304877e+01                                           3.242942e+00    1.800817e+00                       0.537733            0.0816327                 0.231122                 0.072449                 7.744500e+04 
3.562248e-04    4.893901e-04    4.269660e-04   1.000000e+01         1.000000e+02         1.345103e+01        1.133635e+01         4.000000e+04         2.182089e+04        4.850803e+01                                           1.453933e+00    1.205791e+00                       0.172655            0.078125                  0.075                    0.0447917                8.093000e+03 
3.562248e-04    4.893901e-04    nan            1.000000e+02         1.000000e+03         nan                 1.133635e+01         4.000000e+04         nan                 nan                                                    0.000000e+00    nan                                nan                 nan                       nan                      nan                      nan 
3.562248e-04    4.893901e-04    nan            1.000000e+03         1.000000e+04         nan                 1.133635e+01         4.000000e+04         nan                 nan                                                    0.000000e+00    nan                                nan                 nan                       nan                      nan                      nan 
3.562248e-04    4.893901e-04    nan            1.000000e+04         1.000000e+05         nan                 1.133635e+01         4.000000e+04         nan                 nan                                                    0.000000e+00    nan                                nan                 nan                       nan                      nan                      nan 
4.893901e-04    6.723358e-04    5.786232e-04   4.000000e+00         1.000000e+01         6.192710e+00        1.133635e+01         4.000000e+04         1.239467e+04        3.136047e+01                                           5.032278e+00    2.243274e+00                       0.330243            0.124716                  0.132955                 0.12642                  8.372000e+04 
4.893901e-04    6.723358e-04    5.896252e-04   1.000000e+01         1.000000e+02         1.568392e+01        1.133635e+01         4.000000e+04         1.962318e+04        3.510604e+01                                           3.571781e+00    1.889916e+00                       0.688598            0.0514423                 0.260096                 0.0298077                1.440500e+04 
4.893901e-04    6.723358e-04    nan            1.000000e+02         1.000000e+03         nan                 1.133635e+01         4.000000e+04         nan                 nan                                                    0.000000e+00    nan                                nan                 nan                       nan                      nan                      nan 
4.893901e-04    6.723358e-04    nan            1.000000e+03         1.000000e+04         nan                 1.133635e+01         4.000000e+04         nan                 nan                                                    0.000000e+00    nan                                nan                 nan                       nan                      nan                      nan 
4.893901e-04    6.723358e-04    nan            1.000000e+04         1.000000e+05         nan                 1.133635e+01         4.000000e+04         nan                 nan                                                    0.000000e+00    nan                                nan                 nan                       nan                      nan                      nan 
6.723358e-04    9.236709e-04    7.942888e-04   4.000000e+00         1.000000e+01         6.599204e+00        1.133635e+01         4.000000e+04         1.056558e+04        2.262848e+01                                           7.285616e+00    2.699188e+00                       0.484763            0.0706226                 0.151751                 0.0883268                8.793700e+04 
6.723358e-04    9.236709e-04    8.127207e-04   1.000000e+01         1.000000e+02         1.777651e+01        1.133635e+01         4.000000e+04         1.765195e+04        2.550920e+01                                           7.612095e+00    2.759003e+00                       0.848864            0.0438384                 0.131313                 0.0341414                2.302400e+04 
6.723358e-04    9.236709e-04    nan            1.000000e+02         1.000000e+03         nan                 1.133635e+01         4.000000e+04         nan                 nan                                                    0.000000e+00    nan                                nan                 nan                       nan                      nan                      nan 
6.723358e-04    9.236709e-04    nan            1.000000e+03         1.000000e+04         nan                 1.133635e+01         4.000000e+04         nan                 nan                                                    0.000000e+00    nan                                nan                 nan                       nan                      nan                      nan 
6.723358e-04    9.236709e-04    nan            1.000000e+04         1.000000e+05         nan                 1.133635e+01         4.000000e+04         nan                 nan                                                    0.000000e+00    nan                                nan                 nan                       nan                      nan                      nan 
9.236709e-04    1.268961e-03    1.102665e-03   4.000000e+00         1.000000e+01         6.707087e+00        1.133635e+01         4.000000e+04         8.370023e+03        1.562012e+01                                           1.008143e+01    3.175126e+00                       1.4796              0.0579412                 0.198971                 0.0533824                9.125900e+04 
9.236709e-04    1.268961e-03    1.104020e-03   1.000000e+01         1.000000e+02         2.147127e+01        1.133635e+01         4.000000e+04         1.635250e+04        1.830631e+01                                           1.426614e+01    3.777055e+00                       1.65171             0.0269592                 0.143783                 0.0164054                3.508100e+04 
9.236709e-04    1.268961e-03    nan            1.000000e+02         1.000000e+03         nan                 1.133635e+01         4.000000e+04         nan                 nan                                                    0.000000e+00    nan                                nan                 nan                       nan                      nan                      nan 
9.236709e-04    1.268961e-03    nan            1.000000e+03         1.000000e+04         nan                 1.133635e+01         4.000000e+04         nan                 nan                                                    0.000000e+00    nan                                nan                 nan                       nan                      nan                      nan 
9.236709e-04    1.268961e-03    nan            1.000000e+04         1.000000e+05         nan                 1.133635e+01         4.000000e+04         nan                 nan                                                    0.000000e+00    nan                                nan                 nan                       nan                      nan                      nan 
1.268961e-03    1.743329e-03    1.501517e-03   4.000000e+00         1.000000e+01         6.676348e+00        1.133635e+01         4.000000e+04         7.674854e+03        1.126094e+01                                           1.291629e+01    3.593924e+00                       1.28883             0.102165                  0.148918                 0.0665584                9.336500e+04 
1.268961e-03    1.743329e-03    1.518351e-03   1.000000e+01         1.000000e+02         2.532551e+01        1.133635e+01         4.000000e+04         1.522433e+04        1.301248e+01                                           2.531669e+01    5.031570e+00                       3.618               0.0101903                 0.174708                 0.021547                 5.068300e+04 
1.268961e-03    1.743329e-03    nan            1.000000e+02         1.000000e+03         nan                 1.133635e+01         4.000000e+04         nan                 nan                                                    0.000000e+00    nan                                nan                 nan                       nan                      nan                      nan 
1.268961e-03    1.743329e-03    nan            1.000000e+03         1.000000e+04         nan                 1.133635e+01         4.000000e+04         nan                 nan                                                    0.000000e+00    nan                                nan                 nan                       nan                      nan                      nan 
1.268961e-03    1.743329e-03    nan            1.000000e+04         1.000000e+05         nan                 1.133635e+01         4.000000e+04         nan                 nan                                                    0.000000e+00    nan                                nan                 nan                       nan                      nan                      nan 
1.743329e-03    2.395027e-03    2.062835e-03   4.000000e+00         1.000000e+01         6.768107e+00        1.133635e+01         4.000000e+04         6.549754e+03        8.105327e+00                                           1.588336e+01    3.985393e+00                       1.67054             0.0848246                 0.136579                 0.0528947                9.512500e+04 
1.743329e-03    2.395027e-03    2.071467e-03   1.000000e+01         1.000000e+02         3.000062e+01        1.133635e+01         4.000000e+04         1.364840e+04        9.385025e+00                                           4.074516e+01    6.383194e+00                       3.78087             0.020043                  0.133417                 0.0432413                6.412500e+04 
1.743329e-03    2.395027e-03    2.238010e-03   1.000000e+02         1.000000e+03         1.045226e+02        1.133635e+01         4.000000e+04         2.659978e+04        8.107112e+00                                           1.676636e-01    4.094675e-01                       0.454089            0.116667                  0.158333                 2.54167                  1.099000e+03 
1.743329e-03    2.395027e-03    nan            1.000000e+03         1.000000e+04         nan                 1.133635e+01         4.000000e+04         nan                 nan                                                    0.000000e+00    nan                                nan                 nan                       nan                      nan                      nan 
1.743329e-03    2.395027e-03    nan            1.000000e+04         1.000000e+05         nan                 1.133635e+01         4.000000e+04         nan                 nan                                                    0.000000e+00    nan                                nan                 nan                       nan                      nan                      nan 
2.395027e-03    3.290345e-03    2.822999e-03   4.000000e+00         1.000000e+01         6.816403e+00        1.133635e+01         4.000000e+04         5.728898e+03        5.899402e+00                                           1.858069e+01    4.310533e+00                       4.41021             0.0409318                 0.239351                 0.0246256                9.648400e+04 
2.395027e-03    3.290345e-03    2.842435e-03   1.000000e+01         1.000000e+02         3.394158e+01        1.133635e+01         4.000000e+04         1.222375e+04        6.902427e+00                                           6.204659e+01    7.876966e+00                       6.15661             0.00757502                0.161592                 0.0364956                7.393100e+04 
2.395027e-03    3.290345e-03    2.947812e-03   1.000000e+02         1.000000e+03         1.155042e+02        1.133635e+01         4.000000e+04         2.411635e+04        6.056299e+00                                           2.462761e+00    1.569319e+00                       0.792955            0.0296703                 0.0494505                0.295055                 3.271000e+03 
2.395027e-03    3.290345e-03    nan            1.000000e+03         1.000000e+04         nan                 1.133635e+01         4.000000e+04         nan                 nan                                                    0.000000e+00    nan                                nan                 nan                       nan                      nan                      nan 
2.395027e-03    3.290345e-03    nan            1.000000e+04         1.000000e+05         nan                 1.133635e+01         4.000000e+04         nan                 nan                                                    0.000000e+00    nan                                nan                 nan                       nan                      nan                      nan 
3.290345e-03    4.520354e-03    3.906969e-03   4.000000e+00         1.000000e+01         6.920665e+00        1.133635e+01         4.000000e+04         5.214227e+03        4.179822e+00                                           2.110416e+01    4.593926e+00                       3.99837             0.0373932                 0.20933                  0.0231481                9.729500e+04 
3.290345e-03    4.520354e-03    3.900413e-03   1.000000e+01         1.000000e+02         3.656150e+01        1.133635e+01         4.000000e+04         1.085682e+04        4.969899e+00                                           8.714155e+01    9.334964e+00                       8.82913             0.0117375                 0.141672                 0.0372858                8.095700e+04 
3.290345e-03    4.520354e-03    3.985695e-03   1.000000e+02         1.000000e+03         1.327944e+02        1.133635e+01         4.000000e+04         2.231482e+04        4.409863e+00                                           9.628557e+00    3.102992e+00                       0.783045            0.0246988                 0.0394578                0.0266566                7.044000e+03 
3.290345e-03    4.520354e-03    nan            1.000000e+03         1.000000e+04         nan                 1.133635e+01         4.000000e+04         nan                 nan                                                    0.000000e+00    nan                                nan                 nan                       nan                      nan                      nan 
3.290345e-03    4.520354e-03    nan            1.000000e+04         1.000000e+05         nan                 1.133635e+01         4.000000e+04         nan                 nan                                                    0.000000e+00    nan                                nan                 nan                       nan                      nan                      nan 
4.520354e-03    6.210169e-03    5.334725e-03   4.000000e+00         1.000000e+01         6.989654e+00        1.133635e+01         4.000000e+04         4.804635e+03        2.949200e+00                                           2.346387e+01    4.843952e+00                       3.28668             0.0825524                 0.134895                 0.0610358                9.801100e+04 
4.520354e-03    6.210169e-03    5.356152e-03   1.000000e+01         1.000000e+02         3.890517e+01        1.133635e+01         4.000000e+04         9.500267e+03        3.483803e+00                                           1.169122e+02    1.081260e+01                       11.2473             0.00948044                0.137691                 0.0297883                8.598800e+04 
4.520354e-03    6.210169e-03    5.445902e-03   1.000000e+02         1.000000e+03         1.483176e+02        1.133635e+01         4.000000e+04         1.986278e+04        3.056530e+00                                           2.338945e+01    4.836264e+00                       2.08505             0.0198684                 0.0853289                0.0235526                1.269900e+04 
4.520354e-03    6.210169e-03    nan            1.000000e+03         1.000000e+04         nan                 1.133635e+01         4.000000e+04         nan                 nan                                                    0.000000e+00    nan                                nan                 nan                       nan                      nan                      nan 
4.520354e-03    6.210169e-03    nan            1.000000e+04         1.000000e+05         nan                 1.133635e+01         4.000000e+04         nan                 nan                                                    0.000000e+00    nan                                nan                 nan                       nan                      nan                      nan 
6.210169e-03    8.531679e-03    7.337247e-03   4.000000e+00         1.000000e+01         7.041329e+00        1.133635e+01         4.000000e+04         4.107097e+03        2.020753e+00                                           2.496005e+01    4.996004e+00                       5.90518             0.0225141                 0.247405                 0.0171982                9.848400e+04 
6.210169e-03    8.531679e-03    7.357415e-03   1.000000e+01         1.000000e+02         4.132860e+01        1.133635e+01         4.000000e+04         8.412489e+03        2.410715e+00                                           1.471538e+02    1.213070e+01                       14.1897             0.0074536                 0.133626                 0.0200659                8.997100e+04 
6.210169e-03    8.531679e-03    7.456732e-03   1.000000e+02         1.000000e+03         1.692064e+02        1.133635e+01         4.000000e+04         1.803387e+04        2.081476e+00                                           4.701602e+01    6.856823e+00                       1.08813             0.00705188                0.0302578                0.0115874                2.047800e+04 
6.210169e-03    8.531679e-03    nan            1.000000e+03         1.000000e+04         nan                 1.133635e+01         4.000000e+04         nan                 nan                                                    0.000000e+00    nan                                nan                 nan                       nan                      nan                      nan 
6.210169e-03    8.531679e-03    nan            1.000000e+04         1.000000e+05         nan                 1.133635e+01         4.000000e+04         nan                 nan                                                    0.000000e+00    nan                                nan                 nan                       nan                      nan                      nan 
8.531679e-03    1.172102e-02    1.008856e-02   4.000000e+00         1.000000e+01         6.958071e+00        1.133635e+01         4.000000e+04         4.221180e+03        1.396443e+00                                           2.664697e+01    5.162070e+00                       4.94041             0.0508621                 0.191494                 0.0167816                9.876600e+04 
8.531679e-03    1.172102e-02    1.009084e-02   1.000000e+01         1.000000e+02         4.321288e+01        1.133635e+01         4.000000e+04         7.286149e+03        1.626877e+00                                           1.818999e+02    1.348703e+01                       12.6334             0.00643481                0.103983                 0.0286882                9.258500e+04 
8.531679e-03    1.172102e-02    1.018855e-02   1.000000e+02         1.000000e+03         1.979329e+02        1.133635e+01         4.000000e+04         1.660988e+04        1.355470e+00                                           8.664905e+01    9.308547e+00                       1.87954             0.0054494                 0.0316879                0.00918259               3.190700e+04 
8.531679e-03    1.172102e-02    nan            1.000000e+03         1.000000e+04         nan                 1.133635e+01         4.000000e+04         nan                 nan                                                    0.000000e+00    nan                                nan                 nan                       nan                      nan                      nan 
8.531679e-03    1.172102e-02    nan            1.000000e+04         1.000000e+05         nan                 1.133635e+01         4.000000e+04         nan                 nan                                                    0.000000e+00    nan                                nan                 nan                       nan                      nan                      nan 
1.172102e-02    1.610262e-02    1.375895e-02   4.000000e+00         1.000000e+01         7.025256e+00        1.133635e+01         4.000000e+04         3.598564e+03        1.005172e+00                                           2.756199e+01    5.249952e+00                       4.50069             0.0382932                 0.189278                 0.0202407                9.907300e+04 
1.172102e-02    1.610262e-02    1.381481e-02   1.000000e+01         1.000000e+02         4.499178e+01        1.133635e+01         4.000000e+04         6.415925e+03        1.163152e+00                                           2.143925e+02    1.464215e+01                       19.7508             0.00429943                0.11941                  0.0185682                9.451200e+04 
1.172102e-02    1.610262e-02    1.396393e-02   1.000000e+02         1.000000e+03         2.304398e+02        1.133635e+01         4.000000e+04         1.503372e+04        9.122131e-01                                           1.414684e+02    1.189405e+01                       4.53875             0.00395952                0.0440277                0.0136274                4.677300e+04 
1.172102e-02    1.610262e-02    nan            1.000000e+03         1.000000e+04         nan                 1.133635e+01         4.000000e+04         nan                 nan                                                    0.000000e+00    nan                                nan                 nan                       nan                      nan                      nan 
1.172102e-02    1.610262e-02    nan            1.000000e+04         1.000000e+05         nan                 1.133635e+01         4.000000e+04         nan                 nan                                                    0.000000e+00    nan                                nan                 nan                       nan                      nan                      nan 
1.610262e-02    2.212216e-02    1.893779e-02   4.000000e+00         1.000000e+01         6.936534e+00        1.133635e+01         4.000000e+04         3.393046e+03        7.099893e-01                                           2.869299e+01    5.356584e+00                       2.82891             0.0393639                 0.140355                 0.0342023                9.911600e+04 
1.610262e-02    2.212216e-02    1.898940e-02   1.000000e+01         1.000000e+02         4.683558e+01        1.133635e+01         4.000000e+04         5.769925e+03        8.163056e-01                                           2.470879e+02    1.571903e+01                       19.3976             0.00578056                0.0972554                0.0178517                9.589100e+04 
1.610262e-02    2.212216e-02    1.913887e-02   1.000000e+02         1.000000e+03         2.670706e+02        1.133635e+01         4.000000e+04         1.363343e+04        6.128443e-01                                           2.139953e+02    1.462858e+01                       1.85217             0.00508881                0.0264308                0.0312165                6.112700e+04 
1.610262e-02    2.212216e-02    2.132914e-02   1.000000e+03         1.000000e+04         1.053422e+03        1.133635e+01         4.000000e+04         2.875401e+04        3.303306e-01                                           1.395475e-01    3.735605e-01                       1.55247             0.2375                    0.2125                   10.8625                  6.980000e+02 
1.610262e-02    2.212216e-02    nan            1.000000e+04         1.000000e+05         nan                 1.133635e+01         4.000000e+04         nan                 nan                                                    0.000000e+00    nan                                nan                 nan                       nan                      nan                      nan 
2.212216e-02    3.039195e-02    2.580290e-02   4.000000e+00         1.000000e+01         7.326283e+00        1.133635e+01         4.000000e+04         3.287943e+03        5.052052e-01                                           2.491279e+01    4.991271e+00                       0.459182            0.0397825                 0.100172                 0.15747                  8.433600e+04 
2.212216e-02    3.039195e-02    2.607115e-02   1.000000e+01         1.000000e+02         4.756038e+01        1.133635e+01         4.000000e+04         5.272109e+03        5.606729e-01                                           2.627970e+02    1.621102e+01                       16.0902             0.00771484                0.0787842                0.021669                 9.689800e+04 
2.212216e-02    3.039195e-02    2.629036e-02   1.000000e+02         1.000000e+03         3.006415e+02        1.133635e+01         4.000000e+04         1.210859e+04        4.015199e-01                                           3.049565e+02    1.746300e+01                       11.9416             0.00375578                0.00424714               0.0397859                7.147400e+04 
2.212216e-02    3.039195e-02    2.744119e-02   1.000000e+03         1.000000e+04         1.129239e+03        1.133635e+01         4.000000e+04         2.465704e+04        2.341302e-01                                           5.222403e+00    2.285258e+00                       2.53199             0.0179775                 0.0676966                0.572753                 2.650000e+03 
2.212216e-02    3.039195e-02    nan            1.000000e+04         1.000000e+05         nan                 1.133635e+01         4.000000e+04         nan                 nan                                                    0.000000e+00    nan                                nan                 nan                       nan                      nan                      nan 
3.039195e-02    4.175319e-02    3.515760e-02   4.000000e+00         1.000000e+01         8.298971e+00        1.133635e+01         4.000000e+04         3.109316e+03        3.563616e-01                                           1.618455e+01    4.023003e+00                       1.22917             0.0119318                 0.199337                 0.194508                 5.382800e+04 
3.039195e-02    4.175319e-02    3.583277e-02   1.000000e+01         1.000000e+02         4.843865e+01        1.133635e+01         4.000000e+04         4.776699e+03        3.757169e-01                                           2.767038e+02    1.663442e+01                       19.2391             0.00272247                0.0865585                0.00598409               9.770500e+04 
3.039195e-02    4.175319e-02    3.605938e-02   1.000000e+02         1.000000e+03         3.219519e+02        1.133635e+01         4.000000e+04         1.078054e+04        2.637510e-01                                           4.040964e+02    2.010215e+01                       14.7105             0.00229045                0.00454341               0.0333933                7.923900e+04 
3.039195e-02    4.175319e-02    3.695389e-02   1.000000e+03         1.000000e+04         1.254726e+03        1.133635e+01         4.000000e+04         2.266686e+04        1.477626e-01                                           2.197892e+01    4.688168e+00                       1.08934             0.00874243                0.0733692                0.12226                  5.993000e+03 
3.039195e-02    4.175319e-02    nan            1.000000e+04         1.000000e+05         nan                 1.133635e+01         4.000000e+04         nan                 nan                                                    0.000000e+00    nan                                nan                 nan                       nan                      nan                      nan 
4.175319e-02    5.736153e-02    4.531388e-02   4.000000e+00         1.000000e+01         9.258647e+00        1.133635e+01         4.000000e+04         3.333659e+03        2.650151e-01                                           4.181496e+00    2.044871e+00                       1.47817             0.0525478                 0.0423567                0.40414                  1.339800e+04 
4.175319e-02    5.736153e-02    4.920648e-02   1.000000e+01         1.000000e+02         4.928480e+01        1.133635e+01         4.000000e+04         4.532116e+03        2.505520e-01                                           2.858274e+02    1.690643e+01                       8.61323             0.00363664                0.0520414                0.0215172                9.796000e+04 
4.175319e-02    5.736153e-02    4.946672e-02   1.000000e+02         1.000000e+03         3.416120e+02        1.133635e+01         4.000000e+04         9.710523e+03        1.724945e-01                                           4.882308e+02    2.209595e+01                       20.568              0.00279207                0.00953323               0.0303992                8.462800e+04 
4.175319e-02    5.736153e-02    5.026160e-02   1.000000e+03         1.000000e+04         1.393149e+03        1.133635e+01         4.000000e+04         2.043997e+04        8.788705e-02                                           4.981907e+01    7.058262e+00                       1.2284              0.00700656                0.0525641                0.031932                 1.076100e+04 
4.175319e-02    5.736153e-02    nan            1.000000e+04         1.000000e+05         nan                 1.133635e+01         4.000000e+04         nan                 nan                                                    0.000000e+00    nan                                nan                 nan                       nan                      nan                      nan 
5.736153e-02    7.880463e-02    nan            4.000000e+00         1.000000e+01         nan                 1.133635e+01         4.000000e+04         nan                 nan                                                    0.000000e+00    nan                                nan                 nan                       nan                      nan                      nan 
5.736153e-02    7.880463e-02    6.733151e-02   1.000000e+01         1.000000e+02         5.144022e+01        1.133635e+01         4.000000e+04         4.278640e+03        1.666422e-01                                           2.713170e+02    1.647170e+01                       0.903373            0.00246775                0.0321503                0.0230609                9.539300e+04 
5.736153e-02    7.880463e-02    6.768134e-02   1.000000e+02         1.000000e+03         3.626048e+02        1.133635e+01         4.000000e+04         8.733589e+03        1.115127e-01                                           5.762306e+02    2.400480e+01                       29.1753             0.00428441                0.0200131                0.0213227                8.845400e+04 
5.736153e-02    7.880463e-02    6.838982e-02   1.000000e+03         1.000000e+04         1.532788e+03        1.133635e+01         4.000000e+04         1.861138e+04        5.230160e-02                                           9.095712e+01    9.537144e+00                       6.47924             0.0110272                 0.0646866                0.00717099               1.798200e+04 
5.736153e-02    7.880463e-02    nan            1.000000e+04         1.000000e+05         nan                 1.133635e+01         4.000000e+04         nan                 nan                                                    0.000000e+00    nan                                nan                 nan                       nan                      nan                      nan 
7.880463e-02    1.082637e-01    nan            4.000000e+00         1.000000e+01         nan                 1.133635e+01         4.000000e+04         nan                 nan                                                    0.000000e+00    nan                                nan                 nan                       nan                      nan                      nan 
7.880463e-02    1.082637e-01    9.238399e-02   1.000000e+01         1.000000e+02         5.480780e+01        1.133635e+01         4.000000e+04         4.145248e+03        1.155203e-01                                           2.525505e+02    1.589184e+01                       12.5789             0.00346598                0.0170848                0.0292625                9.028000e+04 
7.880463e-02    1.082637e-01    9.282537e-02   1.000000e+02         1.000000e+03         3.786547e+02        1.133635e+01         4.000000e+04         7.950366e+03        7.750547e-02                                           6.370620e+02    2.524009e+01                       50.6954             0.00218298                0.0498795                0.0280914                9.126600e+04 
7.880463e-02    1.082637e-01    9.349293e-02   1.000000e+03         1.000000e+04         1.739555e+03        1.133635e+01         4.000000e+04         1.716173e+04        3.254972e-02                                           1.426738e+02    1.194461e+01                       9.84832             0.00374209                0.0550185                0.00619681               2.797200e+04 
7.880463e-02    1.082637e-01    nan            1.000000e+04         1.000000e+05         nan                 1.133635e+01         4.000000e+04         nan                 nan                                                    0.000000e+00    nan                                nan                 nan                       nan                      nan                      nan 
1.082637e-01    1.487352e-01    nan            4.000000e+00         1.000000e+01         nan                 1.133635e+01         4.000000e+04         nan                 nan                                                    0.000000e+00    nan                                nan                 nan                       nan                      nan                      nan 
1.082637e-01    1.487352e-01    1.267041e-01   1.000000e+01         1.000000e+02         5.831750e+01        1.133635e+01         4.000000e+04         4.125933e+03        7.779250e-02                                           2.191559e+02    1.480392e+01                       28.7802             0.00823808                0.0936999                0.0608659                8.320000e+04 
1.082637e-01    1.487352e-01    1.274911e-01   1.000000e+02         1.000000e+03         3.927757e+02        1.133635e+01         4.000000e+04         7.302748e+03        5.232671e-02                                           6.890833e+02    2.625040e+01                       85.3442             0.00256377                0.0970185                0.0329156                9.316500e+04 
1.082637e-01    1.487352e-01    1.280591e-01   1.000000e+03         1.000000e+04         1.891798e+03        1.133635e+01         4.000000e+04         1.550065e+04        2.043868e-02                                           2.002760e+02    1.415189e+01                       22.2834             0.00448093                0.0879613                0.0210466                4.181600e+04 
1.082637e-01    1.487352e-01    nan            1.000000e+04         1.000000e+05         nan                 1.133635e+01         4.000000e+04         nan                 nan                                                    0.000000e+00    nan                                nan                 nan                       nan                      nan                      nan 
1.487352e-01    2.043360e-01    nan            4.000000e+00         1.000000e+01         nan                 1.133635e+01         4.000000e+04         nan                 nan                                                    0.000000e+00    nan                                nan                 nan                       nan                      nan                      nan 
1.487352e-01    2.043360e-01    1.738908e-01   1.000000e+01         1.000000e+02         6.384496e+01        1.133635e+01         4.000000e+04         3.955536e+03        4.985171e-02                                           1.777228e+02    1.333127e+01                       33.1054             0.00350409                0.142917                 0.0692892                7.318000e+04 
1.487352e-01    2.043360e-01    1.751998e-01   1.000000e+02         1.000000e+03         4.029055e+02        1.133635e+01         4.000000e+04         6.743562e+03        3.368099e-02                                           6.945963e+02    2.635520e+01                       117.26              0.00285237                0.144236                 0.0365091                9.465200e+04 
1.487352e-01    2.043360e-01    1.760327e-01   1.000000e+03         1.000000e+04         2.082574e+03        1.133635e+01         4.000000e+04         1.429611e+04        1.195654e-02                                           2.498075e+02    1.580530e+01                       34.6842             0.00237288                0.109165                 0.0330932                5.620900e+04 
1.487352e-01    2.043360e-01    nan            1.000000e+04         1.000000e+05         nan                 1.133635e+01         4.000000e+04         nan                 nan                                                    0.000000e+00    nan                                nan                 nan                       nan                      nan                      nan 
2.043360e-01    2.807216e-01    nan            4.000000e+00         1.000000e+01         nan                 1.133635e+01         4.000000e+04         nan                 nan                                                    0.000000e+00    nan                                nan                 nan                       nan                      nan                      nan 
2.043360e-01    2.807216e-01    2.380252e-01   1.000000e+01         1.000000e+02         7.103482e+01        1.133635e+01         4.000000e+04         3.817822e+03        2.981151e-02                                           1.203888e+02    1.097219e+01                       31.0648             0.00406091                0.199903                 0.0930989                5.968400e+04 
2.043360e-01    2.807216e-01    2.402681e-01   1.000000e+02         1.000000e+03         4.149994e+02        1.133635e+01         4.000000e+04         6.247853e+03        1.995228e-02                                           6.625182e+02    2.573943e+01                       132.878             0.00112095                0.184125                 0.0325905                9.529800e+04 
2.043360e-01    2.807216e-01    2.415457e-01   1.000000e+03         1.000000e+04         2.203947e+03        1.133635e+01         4.000000e+04         1.315217e+04        7.025485e-03                                           2.856135e+02    1.690010e+01                       45.9828             0.00147335                0.114798                 0.0544817                6.727900e+04 
2.043360e-01    2.807216e-01    2.591874e-01   1.000000e+04         1.000000e+05         1.091263e+04        1.133635e+01         4.000000e+04         2.573077e+04        4.270771e-04                                           3.620412e-01    6.016986e-01                       0.379595            0.0848485                 0.239394                 0.945455                 1.807000e+03 
2.807216e-01    3.856620e-01    nan            4.000000e+00         1.000000e+01         nan                 1.133635e+01         4.000000e+04         nan                 nan                                                    0.000000e+00    nan                                nan                 nan                       nan                      nan                      nan 
2.807216e-01    3.856620e-01    3.229613e-01   1.000000e+01         1.000000e+02         7.974388e+01        1.133635e+01         4.000000e+04         3.835787e+03        1.571796e-02                                           6.223858e+01    7.889143e+00                       18.7404             0.00543657                0.237373                 0.109226                 4.120200e+04 
2.807216e-01    3.856620e-01    3.283914e-01   1.000000e+02         1.000000e+03         4.243217e+02        1.133635e+01         4.000000e+04         5.872116e+03        1.031238e-02                                           5.371489e+02    2.317647e+01                       107.753             0.0010666                 0.195739                 0.0195174                9.590300e+04 
2.807216e-01    3.856620e-01    3.295571e-01   1.000000e+03         1.000000e+04         2.341852e+03        1.133635e+01         4.000000e+04         1.207318e+04        3.548320e-03                                           2.691068e+02    1.640448e+01                       41.6549             0.00292734                0.100647                 0.0612418                7.477100e+04 
2.807216e-01    3.856620e-01    3.385904e-01   1.000000e+04         1.000000e+05         1.152397e+04        1.133635e+01         4.000000e+04         2.349343e+04        1.990608e-04                                           1.462438e+00    1.209313e+00                       0.822806            0.0242424                 0.177778                 0.325253                 4.446000e+03 
3.856620e-01    5.298317e-01    nan            4.000000e+00         1.000000e+01         nan                 1.133635e+01         4.000000e+04         nan                 nan                                                    0.000000e+00    nan                                nan                 nan                       nan                      nan                      nan 
3.856620e-01    5.298317e-01    4.263501e-01   1.000000e+01         1.000000e+02         8.989657e+01        1.133635e+01         4.000000e+04         3.897691e+03        8.143418e-03                                           1.583720e+01    3.979597e+00                       5.48289             0.010613                  0.229643                 0.151693                 1.567000e+04 
3.856620e-01    5.298317e-01    4.427704e-01   1.000000e+02         1.000000e+03         4.277458e+02        1.133635e+01         4.000000e+04         5.491369e+03        4.663839e-03                                           3.286700e+02    1.812926e+01                       25.3007             0.00230838                0.112434                 0.0270462                9.642900e+04 
3.856620e-01    5.298317e-01    4.440949e-01   1.000000e+03         1.000000e+04         2.461487e+03        1.133635e+01         4.000000e+04         1.106922e+04        1.581411e-03                                           1.900331e+02    1.378525e+01                       3.93953             0.00207155                0.0312108                0.0843602                8.009400e+04 
3.856620e-01    5.298317e-01    4.496417e-01   1.000000e+04         1.000000e+05         1.213942e+04        1.133635e+01         4.000000e+04         2.304582e+04        1.252686e-04                                           2.246458e+00    1.498819e+00                       1.25802             0.0428571                 0.421429                 0.0614286                8.347000e+03 
5.298317e-01    7.278954e-01    nan            4.000000e+00         1.000000e+01         nan                 1.133635e+01         4.000000e+04         nan                 nan                                                    0.000000e+00    nan                                nan                 nan                       nan                      nan                      nan 
5.298317e-01    7.278954e-01    nan            1.000000e+01         1.000000e+02         nan                 1.133635e+01         4.000000e+04         nan                 nan                                                    0.000000e+00    nan                                nan                 nan                       nan                      nan                      nan 
5.298317e-01    7.278954e-01    5.962484e-01   1.000000e+02         1.000000e+03         4.379038e+02        1.133635e+01         4.000000e+04         5.221968e+03        1.069082e-03                                           1.020978e+02    1.010434e+01                       78.5776             0.0130237                 0.581527                 0.504966                 9.479500e+04 
5.298317e-01    7.278954e-01    5.995865e-01   1.000000e+03         1.000000e+04         2.571146e+03        1.133635e+01         4.000000e+04         9.932925e+03        3.394148e-04                                           6.913709e+01    8.314871e+00                       63.099              0.00623517                0.962006                 0.166084                 8.370500e+04 
5.298317e-01    7.278954e-01    6.095996e-01   1.000000e+04         1.000000e+05         1.294738e+04        1.133635e+01         4.000000e+04         2.119547e+04        3.059137e-05                                           1.488292e+00    1.219956e+00                       1.61502             0.0366337                 1.38812                  0.211881                 1.390400e+04 
7.278954e-01    1.000000e+00    nan            4.000000e+00         1.000000e+01         nan                 1.133635e+01         4.000000e+04         nan                 nan                                                    0.000000e+00    nan                                nan                 nan                       nan                      nan                      nan 
7.278954e-01    1.000000e+00    nan            1.000000e+01         1.000000e+02         nan                 1.133635e+01         4.000000e+04         nan                 nan                                                    0.000000e+00    nan                                nan                 nan                       nan                      nan                      nan 
7.278954e-01    1.000000e+00    7.793457e-01   1.000000e+02         1.000000e+03         4.575025e+02        1.133635e+01         4.000000e+04         5.473766e+03        1.097466e-04                                           8.536740e+00    2.921770e+00                       75.4264             0.0562607                 6.33739                  4.46312                  8.791200e+04 
7.278954e-01    1.000000e+00    7.820527e-01   1.000000e+03         1.000000e+04         2.628444e+03        1.133635e+01         4.000000e+04         9.983718e+03        3.347314e-05                                           6.589324e+00    2.566968e+00                       70.103              0.0398126                 9.37424                  2.78103                  8.577000e+04 
7.278954e-01    1.000000e+00    7.714559e-01   1.000000e+04         1.000000e+05         1.418623e+04        1.133635e+01         4.000000e+04         2.076578e+04        3.464545e-06                                           1.887984e-01    4.345094e-01                       2.73569             0.05                      16.83                    0.4                      2.102200e+04 
