Experiment = FASERv2 | Neutrino = 14 | Exp. Target density (nucleons / cm3) = 10^(25.1) | Exp. Target Length = 200 cm | Total Events = 205207.9 |        del_theta = 1.0 mrad, theta_max = 463.6 mrad |        del_Elepton = 30.0 % , Elepton_min = 100.00 GeV, Elepton_max = 5698.00 GeV|        del_Ehadron = 50.0 %, Ehadron_min = 100.00 GeV GeV, Ehadron_max = 5698.00 GeV
x_lower x_upper x_avg     Q2_lower[GeV^2] Q2_upper[GeV^2] Q2_avg[GeV^2] E_nu_lower[GeV] E_nu_upper[GeV] E_nu_avg[GeV] log10(d^sigma/dxdQ2(x_avg,Q2_avg,Enu_avg) / (pb / GeV^-2)) N_events N_events_errs = Sqrt[N_events] N_sys_errs MC_Samples
0.00010 0.00014 nan     4.0               10.0                nan     11.34            5698.00            nan                nan                                  0.00000      0.00000  0.00000         9  
0.00010 0.00014 nan     10.0               100.0                nan     11.34            5698.00            nan                nan                                  0.00000      0.00000  0.00000         9  
0.00010 0.00014 nan     100.0               1000.0                nan     11.34            5698.00            nan                nan                                  0.00000      0.00000  0.00000         9  
0.00010 0.00014 nan     1000.0               10000.0                nan     11.34            5698.00            nan                nan                                  0.00000      0.00000  0.00000         9  
0.00010 0.00014 nan     10000.0               100000.0                nan     11.34            5698.00            nan                nan                                  0.00000      0.00000  0.00000         9  
0.00014 0.00019 nan     4.0               10.0                nan     11.34            5698.00            nan                nan                                  0.00000      0.00000  0.00000         9  
0.00014 0.00019 nan     10.0               100.0                nan     11.34            5698.00            nan                nan                                  0.00000      0.00000  0.00000         9  
0.00014 0.00019 nan     100.0               1000.0                nan     11.34            5698.00            nan                nan                                  0.00000      0.00000  0.00000         9  
0.00014 0.00019 nan     1000.0               10000.0                nan     11.34            5698.00            nan                nan                                  0.00000      0.00000  0.00000         9  
0.00014 0.00019 nan     10000.0               100000.0                nan     11.34            5698.00            nan                nan                                  0.00000      0.00000  0.00000         9  
0.00019 0.00026 nan     4.0               10.0                nan     11.34            5698.00            nan                nan                                  0.00000      0.00000  0.00000         9  
0.00019 0.00026 nan     10.0               100.0                nan     11.34            5698.00            nan                nan                                  0.00000      0.00000  0.00000         9  
0.00019 0.00026 nan     100.0               1000.0                nan     11.34            5698.00            nan                nan                                  0.00000      0.00000  0.00000         9  
0.00019 0.00026 nan     1000.0               10000.0                nan     11.34            5698.00            nan                nan                                  0.00000      0.00000  0.00000         9  
0.00019 0.00026 nan     10000.0               100000.0                nan     11.34            5698.00            nan                nan                                  0.00000      0.00000  0.00000         9  
0.00026 0.00036 nan     4.0               10.0                nan     11.34            5698.00            nan                nan                                  0.00000      0.00000  0.00000         9  
0.00026 0.00036 nan     10.0               100.0                nan     11.34            5698.00            nan                nan                                  0.00000      0.00000  0.00000         9  
0.00026 0.00036 nan     100.0               1000.0                nan     11.34            5698.00            nan                nan                                  0.00000      0.00000  0.00000         9  
0.00026 0.00036 nan     1000.0               10000.0                nan     11.34            5698.00            nan                nan                                  0.00000      0.00000  0.00000         9  
0.00026 0.00036 nan     10000.0               100000.0                nan     11.34            5698.00            nan                nan                                  0.00000      0.00000  0.00000         9  
0.00036 0.00049 0.00046     4.0               10.0                4.3     11.34            5698.00            5358.13                1.2413                                  0.00247      0.04970  0.00015         1468  
0.00036 0.00049 nan     10.0               100.0                nan     11.34            5698.00            nan                nan                                  0.00000      0.00000  0.00000         9  
0.00036 0.00049 nan     100.0               1000.0                nan     11.34            5698.00            nan                nan                                  0.00000      0.00000  0.00000         9  
0.00036 0.00049 nan     1000.0               10000.0                nan     11.34            5698.00            nan                nan                                  0.00000      0.00000  0.00000         9  
0.00036 0.00049 nan     10000.0               100000.0                nan     11.34            5698.00            nan                nan                                  0.00000      0.00000  0.00000         9  
0.00049 0.00067 0.00060     4.0               10.0                4.7     11.34            5698.00            4969.13                1.1554                                  0.10857      0.32951  0.00346         16235  
0.00049 0.00067 nan     10.0               100.0                nan     11.34            5698.00            nan                nan                                  0.00000      0.00000  0.00000         9  
0.00049 0.00067 nan     100.0               1000.0                nan     11.34            5698.00            nan                nan                                  0.00000      0.00000  0.00000         9  
0.00049 0.00067 nan     1000.0               10000.0                nan     11.34            5698.00            nan                nan                                  0.00000      0.00000  0.00000         9  
0.00049 0.00067 nan     10000.0               100000.0                nan     11.34            5698.00            nan                nan                                  0.00000      0.00000  0.00000         9  
0.00067 0.00092 0.00081     4.0               10.0                5.4     11.34            5698.00            4625.21                0.9151                                  0.86317      0.92907  0.02030         49427  
0.00067 0.00092 nan     10.0               100.0                nan     11.34            5698.00            nan                nan                                  0.00000      0.00000  0.00000         9  
0.00067 0.00092 nan     100.0               1000.0                nan     11.34            5698.00            nan                nan                                  0.00000      0.00000  0.00000         9  
0.00067 0.00092 nan     1000.0               10000.0                nan     11.34            5698.00            nan                nan                                  0.00000      0.00000  0.00000         9  
0.00067 0.00092 nan     10000.0               100000.0                nan     11.34            5698.00            nan                nan                                  0.00000      0.00000  0.00000         9  
0.00092 0.00127 0.00110     4.0               10.0                6.1     11.34            5698.00            4315.80                0.8793                                  4.65820      2.15829  0.03117         94772  
0.00092 0.00127 0.00118     10.0               100.0                10.8     11.34            5698.00            5309.40                0.8562                                  0.01225      0.11067  0.00051         3490  
0.00092 0.00127 nan     100.0               1000.0                nan     11.34            5698.00            nan                nan                                  0.00000      0.00000  0.00000         9  
0.00092 0.00127 nan     1000.0               10000.0                nan     11.34            5698.00            nan                nan                                  0.00000      0.00000  0.00000         9  
0.00092 0.00127 nan     10000.0               100000.0                nan     11.34            5698.00            nan                nan                                  0.00000      0.00000  0.00000         9  
0.00127 0.00174 0.00150     4.0               10.0                6.5     11.34            5698.00            3950.26                0.7967                                  16.10842      4.01353  0.21442         128717  
0.00127 0.00174 0.00155     10.0               100.0                11.9     11.34            5698.00            4932.02                0.7743                                  0.41402      0.64344  0.01217         30319  
0.00127 0.00174 nan     100.0               1000.0                nan     11.34            5698.00            nan                nan                                  0.00000      0.00000  0.00000         9  
0.00127 0.00174 nan     1000.0               10000.0                nan     11.34            5698.00            nan                nan                                  0.00000      0.00000  0.00000         9  
0.00127 0.00174 nan     10000.0               100000.0                nan     11.34            5698.00            nan                nan                                  0.00000      0.00000  0.00000         9  
0.00174 0.00240 0.00205     4.0               10.0                6.7     11.34            5698.00            3594.40                0.5760                                  34.29906      5.85654  0.38355         142451  
0.00174 0.00240 0.00210     10.0               100.0                13.6     11.34            5698.00            4597.41                0.5426                                  2.84633      1.68711  0.04962         86719  
0.00174 0.00240 nan     100.0               1000.0                nan     11.34            5698.00            nan                nan                                  0.00000      0.00000  0.00000         9  
0.00174 0.00240 nan     1000.0               10000.0                nan     11.34            5698.00            nan                nan                                  0.00000      0.00000  0.00000         9  
0.00174 0.00240 nan     10000.0               100000.0                nan     11.34            5698.00            nan                nan                                  0.00000      0.00000  0.00000         9  
0.00240 0.00329 0.00282     4.0               10.0                6.8     11.34            5698.00            3300.54                0.4859                                  78.32129      8.84993  1.27384         141613  
0.00240 0.00329 0.00286     10.0               100.0                16.0     11.34            5698.00            4327.08                0.4851                                  14.60337      3.82144  0.21373         165637  
0.00240 0.00329 nan     100.0               1000.0                nan     11.34            5698.00            nan                nan                                  0.00000      0.00000  0.00000         9  
0.00240 0.00329 nan     1000.0               10000.0                nan     11.34            5698.00            nan                nan                                  0.00000      0.00000  0.00000         9  
0.00240 0.00329 nan     10000.0               100000.0                nan     11.34            5698.00            nan                nan                                  0.00000      0.00000  0.00000         9  
0.00329 0.00452 0.00386     4.0               10.0                6.9     11.34            5698.00            3048.47                0.4088                                  166.60655      12.90762  1.74648         132355  
0.00329 0.00452 0.00391     10.0               100.0                19.3     11.34            5698.00            4113.96                0.4241                                  56.07179      7.48811  0.51218         263948  
0.00329 0.00452 nan     100.0               1000.0                nan     11.34            5698.00            nan                nan                                  0.00000      0.00000  0.00000         9  
0.00329 0.00452 nan     1000.0               10000.0                nan     11.34            5698.00            nan                nan                                  0.00000      0.00000  0.00000         9  
0.00329 0.00452 nan     10000.0               100000.0                nan     11.34            5698.00            nan                nan                                  0.00000      0.00000  0.00000         9  
0.00452 0.00621 0.00531     4.0               10.0                6.9     11.34            5698.00            2850.48                0.2220                                  243.16137      15.59363  1.64867         120373  
0.00452 0.00621 0.00537     10.0               100.0                24.0     11.34            5698.00            3956.98                0.2364                                  132.91540      11.52889  1.36569         374872  
0.00452 0.00621 nan     100.0               1000.0                nan     11.34            5698.00            nan                nan                                  0.00000      0.00000  0.00000         9  
0.00452 0.00621 nan     1000.0               10000.0                nan     11.34            5698.00            nan                nan                                  0.00000      0.00000  0.00000         9  
0.00452 0.00621 nan     10000.0               100000.0                nan     11.34            5698.00            nan                nan                                  0.00000      0.00000  0.00000         9  
0.00621 0.00853 0.00728     4.0               10.0                7.0     11.34            5698.00            2701.06                0.0484                                  344.10018      18.54994  4.86113         106352  
0.00621 0.00853 0.00736     10.0               100.0                30.3     11.34            5698.00            3838.36                0.0604                                  296.47363      17.21841  2.85123         501422  
0.00621 0.00853 nan     100.0               1000.0                nan     11.34            5698.00            nan                nan                                  0.00000      0.00000  0.00000         9  
0.00621 0.00853 nan     1000.0               10000.0                nan     11.34            5698.00            nan                nan                                  0.00000      0.00000  0.00000         9  
0.00621 0.00853 nan     10000.0               100000.0                nan     11.34            5698.00            nan                nan                                  0.00000      0.00000  0.00000         9  
0.00853 0.01172 0.01001     4.0               10.0                7.0     11.34            5698.00            2598.68                -0.0293                                  545.89566      23.36441  3.45936         92028  
0.00853 0.01172 0.01010     10.0               100.0                38.7     11.34            5698.00            3739.04                -0.0187                                  689.11807      26.25106  4.91204         637121  
0.00853 0.01172 0.01115     100.0               1000.0                105.5     11.34            5698.00            5404.27                -0.0913                                  0.03909      0.19771  0.00171         4062  
0.00853 0.01172 nan     1000.0               10000.0                nan     11.34            5698.00            nan                nan                                  0.00000      0.00000  0.00000         9  
0.00853 0.01172 nan     10000.0               100000.0                nan     11.34            5698.00            nan                nan                                  0.00000      0.00000  0.00000         9  
0.01172 0.01610 0.01373     4.0               10.0                7.0     11.34            5698.00            2522.31                -0.1921                                  675.31512      25.98683  11.52841         79545  
0.01172 0.01610 0.01383     10.0               100.0                45.4     11.34            5698.00            3568.68                -0.1783                                  1140.05489      33.76470  13.82096         734145  
0.01172 0.01610 0.01440     100.0               1000.0                115.8     11.34            5698.00            5034.11                -0.2547                                  1.80517      1.34357  0.02068         65026  
0.01172 0.01610 nan     1000.0               10000.0                nan     11.34            5698.00            nan                nan                                  0.00000      0.00000  0.00000         9  
0.01172 0.01610 nan     10000.0               100000.0                nan     11.34            5698.00            nan                nan                                  0.00000      0.00000  0.00000         9  
0.01610 0.02212 0.01884     4.0               10.0                7.1     11.34            5698.00            2463.63                -0.4221                                  691.28360      26.29227  16.47318         64860  
0.01610 0.02212 0.01895     10.0               100.0                49.3     11.34            5698.00            3340.27                -0.4061                                  1563.31781      39.53881  16.22353         757975  
0.01610 0.02212 0.01941     100.0               1000.0                131.4     11.34            5698.00            4675.86                -0.4633                                  17.23260      4.15122  0.24534         219309  
0.01610 0.02212 nan     1000.0               10000.0                nan     11.34            5698.00            nan                nan                                  0.00000      0.00000  0.00000         9  
0.01610 0.02212 nan     10000.0               100000.0                nan     11.34            5698.00            nan                nan                                  0.00000      0.00000  0.00000         9  
0.02212 0.03039 0.02582     4.0               10.0                7.3     11.34            5698.00            2424.81                -0.4958                                  955.79570      30.91595  25.36938         49024  
0.02212 0.03039 0.02599     10.0               100.0                51.5     11.34            5698.00            3120.45                -0.4673                                  2869.47900      53.56752  30.55378         728241  
0.02212 0.03039 0.02644     100.0               1000.0                153.4     11.34            5698.00            4391.15                -0.5349                                  100.96241      10.04801  0.54484         452898  
0.02212 0.03039 nan     1000.0               10000.0                nan     11.34            5698.00            nan                nan                                  0.00000      0.00000  0.00000         9  
0.02212 0.03039 nan     10000.0               100000.0                nan     11.34            5698.00            nan                nan                                  0.00000      0.00000  0.00000         9  
0.03039 0.04175 0.03535     4.0               10.0                7.4     11.34            5698.00            2376.75                -0.6345                                  1141.10316      33.78022  20.56649         33046  
0.03039 0.04175 0.03568     10.0               100.0                52.9     11.34            5698.00            2935.13                -0.6022                                  4232.17503      65.05517  44.80860         667163  
0.03039 0.04175 0.03618     100.0               1000.0                183.8     11.34            5698.00            4170.24                -0.6834                                  352.77140      18.78221  3.09759         745454  
0.03039 0.04175 nan     1000.0               10000.0                nan     11.34            5698.00            nan                nan                                  0.00000      0.00000  0.00000         9  
0.03039 0.04175 nan     10000.0               100000.0                nan     11.34            5698.00            nan                nan                                  0.00000      0.00000  0.00000         9  
0.04175 0.05736 0.04850     4.0               10.0                7.5     11.34            5698.00            2344.53                -0.9052                                  1056.39721      32.50226  44.07383         20118  
0.04175 0.05736 0.04896     10.0               100.0                54.1     11.34            5698.00            2785.05                -0.8859                                  4712.24968      68.64583  35.01926         588463  
0.04175 0.05736 0.04958     100.0               1000.0                226.1     11.34            5698.00            4001.83                -0.9670                                  785.31038      28.02339  4.79068         1082430  
0.04175 0.05736 nan     1000.0               10000.0                nan     11.34            5698.00            nan                nan                                  0.00000      0.00000  0.00000         9  
0.04175 0.05736 nan     10000.0               100000.0                nan     11.34            5698.00            nan                nan                                  0.00000      0.00000  0.00000         9  
0.05736 0.07880 0.06652     4.0               10.0                7.5     11.34            5698.00            2273.83                -0.9752                                  1350.42312      36.74810  66.50200         11808  
0.05736 0.07880 0.06722     10.0               100.0                55.5     11.34            5698.00            2674.21                -0.9510                                  6899.03852      83.06045  54.13717         503978  
0.05736 0.07880 0.06800     100.0               1000.0                285.1     11.34            5698.00            3881.02                -1.0438                                  2091.37258      45.73153  19.11025         1461509  
0.05736 0.07880 nan     1000.0               10000.0                nan     11.34            5698.00            nan                nan                                  0.00000      0.00000  0.00000         9  
0.05736 0.07880 nan     10000.0               100000.0                nan     11.34            5698.00            nan                nan                                  0.00000      0.00000  0.00000         9  
0.07880 0.10826 0.09158     4.0               10.0                7.4     11.34            5698.00            2252.20                -1.0996                                  1507.74022      38.82963  130.86704         7119  
0.07880 0.10826 0.09224     10.0               100.0                57.4     11.34            5698.00            2599.79                -1.0778                                  8936.84526      94.53489  83.80393         417955  
0.07880 0.10826 0.09330     100.0               1000.0                364.6     11.34            5698.00            3788.09                -1.1845                                  4381.89047      66.19585  14.34083         1873451  
0.07880 0.10826 0.10486     1000.0               10000.0                1035.6     11.34            5698.00            5520.72                -1.3736                                  0.02758      0.16607  0.00128         2738  
0.07880 0.10826 nan     10000.0               100000.0                nan     11.34            5698.00            nan                nan                                  0.00000      0.00000  0.00000         9  
0.10826 0.14874 0.12602     4.0               10.0                7.4     11.34            5698.00            2245.59                -1.3687                                  1340.61495      36.61441  130.83207         4522  
0.10826 0.14874 0.12666     10.0               100.0                59.6     11.34            5698.00            2543.33                -1.3817                                  8432.49184      91.82860  93.93935         334117  
0.10826 0.14874 0.12776     100.0               1000.0                440.8     11.34            5698.00            3651.90                -1.5040                                  5952.11370      77.14994  26.37200         2208889  
0.10826 0.14874 0.13441     1000.0               10000.0                1127.6     11.34            5698.00            5135.60                -1.6303                                  3.51299      1.87430  0.03319         122975  
0.10826 0.14874 nan     10000.0               100000.0                nan     11.34            5698.00            nan                nan                                  0.00000      0.00000  0.00000         9  
0.14874 0.20434 0.17288     4.0               10.0                7.3     11.34            5698.00            2231.54                -1.4743                                  1251.92847      35.38260  217.11441         2862  
0.14874 0.20434 0.17365     10.0               100.0                62.2     11.34            5698.00            2499.75                -1.4888                                  9851.71391      99.25580  105.51203         256521  
0.14874 0.20434 0.17500     100.0               1000.0                486.6     11.34            5698.00            3445.20                -1.6023                                  9785.47794      98.92157  65.26569         2296077  
0.14874 0.20434 0.17972     1000.0               10000.0                1266.8     11.34            5698.00            4772.32                -1.7223                                  53.69522      7.32770  0.46067         517826  
0.14874 0.20434 nan     10000.0               100000.0                nan     11.34            5698.00            nan                nan                                  0.00000      0.00000  0.00000         9  
0.20434 0.28072 0.23767     4.0               10.0                7.3     11.34            5698.00            2198.75                -1.6058                                  1275.34316      35.71195  272.85542         1925  
0.20434 0.28072 0.23822     10.0               100.0                64.9     11.34            5698.00            2476.19                -1.6280                                  11291.66886      106.26226  153.65882         183350  
0.20434 0.28072 0.23992     100.0               1000.0                513.1     11.34            5698.00            3240.64                -1.7439                                  14807.26764      121.68512  50.35989         2165911  
0.20434 0.28072 0.24443     1000.0               10000.0                1466.1     11.34            5698.00            4474.62                -1.8916                                  297.87211      17.25897  1.70634         1134320  
0.20434 0.28072 nan     10000.0               100000.0                nan     11.34            5698.00            nan                nan                                  0.00000      0.00000  0.00000         9  
0.28072 0.38566 0.32746     4.0               10.0                7.3     11.34            5698.00            2136.59                -1.8996                                  1052.99472      32.44988  142.27629         1301  
0.28072 0.38566 0.32665     10.0               100.0                66.7     11.34            5698.00            2448.06                -1.9526                                  8747.16643      93.52629  175.80222         121803  
0.28072 0.38566 0.32888     100.0               1000.0                528.7     11.34            5698.00            3070.35                -2.0917                                  14017.92340      118.39731  49.37163         1895792  
0.28072 0.38566 0.33382     1000.0               10000.0                1744.8     11.34            5698.00            4249.57                -2.2960                                  669.78742      25.88025  3.40193         1846241  
0.28072 0.38566 nan     10000.0               100000.0                nan     11.34            5698.00            nan                nan                                  0.00000      0.00000  0.00000         9  
0.38566 0.52983 0.44751     4.0               10.0                7.2     11.34            5698.00            2195.79                -2.1466                                  665.67673      25.80071  162.55872         932  
0.38566 0.52983 0.44768     10.0               100.0                67.2     11.34            5698.00            2418.34                -2.2492                                  6827.96644      82.63151  204.59848         74787  
0.38566 0.52983 0.45095     100.0               1000.0                539.9     11.34            5698.00            2945.60                -2.4040                                  13412.15579      115.81086  67.67082         1538222  
0.38566 0.52983 0.45650     1000.0               10000.0                2126.3     11.34            5698.00            4078.01                -2.6456                                  1429.41108      37.80755  7.59091         2481768  
0.38566 0.52983 nan     10000.0               100000.0                nan     11.34            5698.00            nan                nan                                  0.00000      0.00000  0.00000         9  
0.52983 0.72790 0.61801     4.0               10.0                7.3     11.34            5698.00            2156.89                -2.3058                                  496.92916      22.29191  67.46144         644  
0.52983 0.72790 0.61557     10.0               100.0                66.4     11.34            5698.00            2381.99                -2.4053                                  7271.98866      85.27596  251.86822         44910  
0.52983 0.72790 0.61817     100.0               1000.0                547.8     11.34            5698.00            2865.15                -2.5608                                  16389.39598      128.02108  126.64380         1149748  
0.52983 0.72790 0.62407     1000.0               10000.0                2633.0     11.34            5698.00            3953.42                -2.8307                                  3208.88770      56.64704  15.37451         2809043  
0.52983 0.72790 nan     10000.0               100000.0                nan     11.34            5698.00            nan                nan                                  0.00000      0.00000  0.00000         9  
0.72790 1.00000 0.84645     4.0               10.0                7.2     11.34            5698.00            2161.37                -2.6966                                  299.82028      17.31532  122.29496         471  
0.72790 1.00000 0.84648     10.0               100.0                65.3     11.34            5698.00            2363.51                -2.8022                                  4302.66470      65.59470  110.10798         27342  
0.72790 1.00000 0.84717     100.0               1000.0                554.2     11.34            5698.00            2834.28                -2.9576                                  10590.00893      102.90777  71.50263         788040  
0.72790 1.00000 0.85156     1000.0               10000.0                3229.0     11.34            5698.00            3868.41                -3.2600                                  3392.16341      58.24228  23.06338         2564002  
0.72790 1.00000 0.98870     10000.0               100000.0                10131.4     11.34            5698.00            5638.40                -4.9467                                  0.00000      0.00164  0.00000         126  
