Experiment = FASERv2 | Neutrino = 14 | Exp. Target density (nucleons / cm3) = 10^(25.1) | Exp. Target Length = 200 cm | Total Events = 108790.8 |            del_theta = 1.0 mrad, theta_max = 463.6 mrad |            del_Elepton = 30.0 % , Elepton_min = 100.00 GeV, Elepton_max = 5698.00 GeV|            del_Ehadron = 50.0 %, Ehadron_min = 100.00 GeV GeV, Ehadron_max = 5698.00 GeV
x_lower         x_upper         x_avg          Q2_lower[GeV^2]      Q2_upper[GeV^2]      Q2_avg[GeV^2]       E_nu_lower[GeV]      E_nu_upper[GeV]      E_nu_avg[GeV]       d^sigma/dxdQ2(x_avg,Q2_avg,Enu_avg) / GeV^-2           N_events        N_events_errs = Sqrt[N_events]      N_sys_errs          MC_Samples 
1.000000e-04    1.373824e-04    nan            4.000000e+00         1.000000e+01         nan                 1.133635e+01         5.698000e+03         nan                 nan                                                    0.000000e+00    0.000000e+00                       0.0                 2.561317e-01 
1.000000e-04    1.373824e-04    nan            1.000000e+01         1.000000e+02         nan                 1.133635e+01         5.698000e+03         nan                 nan                                                    0.000000e+00    0.000000e+00                       0.0                 2.561317e-01 
1.000000e-04    1.373824e-04    nan            1.000000e+02         1.000000e+03         nan                 1.133635e+01         5.698000e+03         nan                 nan                                                    0.000000e+00    0.000000e+00                       0.0                 2.561317e-01 
1.000000e-04    1.373824e-04    nan            1.000000e+03         1.000000e+04         nan                 1.133635e+01         5.698000e+03         nan                 nan                                                    0.000000e+00    0.000000e+00                       0.0                 2.561317e-01 
1.000000e-04    1.373824e-04    nan            1.000000e+04         1.000000e+05         nan                 1.133635e+01         5.698000e+03         nan                 nan                                                    0.000000e+00    0.000000e+00                       0.0                 2.561317e-01 
1.373824e-04    1.887392e-04    nan            4.000000e+00         1.000000e+01         nan                 1.133635e+01         5.698000e+03         nan                 nan                                                    0.000000e+00    0.000000e+00                       0.0                 2.561317e-01 
1.373824e-04    1.887392e-04    nan            1.000000e+01         1.000000e+02         nan                 1.133635e+01         5.698000e+03         nan                 nan                                                    0.000000e+00    0.000000e+00                       0.0                 2.561317e-01 
1.373824e-04    1.887392e-04    nan            1.000000e+02         1.000000e+03         nan                 1.133635e+01         5.698000e+03         nan                 nan                                                    0.000000e+00    0.000000e+00                       0.0                 2.561317e-01 
1.373824e-04    1.887392e-04    nan            1.000000e+03         1.000000e+04         nan                 1.133635e+01         5.698000e+03         nan                 nan                                                    0.000000e+00    0.000000e+00                       0.0                 2.561317e-01 
1.373824e-04    1.887392e-04    nan            1.000000e+04         1.000000e+05         nan                 1.133635e+01         5.698000e+03         nan                 nan                                                    0.000000e+00    0.000000e+00                       0.0                 2.561317e-01 
1.887392e-04    2.592944e-04    nan            4.000000e+00         1.000000e+01         nan                 1.133635e+01         5.698000e+03         nan                 nan                                                    0.000000e+00    0.000000e+00                       0.0                 2.561317e-01 
1.887392e-04    2.592944e-04    nan            1.000000e+01         1.000000e+02         nan                 1.133635e+01         5.698000e+03         nan                 nan                                                    0.000000e+00    0.000000e+00                       0.0                 2.561317e-01 
1.887392e-04    2.592944e-04    nan            1.000000e+02         1.000000e+03         nan                 1.133635e+01         5.698000e+03         nan                 nan                                                    0.000000e+00    0.000000e+00                       0.0                 2.561317e-01 
1.887392e-04    2.592944e-04    nan            1.000000e+03         1.000000e+04         nan                 1.133635e+01         5.698000e+03         nan                 nan                                                    0.000000e+00    0.000000e+00                       0.0                 2.561317e-01 
1.887392e-04    2.592944e-04    nan            1.000000e+04         1.000000e+05         nan                 1.133635e+01         5.698000e+03         nan                 nan                                                    0.000000e+00    0.000000e+00                       0.0                 2.561317e-01 
2.592944e-04    3.562248e-04    nan            4.000000e+00         1.000000e+01         nan                 1.133635e+01         5.698000e+03         nan                 nan                                                    0.000000e+00    0.000000e+00                       0.0                 2.561317e-01 
2.592944e-04    3.562248e-04    nan            1.000000e+01         1.000000e+02         nan                 1.133635e+01         5.698000e+03         nan                 nan                                                    0.000000e+00    0.000000e+00                       0.0                 2.561317e-01 
2.592944e-04    3.562248e-04    nan            1.000000e+02         1.000000e+03         nan                 1.133635e+01         5.698000e+03         nan                 nan                                                    0.000000e+00    0.000000e+00                       0.0                 2.561317e-01 
2.592944e-04    3.562248e-04    nan            1.000000e+03         1.000000e+04         nan                 1.133635e+01         5.698000e+03         nan                 nan                                                    0.000000e+00    0.000000e+00                       0.0                 2.561317e-01 
2.592944e-04    3.562248e-04    nan            1.000000e+04         1.000000e+05         nan                 1.133635e+01         5.698000e+03         nan                 nan                                                    0.000000e+00    0.000000e+00                       0.0                 2.561317e-01 
3.562248e-04    4.893901e-04    4.556824e-04   4.000000e+00         1.000000e+01         4.271076e+00        1.133635e+01         5.698000e+03         5.299307e+03        1.708050e+01                                           6.479406e-05    8.049476e-03                       0.000128317         6.260997e-01 
3.562248e-04    4.893901e-04    nan            1.000000e+01         1.000000e+02         nan                 1.133635e+01         5.698000e+03         nan                 nan                                                    0.000000e+00    0.000000e+00                       0.0                 2.561317e-01 
3.562248e-04    4.893901e-04    nan            1.000000e+02         1.000000e+03         nan                 1.133635e+01         5.698000e+03         nan                 nan                                                    0.000000e+00    0.000000e+00                       0.0                 2.561317e-01 
3.562248e-04    4.893901e-04    nan            1.000000e+03         1.000000e+04         nan                 1.133635e+01         5.698000e+03         nan                 nan                                                    0.000000e+00    0.000000e+00                       0.0                 2.561317e-01 
3.562248e-04    4.893901e-04    nan            1.000000e+04         1.000000e+05         nan                 1.133635e+01         5.698000e+03         nan                 nan                                                    0.000000e+00    0.000000e+00                       0.0                 2.561317e-01 
4.893901e-04    6.723358e-04    5.918899e-04   4.000000e+00         1.000000e+01         4.664809e+00        1.133635e+01         5.698000e+03         4.962023e+03        1.427094e+01                                           3.923633e-02    1.980816e-01                       0.0116741           6.403293e+00 
4.893901e-04    6.723358e-04    nan            1.000000e+01         1.000000e+02         nan                 1.133635e+01         5.698000e+03         nan                 nan                                                    0.000000e+00    0.000000e+00                       0.0                 2.561317e-01 
4.893901e-04    6.723358e-04    nan            1.000000e+02         1.000000e+03         nan                 1.133635e+01         5.698000e+03         nan                 nan                                                    0.000000e+00    0.000000e+00                       0.0                 2.561317e-01 
4.893901e-04    6.723358e-04    nan            1.000000e+03         1.000000e+04         nan                 1.133635e+01         5.698000e+03         nan                 nan                                                    0.000000e+00    0.000000e+00                       0.0                 2.561317e-01 
4.893901e-04    6.723358e-04    nan            1.000000e+04         1.000000e+05         nan                 1.133635e+01         5.698000e+03         nan                 nan                                                    0.000000e+00    0.000000e+00                       0.0                 2.561317e-01 
6.723358e-04    9.236709e-04    8.134274e-04   4.000000e+00         1.000000e+01         5.536311e+00        1.133635e+01         5.698000e+03         4.680750e+03        8.107410e+00                                           3.888320e-01    6.235639e-01                       0.116129            1.596554e+01 
6.723358e-04    9.236709e-04    nan            1.000000e+01         1.000000e+02         nan                 1.133635e+01         5.698000e+03         nan                 nan                                                    0.000000e+00    0.000000e+00                       0.0                 2.561317e-01 
6.723358e-04    9.236709e-04    nan            1.000000e+02         1.000000e+03         nan                 1.133635e+01         5.698000e+03         nan                 nan                                                    0.000000e+00    0.000000e+00                       0.0                 2.561317e-01 
6.723358e-04    9.236709e-04    nan            1.000000e+03         1.000000e+04         nan                 1.133635e+01         5.698000e+03         nan                 nan                                                    0.000000e+00    0.000000e+00                       0.0                 2.561317e-01 
6.723358e-04    9.236709e-04    nan            1.000000e+04         1.000000e+05         nan                 1.133635e+01         5.698000e+03         nan                 nan                                                    0.000000e+00    0.000000e+00                       0.0                 2.561317e-01 
9.236709e-04    1.268961e-03    1.096264e-03   4.000000e+00         1.000000e+01         6.414412e+00        1.133635e+01         5.698000e+03         4.495502e+03        7.568895e+00                                           2.118760e+00    1.455596e+00                       0.361613            2.860137e+01 
9.236709e-04    1.268961e-03    1.188863e-03   1.000000e+01         1.000000e+02         1.096498e+01        1.133635e+01         5.698000e+03         5.402608e+03        7.166064e+00                                           3.842151e-04    1.960141e-02                       0.00072653          7.683951e-01 
9.236709e-04    1.268961e-03    nan            1.000000e+02         1.000000e+03         nan                 1.133635e+01         5.698000e+03         nan                 nan                                                    0.000000e+00    0.000000e+00                       0.0                 2.561317e-01 
9.236709e-04    1.268961e-03    nan            1.000000e+03         1.000000e+04         nan                 1.133635e+01         5.698000e+03         nan                 nan                                                    0.000000e+00    0.000000e+00                       0.0                 2.561317e-01 
9.236709e-04    1.268961e-03    nan            1.000000e+04         1.000000e+05         nan                 1.133635e+01         5.698000e+03         nan                 nan                                                    0.000000e+00    0.000000e+00                       0.0                 2.561317e-01 
1.268961e-03    1.743329e-03    1.495545e-03   4.000000e+00         1.000000e+01         6.780243e+00        1.133635e+01         5.698000e+03         4.125692e+03        6.303912e+00                                           7.332292e+00    2.707821e+00                       1.15063             3.366709e+01 
1.268961e-03    1.743329e-03    1.542539e-03   1.000000e+01         1.000000e+02         1.220580e+01        1.133635e+01         5.698000e+03         5.019757e+03        5.965397e+00                                           1.402552e-01    3.745066e-01                       0.0290918           9.363037e+00 
1.268961e-03    1.743329e-03    nan            1.000000e+02         1.000000e+03         nan                 1.133635e+01         5.698000e+03         nan                 nan                                                    0.000000e+00    0.000000e+00                       0.0                 2.561317e-01 
1.268961e-03    1.743329e-03    nan            1.000000e+03         1.000000e+04         nan                 1.133635e+01         5.698000e+03         nan                 nan                                                    0.000000e+00    0.000000e+00                       0.0                 2.561317e-01 
1.268961e-03    1.743329e-03    nan            1.000000e+04         1.000000e+05         nan                 1.133635e+01         5.698000e+03         nan                 nan                                                    0.000000e+00    0.000000e+00                       0.0                 2.561317e-01 
1.743329e-03    2.395027e-03    2.051780e-03   4.000000e+00         1.000000e+01         6.807113e+00        1.133635e+01         5.698000e+03         3.826549e+03        3.852351e+00                                           1.843878e+01    4.294040e+00                       1.4059              3.702526e+01 
1.743329e-03    2.395027e-03    2.088980e-03   1.000000e+01         1.000000e+02         1.415979e+01        1.133635e+01         5.698000e+03         4.737614e+03        3.543878e+00                                           1.534398e+00    1.238708e+00                       0.247791            2.680845e+01 
1.743329e-03    2.395027e-03    nan            1.000000e+02         1.000000e+03         nan                 1.133635e+01         5.698000e+03         nan                 nan                                                    0.000000e+00    0.000000e+00                       0.0                 2.561317e-01 
1.743329e-03    2.395027e-03    nan            1.000000e+03         1.000000e+04         nan                 1.133635e+01         5.698000e+03         nan                 nan                                                    0.000000e+00    0.000000e+00                       0.0                 2.561317e-01 
1.743329e-03    2.395027e-03    nan            1.000000e+04         1.000000e+05         nan                 1.133635e+01         5.698000e+03         nan                 nan                                                    0.000000e+00    0.000000e+00                       0.0                 2.561317e-01 
2.395027e-03    3.290345e-03    2.811752e-03   4.000000e+00         1.000000e+01         6.963788e+00        1.133635e+01         5.698000e+03         3.465412e+03        3.105116e+00                                           4.465293e+01    6.682285e+00                       3.27862             3.150420e+01 
2.395027e-03    3.290345e-03    2.841487e-03   1.000000e+01         1.000000e+02         1.681474e+01        1.133635e+01         5.698000e+03         4.546685e+03        3.118198e+00                                           6.824636e+00    2.612400e+00                       0.541871            4.997414e+01 
2.395027e-03    3.290345e-03    nan            1.000000e+02         1.000000e+03         nan                 1.133635e+01         5.698000e+03         nan                 nan                                                    0.000000e+00    0.000000e+00                       0.0                 2.561317e-01 
2.395027e-03    3.290345e-03    nan            1.000000e+03         1.000000e+04         nan                 1.133635e+01         5.698000e+03         nan                 nan                                                    0.000000e+00    0.000000e+00                       0.0                 2.561317e-01 
2.395027e-03    3.290345e-03    nan            1.000000e+04         1.000000e+05         nan                 1.133635e+01         5.698000e+03         nan                 nan                                                    0.000000e+00    0.000000e+00                       0.0                 2.561317e-01 
3.290345e-03    4.520354e-03    3.870771e-03   4.000000e+00         1.000000e+01         6.925554e+00        1.133635e+01         5.698000e+03         3.356970e+03        2.627895e+00                                           8.976158e+01    9.474259e+00                       11.3605             2.766223e+01 
3.290345e-03    4.520354e-03    3.911483e-03   1.000000e+01         1.000000e+02         2.036063e+01        1.133635e+01         5.698000e+03         4.321413e+03        2.717464e+00                                           3.192607e+01    5.650316e+00                       3.41254             7.493276e+01 
3.290345e-03    4.520354e-03    nan            1.000000e+02         1.000000e+03         nan                 1.133635e+01         5.698000e+03         nan                 nan                                                    0.000000e+00    0.000000e+00                       0.0                 2.561317e-01 
3.290345e-03    4.520354e-03    nan            1.000000e+03         1.000000e+04         nan                 1.133635e+01         5.698000e+03         nan                 nan                                                    0.000000e+00    0.000000e+00                       0.0                 2.561317e-01 
3.290345e-03    4.520354e-03    nan            1.000000e+04         1.000000e+05         nan                 1.133635e+01         5.698000e+03         nan                 nan                                                    0.000000e+00    0.000000e+00                       0.0                 2.561317e-01 
4.520354e-03    6.210169e-03    5.304827e-03   4.000000e+00         1.000000e+01         6.944895e+00        1.133635e+01         5.698000e+03         3.327011e+03        1.724656e+00                                           1.009521e+02    1.004749e+01                       17.6888             2.589776e+01 
4.520354e-03    6.210169e-03    5.371812e-03   1.000000e+01         1.000000e+02         2.543271e+01        1.133635e+01         5.698000e+03         4.198250e+03        1.735296e+00                                           6.610862e+01    8.130721e+00                       7.31463             9.787077e+01 
4.520354e-03    6.210169e-03    nan            1.000000e+02         1.000000e+03         nan                 1.133635e+01         5.698000e+03         nan                 nan                                                    0.000000e+00    0.000000e+00                       0.0                 2.561317e-01 
4.520354e-03    6.210169e-03    nan            1.000000e+03         1.000000e+04         nan                 1.133635e+01         5.698000e+03         nan                 nan                                                    0.000000e+00    0.000000e+00                       0.0                 2.561317e-01 
4.520354e-03    6.210169e-03    nan            1.000000e+04         1.000000e+05         nan                 1.133635e+01         5.698000e+03         nan                 nan                                                    0.000000e+00    0.000000e+00                       0.0                 2.561317e-01 
6.210169e-03    8.531679e-03    7.295512e-03   4.000000e+00         1.000000e+01         6.977929e+00        1.133635e+01         5.698000e+03         3.162180e+03        1.151358e+00                                           1.398900e+02    1.182751e+01                       28.939              2.387717e+01 
6.210169e-03    8.531679e-03    7.389160e-03   1.000000e+01         1.000000e+02         3.280483e+01        1.133635e+01         5.698000e+03         4.088036e+03        1.158571e+00                                           1.723712e+02    1.312902e+01                       12.3032             1.310256e+02 
6.210169e-03    8.531679e-03    nan            1.000000e+02         1.000000e+03         nan                 1.133635e+01         5.698000e+03         nan                 nan                                                    0.000000e+00    0.000000e+00                       0.0                 2.561317e-01 
6.210169e-03    8.531679e-03    nan            1.000000e+03         1.000000e+04         nan                 1.133635e+01         5.698000e+03         nan                 nan                                                    0.000000e+00    0.000000e+00                       0.0                 2.561317e-01 
6.210169e-03    8.531679e-03    nan            1.000000e+04         1.000000e+05         nan                 1.133635e+01         5.698000e+03         nan                 nan                                                    0.000000e+00    0.000000e+00                       0.0                 2.561317e-01 
8.531679e-03    1.172102e-02    1.002205e-02   4.000000e+00         1.000000e+01         6.780875e+00        1.133635e+01         5.698000e+03         3.059667e+03        9.560133e-01                                           2.680291e+02    1.637159e+01                       56.284              2.171428e+01 
8.531679e-03    1.172102e-02    1.011565e-02   1.000000e+01         1.000000e+02         4.138733e+01        1.133635e+01         5.698000e+03         3.977649e+03        9.711215e-01                                           4.413342e+02    2.100796e+01                       34.7494             1.671686e+02 
8.531679e-03    1.172102e-02    1.112656e-02   1.000000e+02         1.000000e+03         1.051860e+02        1.133635e+01         5.698000e+03         5.393831e+03        8.192873e-01                                           3.337093e-03    5.776758e-02                       0.001676            1.593708e+00 
8.531679e-03    1.172102e-02    nan            1.000000e+03         1.000000e+04         nan                 1.133635e+01         5.698000e+03         nan                 nan                                                    0.000000e+00    0.000000e+00                       0.0                 2.561317e-01 
8.531679e-03    1.172102e-02    nan            1.000000e+04         1.000000e+05         nan                 1.133635e+01         5.698000e+03         nan                 nan                                                    0.000000e+00    0.000000e+00                       0.0                 2.561317e-01 
1.172102e-02    1.610262e-02    1.369243e-02   4.000000e+00         1.000000e+01         6.861766e+00        1.133635e+01         5.698000e+03         3.016063e+03        6.618641e-01                                           3.258213e+02    1.805052e+01                       50.4911             1.966522e+01 
1.172102e-02    1.610262e-02    1.380386e-02   1.000000e+01         1.000000e+02         4.782706e+01        1.133635e+01         5.698000e+03         3.843315e+03        6.835309e-01                                           7.249352e+02    2.692462e+01                       64.3373             1.784100e+02 
1.172102e-02    1.610262e-02    1.432603e-02   1.000000e+02         1.000000e+03         1.164995e+02        1.133635e+01         5.698000e+03         5.053649e+03        5.686222e-01                                           1.180877e+00    1.086682e+00                       0.13548             2.319415e+01 
1.172102e-02    1.610262e-02    nan            1.000000e+03         1.000000e+04         nan                 1.133635e+01         5.698000e+03         nan                 nan                                                    0.000000e+00    0.000000e+00                       0.0                 2.561317e-01 
1.172102e-02    1.610262e-02    nan            1.000000e+04         1.000000e+05         nan                 1.133635e+01         5.698000e+03         nan                 nan                                                    0.000000e+00    0.000000e+00                       0.0                 2.561317e-01 
1.610262e-02    2.212216e-02    1.900093e-02   4.000000e+00         1.000000e+01         6.964668e+00        1.133635e+01         5.698000e+03         2.809159e+03        3.861481e-01                                           4.057355e+02    2.014288e+01                       47.3583             1.770155e+01 
1.610262e-02    2.212216e-02    1.896531e-02   1.000000e+01         1.000000e+02         4.945536e+01        1.133635e+01         5.698000e+03         3.593935e+03        4.084367e-01                                           9.641940e+02    3.105147e+01                       60.5808             1.848417e+02 
1.610262e-02    2.212216e-02    1.930250e-02   1.000000e+02         1.000000e+03         1.346450e+02        1.133635e+01         5.698000e+03         4.779911e+03        3.510860e-01                                           1.102986e+01    3.321123e+00                       0.867456            6.724880e+01 
1.610262e-02    2.212216e-02    nan            1.000000e+03         1.000000e+04         nan                 1.133635e+01         5.698000e+03         nan                 nan                                                    0.000000e+00    0.000000e+00                       0.0                 2.561317e-01 
1.610262e-02    2.212216e-02    nan            1.000000e+04         1.000000e+05         nan                 1.133635e+01         5.698000e+03         nan                 nan                                                    0.000000e+00    0.000000e+00                       0.0                 2.561317e-01 
2.212216e-02    3.039195e-02    2.550188e-02   4.000000e+00         1.000000e+01         7.521570e+00        1.133635e+01         5.698000e+03         3.045386e+03        3.320906e-01                                           3.009931e+02    1.734915e+01                       63.7581             1.223740e+01 
2.212216e-02    3.039195e-02    2.600931e-02   1.000000e+01         1.000000e+02         5.124243e+01        1.133635e+01         5.698000e+03         3.435631e+03        3.558015e-01                                           1.773148e+03    4.210876e+01                       105.675             1.736573e+02 
2.212216e-02    3.039195e-02    2.651426e-02   1.000000e+02         1.000000e+03         1.604519e+02        1.133635e+01         5.698000e+03         4.517537e+03        2.957382e-01                                           7.653486e+01    8.748420e+00                       2.70552             1.389088e+02 
2.212216e-02    3.039195e-02    nan            1.000000e+03         1.000000e+04         nan                 1.133635e+01         5.698000e+03         nan                 nan                                                    0.000000e+00    0.000000e+00                       0.0                 2.561317e-01 
2.212216e-02    3.039195e-02    nan            1.000000e+04         1.000000e+05         nan                 1.133635e+01         5.698000e+03         nan                 nan                                                    0.000000e+00    0.000000e+00                       0.0                 2.561317e-01 
3.039195e-02    4.175319e-02    3.493101e-02   4.000000e+00         1.000000e+01         8.190602e+00        1.133635e+01         5.698000e+03         2.846737e+03        2.440864e-01                                           2.648356e+02    1.627377e+01                       44.7555             7.797788e+00 
3.039195e-02    4.175319e-02    3.569765e-02   1.000000e+01         1.000000e+02         5.278418e+01        1.133635e+01         5.698000e+03         3.300821e+03        2.600363e-01                                           2.590644e+03    5.089837e+01                       102.734             1.668556e+02 
3.039195e-02    4.175319e-02    3.616179e-02   1.000000e+02         1.000000e+03         1.961862e+02        1.133635e+01         5.698000e+03         4.319179e+03        2.095687e-01                                           2.699618e+02    1.643052e+01                       7.99519             2.194195e+02 
3.039195e-02    4.175319e-02    nan            1.000000e+03         1.000000e+04         nan                 1.133635e+01         5.698000e+03         nan                 nan                                                    0.000000e+00    0.000000e+00                       0.0                 2.561317e-01 
3.039195e-02    4.175319e-02    nan            1.000000e+04         1.000000e+05         nan                 1.133635e+01         5.698000e+03         nan                 nan                                                    0.000000e+00    0.000000e+00                       0.0                 2.561317e-01 
4.175319e-02    5.736153e-02    4.507446e-02   4.000000e+00         1.000000e+01         9.112689e+00        1.133635e+01         5.698000e+03         2.562406e+03        1.448257e-01                                           1.901128e+01    4.360192e+00                       24.6502             1.992136e+00 
4.175319e-02    5.736153e-02    4.909647e-02   1.000000e+01         1.000000e+02         5.545741e+01        1.133635e+01         5.698000e+03         3.180921e+03        1.347851e-01                                           2.667952e+03    5.165222e+01                       106.255             1.518292e+02 
4.175319e-02    5.736153e-02    4.953453e-02   1.000000e+02         1.000000e+03         2.393005e+02        1.133635e+01         5.698000e+03         4.187963e+03        1.099836e-01                                           5.640674e+02    2.375010e+01                       16.338              2.859568e+02 
4.175319e-02    5.736153e-02    nan            1.000000e+03         1.000000e+04         nan                 1.133635e+01         5.698000e+03         nan                 nan                                                    0.000000e+00    0.000000e+00                       0.0                 2.561317e-01 
4.175319e-02    5.736153e-02    nan            1.000000e+04         1.000000e+05         nan                 1.133635e+01         5.698000e+03         nan                 nan                                                    0.000000e+00    0.000000e+00                       0.0                 2.561317e-01 
5.736153e-02    7.880463e-02    nan            4.000000e+00         1.000000e+01         nan                 1.133635e+01         5.698000e+03         nan                 nan                                                    0.000000e+00    0.000000e+00                       0.0                 2.561317e-01 
5.736153e-02    7.880463e-02    6.718624e-02   1.000000e+01         1.000000e+02         5.493036e+01        1.133635e+01         5.698000e+03         3.124400e+03        1.160483e-01                                           4.235350e+03    6.507957e+01                       209.278             1.257607e+02 
5.736153e-02    7.880463e-02    6.811392e-02   1.000000e+02         1.000000e+03         3.092783e+02        1.133635e+01         5.698000e+03         4.076064e+03        9.131688e-02                                           1.512303e+03    3.888834e+01                       33.9433             3.897756e+02 
5.736153e-02    7.880463e-02    nan            1.000000e+03         1.000000e+04         nan                 1.133635e+01         5.698000e+03         nan                 nan                                                    0.000000e+00    0.000000e+00                       0.0                 2.561317e-01 
5.736153e-02    7.880463e-02    nan            1.000000e+04         1.000000e+05         nan                 1.133635e+01         5.698000e+03         nan                 nan                                                    0.000000e+00    0.000000e+00                       0.0                 2.561317e-01 
7.880463e-02    1.082637e-01    nan            4.000000e+00         1.000000e+01         nan                 1.133635e+01         5.698000e+03         nan                 nan                                                    0.000000e+00    0.000000e+00                       0.0                 2.561317e-01 
7.880463e-02    1.082637e-01    9.237104e-02   1.000000e+01         1.000000e+02         5.768685e+01        1.133635e+01         5.698000e+03         2.993078e+03        8.593468e-02                                           5.014469e+03    7.081292e+01                       307.163             1.050994e+02 
7.880463e-02    1.082637e-01    9.340661e-02   1.000000e+02         1.000000e+03         3.939721e+02        1.133635e+01         5.698000e+03         4.025362e+03        6.599270e-02                                           3.278278e+03    5.725625e+01                       105.477             4.989730e+02 
7.880463e-02    1.082637e-01    1.056365e-01   1.000000e+03         1.000000e+04         1.034108e+03        1.133635e+01         5.698000e+03         5.493213e+03        4.259772e-02                                           1.122227e-03    3.349965e-02                       0.00135625          8.253133e-01 
7.880463e-02    1.082637e-01    nan            1.000000e+04         1.000000e+05         nan                 1.133635e+01         5.698000e+03         nan                 nan                                                    0.000000e+00    0.000000e+00                       0.0                 2.561317e-01 
1.082637e-01    1.487352e-01    nan            4.000000e+00         1.000000e+01         nan                 1.133635e+01         5.698000e+03         nan                 nan                                                    0.000000e+00    0.000000e+00                       0.0                 2.561317e-01 
1.082637e-01    1.487352e-01    1.262451e-01   1.000000e+01         1.000000e+02         6.190294e+01        1.133635e+01         5.698000e+03         3.096419e+03        4.311168e-02                                           3.567809e+03    5.973114e+01                       295.355             8.275900e+01 
1.082637e-01    1.487352e-01    1.275779e-01   1.000000e+02         1.000000e+03         4.668107e+02        1.133635e+01         5.698000e+03         3.889627e+03        3.174984e-02                                           4.257377e+03    6.524858e+01                       104.961             5.651689e+02 
1.082637e-01    1.487352e-01    1.321567e-01   1.000000e+03         1.000000e+04         1.129705e+03        1.133635e+01         5.698000e+03         5.179392e+03        2.392401e-02                                           2.390074e+00    1.545986e+00                       0.201812            4.894962e+01 
1.082637e-01    1.487352e-01    nan            1.000000e+04         1.000000e+05         nan                 1.133635e+01         5.698000e+03         nan                 nan                                                    0.000000e+00    0.000000e+00                       0.0                 2.561317e-01 
1.487352e-01    2.043360e-01    nan            4.000000e+00         1.000000e+01         nan                 1.133635e+01         5.698000e+03         nan                 nan                                                    0.000000e+00    0.000000e+00                       0.0                 2.561317e-01 
1.487352e-01    2.043360e-01    1.733432e-01   1.000000e+01         1.000000e+02         6.610327e+01        1.133635e+01         5.698000e+03         3.092825e+03        3.322088e-02                                           3.258110e+03    5.707986e+01                       240.198             6.013403e+01 
1.487352e-01    2.043360e-01    1.750084e-01   1.000000e+02         1.000000e+03         4.921703e+02        1.133635e+01         5.698000e+03         3.624877e+03        2.546821e-02                                           7.682750e+03    8.765130e+01                       164.438             5.851187e+02 
1.487352e-01    2.043360e-01    1.801012e-01   1.000000e+03         1.000000e+04         1.311420e+03        1.133635e+01         5.698000e+03         4.859069e+03        1.894432e-02                                           3.858427e+01    6.211624e+00                       1.79251             1.714944e+02 
1.487352e-01    2.043360e-01    nan            1.000000e+04         1.000000e+05         nan                 1.133635e+01         5.698000e+03         nan                 nan                                                    0.000000e+00    0.000000e+00                       0.0                 2.561317e-01 
2.043360e-01    2.807216e-01    nan            4.000000e+00         1.000000e+01         nan                 1.133635e+01         5.698000e+03         nan                 nan                                                    0.000000e+00    0.000000e+00                       0.0                 2.561317e-01 
2.043360e-01    2.807216e-01    2.379281e-01   1.000000e+01         1.000000e+02         7.353476e+01        1.133635e+01         5.698000e+03         3.094215e+03        2.400937e-02                                           3.265129e+03    5.714130e+01                       280.633             4.200560e+01 
2.043360e-01    2.807216e-01    2.400242e-01   1.000000e+02         1.000000e+03         5.196832e+02        1.133635e+01         5.698000e+03         3.478171e+03        1.839105e-02                                           1.106530e+04    1.051917e+02                       283.616             5.464997e+02 
2.043360e-01    2.807216e-01    2.434533e-01   1.000000e+03         1.000000e+04         1.525612e+03        1.133635e+01         5.698000e+03         4.572652e+03        1.285587e-02                                           2.293179e+02    1.514325e+01                       5.17725             3.530064e+02 
2.043360e-01    2.807216e-01    nan            1.000000e+04         1.000000e+05         nan                 1.133635e+01         5.698000e+03         nan                 nan                                                    0.000000e+00    0.000000e+00                       0.0                 2.561317e-01 
2.807216e-01    3.856620e-01    nan            4.000000e+00         1.000000e+01         nan                 1.133635e+01         5.698000e+03         nan                 nan                                                    0.000000e+00    0.000000e+00                       0.0                 2.561317e-01 
2.807216e-01    3.856620e-01    3.230086e-01   1.000000e+01         1.000000e+02         8.080490e+01        1.133635e+01         5.698000e+03         2.916846e+03        1.174096e-02                                           2.123309e+03    4.607937e+01                       215.131             2.669462e+01 
2.807216e-01    3.856620e-01    3.298185e-01   1.000000e+02         1.000000e+03         5.186757e+02        1.133635e+01         5.698000e+03         3.296379e+03        8.207813e-03                                           1.094014e+04    1.045951e+02                       271.783             5.148532e+02 
2.807216e-01    3.856620e-01    3.343599e-01   1.000000e+03         1.000000e+04         1.822807e+03        1.133635e+01         5.698000e+03         4.350844e+03        4.955413e-03                                           5.257680e+02    2.292963e+01                       6.05428             5.723405e+02 
2.807216e-01    3.856620e-01    nan            1.000000e+04         1.000000e+05         nan                 1.133635e+01         5.698000e+03         nan                 nan                                                    0.000000e+00    0.000000e+00                       0.0                 2.561317e-01 
3.856620e-01    5.298317e-01    nan            4.000000e+00         1.000000e+01         nan                 1.133635e+01         5.698000e+03         nan                 nan                                                    0.000000e+00    0.000000e+00                       0.0                 2.561317e-01 
3.856620e-01    5.298317e-01    4.323063e-01   1.000000e+01         1.000000e+02         9.062841e+01        1.133635e+01         5.698000e+03         2.773981e+03        5.649282e-03                                           6.088698e+02    2.467529e+01                       93.5585             7.769329e+00 
3.856620e-01    5.298317e-01    4.537465e-01   1.000000e+02         1.000000e+03         5.276816e+02        1.133635e+01         5.698000e+03         3.191461e+03        4.042511e-03                                           1.094949e+04    1.046398e+02                       135.346             4.595288e+02 
3.856620e-01    5.298317e-01    4.576733e-01   1.000000e+03         1.000000e+04         2.275981e+03        1.133635e+01         5.698000e+03         4.232800e+03        2.239177e-03                                           9.843244e+02    3.137394e+01                       10.9498             8.724131e+02 
3.856620e-01    5.298317e-01    nan            1.000000e+04         1.000000e+05         nan                 1.133635e+01         5.698000e+03         nan                 nan                                                    0.000000e+00    0.000000e+00                       0.0                 2.561317e-01 
5.298317e-01    7.278954e-01    nan            4.000000e+00         1.000000e+01         nan                 1.133635e+01         5.698000e+03         nan                 nan                                                    0.000000e+00    0.000000e+00                       0.0                 2.561317e-01 
5.298317e-01    7.278954e-01    nan            1.000000e+01         1.000000e+02         nan                 1.133635e+01         5.698000e+03         nan                 nan                                                    0.000000e+00    0.000000e+00                       0.0                 2.561317e-01 
5.298317e-01    7.278954e-01    6.225684e-01   1.000000e+02         1.000000e+03         5.456125e+02        1.133635e+01         5.698000e+03         3.105971e+03        2.792394e-03                                           1.151633e+04    1.073141e+02                       220.16              3.866166e+02 
5.298317e-01    7.278954e-01    6.277485e-01   1.000000e+03         1.000000e+04         2.869319e+03        1.133635e+01         5.698000e+03         4.122179e+03        1.451196e-03                                           2.418352e+03    4.917674e+01                       33.0723             1.142063e+03 
5.298317e-01    7.278954e-01    nan            1.000000e+04         1.000000e+05         nan                 1.133635e+01         5.698000e+03         nan                 nan                                                    0.000000e+00    0.000000e+00                       0.0                 2.561317e-01 
7.278954e-01    1.000000e+00    nan            4.000000e+00         1.000000e+01         nan                 1.133635e+01         5.698000e+03         nan                 nan                                                    0.000000e+00    0.000000e+00                       0.0                 2.561317e-01 
7.278954e-01    1.000000e+00    nan            1.000000e+01         1.000000e+02         nan                 1.133635e+01         5.698000e+03         nan                 nan                                                    0.000000e+00    0.000000e+00                       0.0                 2.561317e-01 
7.278954e-01    1.000000e+00    8.405597e-01   1.000000e+02         1.000000e+03         5.781969e+02        1.133635e+01         5.698000e+03         3.050860e+03        1.173434e-03                                           6.557377e+03    8.097763e+01                       151.518             2.951776e+02 
7.278954e-01    1.000000e+00    8.570627e-01   1.000000e+03         1.000000e+04         3.728627e+03        1.133635e+01         5.698000e+03         4.059463e+03        5.084377e-04                                           2.407804e+03    4.906937e+01                       31.9998             1.428333e+03 
7.278954e-01    1.000000e+00    9.836869e-01   1.000000e+04         1.000000e+05         1.007174e+04        1.133635e+01         5.698000e+03         5.632151e+03        1.656627e-05                                           0.000000e+00    0.000000e+00                       0.0                 2.561317e-01 
