Experiment = FASERv2 | Neutrino = -14 | Exp. Target density (nucleons / cm3) = 10^(25.1) | Exp. Target Length = 200 cm | Total Events = 29466.5
x_lower x_upper x_avg     Q2_lower[GeV^2] Q2_upper[GeV^2] Q2_avg[GeV^2] E_nu_lower[GeV] E_nu_upper[GeV] E_nu_avg[GeV] log10(d^sigma/dxdQ2(x_avg,Q2_avg,Enu_avg) / (pb / GeV^-2)) N_events N_events_errs = Sqrt[N_events] N_sys_errs MC_Samples
0.00010 0.00014 nan     4.0               10.0                nan     11.34            5698.00            nan                nan                                  0.00000      0.00000  0.00000         10  
0.00010 0.00014 nan     10.0               100.0                nan     11.34            5698.00            nan                nan                                  0.00000      0.00000  0.00000         10  
0.00010 0.00014 nan     100.0               1000.0                nan     11.34            5698.00            nan                nan                                  0.00000      0.00000  0.00000         10  
0.00010 0.00014 nan     1000.0               10000.0                nan     11.34            5698.00            nan                nan                                  0.00000      0.00000  0.00000         10  
0.00010 0.00014 nan     10000.0               100000.0                nan     11.34            5698.00            nan                nan                                  0.00000      0.00000  0.00000         10  
0.00014 0.00019 nan     4.0               10.0                nan     11.34            5698.00            nan                nan                                  0.00000      0.00000  0.00000         10  
0.00014 0.00019 nan     10.0               100.0                nan     11.34            5698.00            nan                nan                                  0.00000      0.00000  0.00000         10  
0.00014 0.00019 nan     100.0               1000.0                nan     11.34            5698.00            nan                nan                                  0.00000      0.00000  0.00000         10  
0.00014 0.00019 nan     1000.0               10000.0                nan     11.34            5698.00            nan                nan                                  0.00000      0.00000  0.00000         10  
0.00014 0.00019 nan     10000.0               100000.0                nan     11.34            5698.00            nan                nan                                  0.00000      0.00000  0.00000         10  
0.00019 0.00026 nan     4.0               10.0                nan     11.34            5698.00            nan                nan                                  0.00000      0.00000  0.00000         10  
0.00019 0.00026 nan     10.0               100.0                nan     11.34            5698.00            nan                nan                                  0.00000      0.00000  0.00000         10  
0.00019 0.00026 nan     100.0               1000.0                nan     11.34            5698.00            nan                nan                                  0.00000      0.00000  0.00000         10  
0.00019 0.00026 nan     1000.0               10000.0                nan     11.34            5698.00            nan                nan                                  0.00000      0.00000  0.00000         10  
0.00019 0.00026 nan     10000.0               100000.0                nan     11.34            5698.00            nan                nan                                  0.00000      0.00000  0.00000         10  
0.00026 0.00036 nan     4.0               10.0                nan     11.34            5698.00            nan                nan                                  0.00000      0.00000  0.00000         10  
0.00026 0.00036 nan     10.0               100.0                nan     11.34            5698.00            nan                nan                                  0.00000      0.00000  0.00000         10  
0.00026 0.00036 nan     100.0               1000.0                nan     11.34            5698.00            nan                nan                                  0.00000      0.00000  0.00000         10  
0.00026 0.00036 nan     1000.0               10000.0                nan     11.34            5698.00            nan                nan                                  0.00000      0.00000  0.00000         10  
0.00026 0.00036 nan     10000.0               100000.0                nan     11.34            5698.00            nan                nan                                  0.00000      0.00000  0.00000         10  
0.00036 0.00049 0.00046     4.0               10.0                4.3     11.34            5698.00            5306.07                1.2304                                  0.00004      0.00598  0.00000         2138  
0.00036 0.00049 nan     10.0               100.0                nan     11.34            5698.00            nan                nan                                  0.00000      0.00000  0.00000         10  
0.00036 0.00049 nan     100.0               1000.0                nan     11.34            5698.00            nan                nan                                  0.00000      0.00000  0.00000         10  
0.00036 0.00049 nan     1000.0               10000.0                nan     11.34            5698.00            nan                nan                                  0.00000      0.00000  0.00000         10  
0.00036 0.00049 nan     10000.0               100000.0                nan     11.34            5698.00            nan                nan                                  0.00000      0.00000  0.00000         10  
0.00049 0.00067 0.00060     4.0               10.0                4.7     11.34            5698.00            4924.21                1.1394                                  0.00596      0.07720  0.00104         19845  
0.00049 0.00067 nan     10.0               100.0                nan     11.34            5698.00            nan                nan                                  0.00000      0.00000  0.00000         10  
0.00049 0.00067 nan     100.0               1000.0                nan     11.34            5698.00            nan                nan                                  0.00000      0.00000  0.00000         10  
0.00049 0.00067 nan     1000.0               10000.0                nan     11.34            5698.00            nan                nan                                  0.00000      0.00000  0.00000         10  
0.00049 0.00067 nan     10000.0               100000.0                nan     11.34            5698.00            nan                nan                                  0.00000      0.00000  0.00000         10  
0.00067 0.00092 0.00081     4.0               10.0                5.3     11.34            5698.00            4579.26                0.8985                                  0.10394      0.32240  0.01588         68289  
0.00067 0.00092 nan     10.0               100.0                nan     11.34            5698.00            nan                nan                                  0.00000      0.00000  0.00000         10  
0.00067 0.00092 nan     100.0               1000.0                nan     11.34            5698.00            nan                nan                                  0.00000      0.00000  0.00000         10  
0.00067 0.00092 nan     1000.0               10000.0                nan     11.34            5698.00            nan                nan                                  0.00000      0.00000  0.00000         10  
0.00067 0.00092 nan     10000.0               100000.0                nan     11.34            5698.00            nan                nan                                  0.00000      0.00000  0.00000         10  
0.00092 0.00127 0.00110     4.0               10.0                5.8     11.34            5698.00            4193.83                0.8627                                  1.01438      1.00716  0.16400         154116  
0.00092 0.00127 0.00117     10.0               100.0                10.9     11.34            5698.00            5277.35                0.8353                                  0.00018      0.01338  0.00003         4765  
0.00092 0.00127 nan     100.0               1000.0                nan     11.34            5698.00            nan                nan                                  0.00000      0.00000  0.00000         10  
0.00092 0.00127 nan     1000.0               10000.0                nan     11.34            5698.00            nan                nan                                  0.00000      0.00000  0.00000         10  
0.00092 0.00127 nan     10000.0               100000.0                nan     11.34            5698.00            nan                nan                                  0.00000      0.00000  0.00000         10  
0.00127 0.00174 0.00151     4.0               10.0                6.3     11.34            5698.00            3693.90                0.7696                                  5.31285      2.30496  0.91725         245769  
0.00127 0.00174 0.00155     10.0               100.0                12.0     11.34            5698.00            4889.55                0.7509                                  0.02422      0.15563  0.00395         36259  
0.00127 0.00174 nan     100.0               1000.0                nan     11.34            5698.00            nan                nan                                  0.00000      0.00000  0.00000         10  
0.00127 0.00174 nan     1000.0               10000.0                nan     11.34            5698.00            nan                nan                                  0.00000      0.00000  0.00000         10  
0.00127 0.00174 nan     10000.0               100000.0                nan     11.34            5698.00            nan                nan                                  0.00000      0.00000  0.00000         10  
0.00174 0.00240 0.00206     4.0               10.0                6.6     11.34            5698.00            3079.90                0.5231                                  15.38219      3.92201  2.77968         315525  
0.00174 0.00240 0.00211     10.0               100.0                13.3     11.34            5698.00            4551.36                0.5090                                  0.33775      0.58116  0.04583         118985  
0.00174 0.00240 nan     100.0               1000.0                nan     11.34            5698.00            nan                nan                                  0.00000      0.00000  0.00000         10  
0.00174 0.00240 nan     1000.0               10000.0                nan     11.34            5698.00            nan                nan                                  0.00000      0.00000  0.00000         10  
0.00174 0.00240 nan     10000.0               100000.0                nan     11.34            5698.00            nan                nan                                  0.00000      0.00000  0.00000         10  
0.00240 0.00329 0.00283     4.0               10.0                6.7     11.34            5698.00            2418.11                0.4117                                  45.43144      6.74028  9.12575         356645  
0.00240 0.00329 0.00287     10.0               100.0                15.2     11.34            5698.00            4200.73                0.4535                                  3.07010      1.75217  0.47213         265914  
0.00240 0.00329 nan     100.0               1000.0                nan     11.34            5698.00            nan                nan                                  0.00000      0.00000  0.00000         10  
0.00240 0.00329 nan     1000.0               10000.0                nan     11.34            5698.00            nan                nan                                  0.00000      0.00000  0.00000         10  
0.00240 0.00329 nan     10000.0               100000.0                nan     11.34            5698.00            nan                nan                                  0.00000      0.00000  0.00000         10  
0.00329 0.00452 0.00388     4.0               10.0                6.7     11.34            5698.00            1862.10                0.3119                                  97.87948      9.89341  18.47197         385581  
0.00329 0.00452 0.00392     10.0               100.0                17.9     11.34            5698.00            3821.12                0.3818                                  18.93079      4.35095  3.57586         462769  
0.00329 0.00452 nan     100.0               1000.0                nan     11.34            5698.00            nan                nan                                  0.00000      0.00000  0.00000         10  
0.00329 0.00452 nan     1000.0               10000.0                nan     11.34            5698.00            nan                nan                                  0.00000      0.00000  0.00000         10  
0.00329 0.00452 nan     10000.0               100000.0                nan     11.34            5698.00            nan                nan                                  0.00000      0.00000  0.00000         10  
0.00452 0.00621 0.00532     4.0               10.0                6.7     11.34            5698.00            1473.33                0.1060                                  126.85894      11.26317  20.04126         402086  
0.00452 0.00621 0.00537     10.0               100.0                21.6     11.34            5698.00            3472.04                0.1895                                  64.74232      8.04626  14.23662         703070  
0.00452 0.00621 nan     100.0               1000.0                nan     11.34            5698.00            nan                nan                                  0.00000      0.00000  0.00000         10  
0.00452 0.00621 nan     1000.0               10000.0                nan     11.34            5698.00            nan                nan                                  0.00000      0.00000  0.00000         10  
0.00452 0.00621 nan     10000.0               100000.0                nan     11.34            5698.00            nan                nan                                  0.00000      0.00000  0.00000         10  
0.00621 0.00853 0.00728     4.0               10.0                6.8     11.34            5698.00            1203.58                -0.0738                                  154.68517      12.43725  18.64170         382503  
0.00621 0.00853 0.00737     10.0               100.0                26.6     11.34            5698.00            3187.16                -0.0018                                  201.56615      14.19740  48.38765         991679  
0.00621 0.00853 nan     100.0               1000.0                nan     11.34            5698.00            nan                nan                                  0.00000      0.00000  0.00000         10  
0.00621 0.00853 nan     1000.0               10000.0                nan     11.34            5698.00            nan                nan                                  0.00000      0.00000  0.00000         10  
0.00621 0.00853 nan     10000.0               100000.0                nan     11.34            5698.00            nan                nan                                  0.00000      0.00000  0.00000         10  
0.00853 0.01172 0.00995     4.0               10.0                7.1     11.34            5698.00            1017.04                -0.1458                                  204.39120      14.29654  13.84544         298519  
0.00853 0.01172 0.01010     10.0               100.0                33.2     11.34            5698.00            2965.17                -0.0904                                  591.83031      24.32756  148.75279         1310182  
0.00853 0.01172 0.01109     100.0               1000.0                105.9     11.34            5698.00            5405.02                -0.1608                                  0.00038      0.01960  0.00003         4773  
0.00853 0.01172 nan     1000.0               10000.0                nan     11.34            5698.00            nan                nan                                  0.00000      0.00000  0.00000         10  
0.00853 0.01172 nan     10000.0               100000.0                nan     11.34            5698.00            nan                nan                                  0.00000      0.00000  0.00000         10  
0.01172 0.01610 0.01358     4.0               10.0                7.3     11.34            5698.00            870.82                -0.2985                                  222.94312      14.93128  9.72491         180627  
0.01172 0.01610 0.01384     10.0               100.0                40.0     11.34            5698.00            2756.14                -0.2678                                  1024.69564      32.01087  258.02953         1567498  
0.01172 0.01610 0.01442     100.0               1000.0                115.8     11.34            5698.00            5033.09                -0.3422                                  0.05112      0.22609  0.00469         66778  
0.01172 0.01610 nan     1000.0               10000.0                nan     11.34            5698.00            nan                nan                                  0.00000      0.00000  0.00000         10  
0.01172 0.01610 nan     10000.0               100000.0                nan     11.34            5698.00            nan                nan                                  0.00000      0.00000  0.00000         10  
0.01610 0.02212 0.01857     4.0               10.0                7.4     11.34            5698.00            728.15                -0.5377                                  199.87949      14.13787  5.45427         88507  
0.01610 0.02212 0.01894     10.0               100.0                46.6     11.34            5698.00            2527.70                -0.5214                                  1196.97319      34.59730  276.97521         1650232  
0.01610 0.02212 0.01950     100.0               1000.0                127.9     11.34            5698.00            4702.62                -0.5693                                  1.02591      1.01287  0.06229         262233  
0.01610 0.02212 nan     1000.0               10000.0                nan     11.34            5698.00            nan                nan                                  0.00000      0.00000  0.00000         10  
0.01610 0.02212 nan     10000.0               100000.0                nan     11.34            5698.00            nan                nan                                  0.00000      0.00000  0.00000         10  
0.02212 0.03039 0.02540     4.0               10.0                7.7     11.34            5698.00            621.66                -0.6008                                  208.69443      14.44626  13.29560         37565  
0.02212 0.03039 0.02592     10.0               100.0                52.4     11.34            5698.00            2231.59                -0.5910                                  1705.32787      41.29562  332.98815         1489268  
0.02212 0.03039 0.02653     100.0               1000.0                144.3     11.34            5698.00            4380.91                -0.6373                                  10.24786      3.20123  0.62006         640827  
0.02212 0.03039 nan     1000.0               10000.0                nan     11.34            5698.00            nan                nan                                  0.00000      0.00000  0.00000         10  
0.02212 0.03039 nan     10000.0               100000.0                nan     11.34            5698.00            nan                nan                                  0.00000      0.00000  0.00000         10  
0.03039 0.04175 0.03457     4.0               10.0                8.4     11.34            5698.00            556.58                -0.7235                                  126.34462      11.24031  18.05804         13175  
0.03039 0.04175 0.03548     10.0               100.0                57.8     11.34            5698.00            1927.25                -0.7406                                  1842.16511      42.92045  247.20458         1167205  
0.03039 0.04175 0.03621     100.0               1000.0                169.0     11.34            5698.00            4030.38                -0.8029                                  53.06415      7.28451  4.95762         1147998  
0.03039 0.04175 nan     1000.0               10000.0                nan     11.34            5698.00            nan                nan                                  0.00000      0.00000  0.00000         10  
0.03039 0.04175 nan     10000.0               100000.0                nan     11.34            5698.00            nan                nan                                  0.00000      0.00000  0.00000         10  
0.04175 0.05736 0.04522     4.0               10.0                9.3     11.34            5698.00            517.47                -0.9663                                  19.73076      4.44193  4.49906         2245  
0.04175 0.05736 0.04850     10.0               100.0                62.8     11.34            5698.00            1654.79                -1.0679                                  1401.12318      37.43158  79.63981         779085  
0.04175 0.05736 0.04955     100.0               1000.0                205.5     11.34            5698.00            3737.35                -1.1609                                  142.64767      11.94352  18.14377         1691525  
0.04175 0.05736 nan     1000.0               10000.0                nan     11.34            5698.00            nan                nan                                  0.00000      0.00000  0.00000         10  
0.04175 0.05736 nan     10000.0               100000.0                nan     11.34            5698.00            nan                nan                                  0.00000      0.00000  0.00000         10  
0.05736 0.07880 nan     4.0               10.0                nan     11.34            5698.00            nan                nan                                  0.00000      0.00000  0.00000         10  
0.05736 0.07880 0.06629     10.0               100.0                66.0     11.34            5698.00            1381.97                -1.1284                                  1687.85955      41.08357  47.97526         427079  
0.05736 0.07880 0.06785     100.0               1000.0                259.9     11.34            5698.00            3565.99                -1.2454                                  449.84439      21.20954  63.79537         2163782  
0.05736 0.07880 nan     1000.0               10000.0                nan     11.34            5698.00            nan                nan                                  0.00000      0.00000  0.00000         10  
0.05736 0.07880 nan     10000.0               100000.0                nan     11.34            5698.00            nan                nan                                  0.00000      0.00000  0.00000         10  
0.07880 0.10826 nan     4.0               10.0                nan     11.34            5698.00            nan                nan                                  0.00000      0.00000  0.00000         10  
0.07880 0.10826 0.09092     10.0               100.0                67.5     11.34            5698.00            1114.61                -1.2570                                  1917.33224      43.78735  66.86208         209496  
0.07880 0.10826 0.09296     100.0               1000.0                343.7     11.34            5698.00            3524.20                -1.4114                                  963.51597      31.04055  127.70919         2460235  
0.07880 0.10826 0.10504     1000.0               10000.0                1031.0     11.34            5698.00            5539.96                -1.7670                                  0.00007      0.00864  0.00002         986  
0.07880 0.10826 nan     10000.0               100000.0                nan     11.34            5698.00            nan                nan                                  0.00000      0.00000  0.00000         10  
0.10826 0.14874 nan     4.0               10.0                nan     11.34            5698.00            nan                nan                                  0.00000      0.00000  0.00000         10  
0.10826 0.14874 0.12477     10.0               100.0                69.4     11.34            5698.00            906.21                -1.5821                                  1355.48764      36.81695  86.02378         104150  
0.10826 0.14874 0.12734     100.0               1000.0                452.9     11.34            5698.00            3530.46                -1.8527                                  1022.08695      31.97009  100.94778         2533005  
0.10826 0.14874 0.13571     1000.0               10000.0                1102.3     11.34            5698.00            5265.49                -2.2036                                  0.01129      0.10624  0.00231         62068  
0.10826 0.14874 nan     10000.0               100000.0                nan     11.34            5698.00            nan                nan                                  0.00000      0.00000  0.00000         10  
0.14874 0.20434 nan     4.0               10.0                nan     11.34            5698.00            nan                nan                                  0.00000      0.00000  0.00000         10  
0.14874 0.20434 0.17122     10.0               100.0                71.8     11.34            5698.00            758.25                -1.7025                                  1113.86868      33.37467  136.20785         53533  
0.14874 0.20434 0.17403     100.0               1000.0                559.6     11.34            5698.00            3448.77                -1.9548                                  1368.47891      36.99296  51.02069         2254882  
0.14874 0.20434 0.18128     1000.0               10000.0                1195.5     11.34            5698.00            5013.50                -2.2179                                  0.35353      0.59459  0.12871         350015  
0.14874 0.20434 nan     10000.0               100000.0                nan     11.34            5698.00            nan                nan                                  0.00000      0.00000  0.00000         10  
0.20434 0.28072 nan     4.0               10.0                nan     11.34            5698.00            nan                nan                                  0.00000      0.00000  0.00000         10  
0.20434 0.28072 0.23437     10.0               100.0                75.9     11.34            5698.00            654.23                -1.8195                                  891.80230      29.86306  184.83003         27641  
0.20434 0.28072 0.23721     100.0               1000.0                632.7     11.34            5698.00            3135.74                -2.0790                                  2038.90087      45.15419  25.58656         1580665  
0.20434 0.28072 0.24501     1000.0               10000.0                1328.7     11.34            5698.00            4769.63                -2.3198                                  3.52341      1.87707  1.31023         929603  
0.20434 0.28072 nan     10000.0               100000.0                nan     11.34            5698.00            nan                nan                                  0.00000      0.00000  0.00000         10  
0.28072 0.38566 nan     4.0               10.0                nan     11.34            5698.00            nan                nan                                  0.00000      0.00000  0.00000         10  
0.28072 0.38566 0.31927     10.0               100.0                81.9     11.34            5698.00            581.62                -2.1138                                  357.25041      18.90107  132.98764         13174  
0.28072 0.38566 0.32415     100.0               1000.0                659.2     11.34            5698.00            2556.27                -2.4319                                  1889.09563      43.46373  29.99620         880231  
0.28072 0.38566 0.33242     1000.0               10000.0                1557.9     11.34            5698.00            4504.39                -2.7513                                  10.64091      3.26204  2.28935         1457335  
0.28072 0.38566 nan     10000.0               100000.0                nan     11.34            5698.00            nan                nan                                  0.00000      0.00000  0.00000         10  
0.38566 0.52983 nan     4.0               10.0                nan     11.34            5698.00            nan                nan                                  0.00000      0.00000  0.00000         10  
0.38566 0.52983 0.42403     10.0               100.0                90.6     11.34            5698.00            541.43                -2.4484                                  56.60154      7.52340  45.67586         4039  
0.38566 0.52983 0.44490     100.0               1000.0                663.9     11.34            5698.00            1966.50                -2.8258                                  1523.05253      39.02631  104.21814         476508  
0.38566 0.52983 0.45394     1000.0               10000.0                1936.8     11.34            5698.00            4265.00                -3.1985                                  31.37870      5.60167  0.36956         1651348  
0.38566 0.52983 nan     10000.0               100000.0                nan     11.34            5698.00            nan                nan                                  0.00000      0.00000  0.00000         10  
0.52983 0.72790 nan     4.0               10.0                nan     11.34            5698.00            nan                nan                                  0.00000      0.00000  0.00000         10  
0.52983 0.72790 nan     10.0               100.0                nan     11.34            5698.00            nan                nan                                  0.00000      0.00000  0.00000         10  
0.52983 0.72790 0.61040     100.0               1000.0                673.4     11.34            5698.00            1535.01                -2.9529                                  1766.62246      42.03121  224.20380         281513  
0.52983 0.72790 0.62209     1000.0               10000.0                2502.2     11.34            5698.00            4091.47                -3.3978                                  117.82202      10.85459  4.73379         1657100  
0.52983 0.72790 nan     10000.0               100000.0                nan     11.34            5698.00            nan                nan                                  0.00000      0.00000  0.00000         10  
0.72790 1.00000 nan     4.0               10.0                nan     11.34            5698.00            nan                nan                                  0.00000      0.00000  0.00000         10  
0.72790 1.00000 nan     10.0               100.0                nan     11.34            5698.00            nan                nan                                  0.00000      0.00000  0.00000         10  
0.72790 1.00000 0.83772     100.0               1000.0                688.5     11.34            5698.00            1224.76                -3.3042                                  1043.31140      32.30033  186.60604         180437  
0.72790 1.00000 0.85393     1000.0               10000.0                3304.7     11.34            5698.00            3982.39                -3.8370                                  171.13632      13.08191  11.43343         1620997  
0.72790 1.00000 nan     10000.0               100000.0                nan     11.34            5698.00            nan                nan                                  0.00000      0.00002  0.00000         93  
