1.129463e+01 4.756294e-01
1.421909e+01 5.149806e-01
1.790078e+01 1.233185e+00
2.253574e+01 1.943078e+00
2.837082e+01 4.965690e+00
3.571675e+01 5.914036e+00
4.496472e+01 1.050860e+01
5.660723e+01 2.117874e+01
7.126428e+01 3.297538e+01
8.971641e+01 6.188098e+01
1.129463e+02 8.704781e+01
1.421909e+02 1.294278e+02
1.790078e+02 1.823400e+02
2.253574e+02 2.077326e+02
2.837082e+02 2.641656e+02
3.571675e+02 3.148422e+02
4.496472e+02 3.531512e+02
5.660723e+02 3.375422e+02
7.126428e+02 4.327995e+02
8.971641e+02 3.799433e+02
1.129463e+03 2.939290e+02
1.421909e+03 2.401993e+02
1.790078e+03 1.492021e+02
2.253574e+03 8.818604e+01
2.837082e+03 3.274242e+01
3.571675e+03 1.577042e+01
4.496472e+03 4.130341e+00
5.660723e+03 4.601420e-01
7.126428e+03 2.378710e-02
8.971641e+03 1.304502e-03
