1.129463e+01 7.986414e-04
1.421909e+01 6.833986e-03
1.790078e+01 6.225737e-03
2.253574e+01 5.962057e-02
2.837082e+01 4.617034e-02
3.571675e+01 5.280097e-01
4.496472e+01 6.007266e-01
5.660723e+01 1.636848e+00
7.126428e+01 3.508776e+00
8.971641e+01 5.194872e+00
1.129463e+02 7.086587e+00
1.421909e+02 1.145725e+01
1.790078e+02 1.783539e+01
2.253574e+02 2.772975e+01
2.837082e+02 2.669895e+01
3.571675e+02 3.518338e+01
4.496472e+02 3.792441e+01
5.660723e+02 3.418515e+01
7.126428e+02 4.086665e+01
8.971641e+02 4.844142e+01
1.129463e+03 4.418182e+01
1.421909e+03 3.790407e+01
1.790078e+03 2.397148e+01
2.253574e+03 1.280015e+01
2.837082e+03 4.686995e+00
3.571675e+03 1.327888e+00
4.496472e+03 3.434625e-01
5.660723e+03 2.286852e-02
7.126428e+03 6.575585e-03
8.971641e+03 1.715957e-04
