1.129463e+01 2.242474e+12
1.421909e+01 2.720986e+12
1.790078e+01 3.427506e+12
2.253574e+01 3.873108e+12
2.837082e+01 4.210046e+12
3.571675e+01 4.626171e+12
4.496472e+01 4.733164e+12
5.660723e+01 4.871892e+12
7.126428e+01 4.863167e+12
8.971641e+01 5.061268e+12
1.129463e+02 5.098504e+12
1.421909e+02 4.641349e+12
1.790078e+02 4.080750e+12
2.253574e+02 3.737848e+12
2.837082e+02 2.989006e+12
3.571675e+02 2.580879e+12
4.496472e+02 2.016535e+12
5.660723e+02 1.570514e+12
7.126428e+02 1.182580e+12
8.971641e+02 8.309286e+11
1.129463e+03 5.405581e+11
1.421909e+03 2.885521e+11
1.790078e+03 1.528736e+11
2.253574e+03 7.084143e+10
2.837082e+03 2.046368e+10
3.571675e+03 5.820444e+09
4.496472e+03 6.670438e+08
5.660723e+03 5.121163e+07
7.126428e+03 7.852781e+06
8.971641e+03 1.075140e+05
