1.129463e+01 1.024256e-03
1.421909e+01 3.726358e-03
1.790078e+01 7.368698e-03
2.253574e+01 4.650190e-02
2.837082e+01 9.944974e-02
3.571675e+01 1.909339e-01
4.496472e+01 2.624687e-01
5.660723e+01 5.446334e-01
7.126428e+01 8.789042e-01
8.971641e+01 2.136785e+00
1.129463e+02 3.291965e+00
1.421909e+02 5.042681e+00
1.790078e+02 7.103426e+00
2.253574e+02 9.010730e+00
2.837082e+02 1.380170e+01
3.571675e+02 9.605896e+00
4.496472e+02 1.605486e+01
5.660723e+02 1.459502e+01
7.126428e+02 2.331492e+01
8.971641e+02 2.266074e+01
1.129463e+03 2.335313e+01
1.421909e+03 1.680179e+01
1.790078e+03 1.226252e+01
2.253574e+03 4.911950e+00
2.837082e+03 2.376108e+00
3.571675e+03 1.193659e+00
4.496472e+03 2.044638e-01
5.660723e+03 2.930800e-02
7.126428e+03 1.979318e-03
8.971641e+03 0.000000e+00
