           1
     8546014
 FASER$\nu$2 $\bar{\nu}_{\mu}$                                                   
Plot1@Experiment:FASER#nu2 #bar{#nu}_{#mu}@ExtraLabel:#nu p (CC) @XTitle: x @YTitle: d^{2}#sigma/dxdQ^{2} @Title:Q^{2} > 4 @Ymin:0.01@Xlog@Ylog
Plot2@Experiment:FASER#nu2 #bar{#nu}_{#mu}@ExtraLabel:#nu p (CC) @XTitle: x @YTitle: d^{2}#sigma/dxdQ^{2} @Title:Q^{2} > 10 @Ymin:0.01@Xlog@Ylog
Plot3@Experiment:FASER#nu2 #bar{#nu}_{#mu}@ExtraLabel:#nu p (CC) @XTitle: x @YTitle: d^{2}#sigma/dxdQ^{2} @Title:Q^{2} > 100 @Ymin:0.01@Xlog@Ylog
Plot4@Experiment:FASER#nu2 #bar{#nu}_{#mu}@ExtraLabel:#nu p (CC) @XTitle: x @YTitle: d^{2}#sigma/dxdQ^{2} @Title:Q^{2} > 1000 @Ymin:0.01@Xlog@Ylog
 x           Q2          dummy          data      +- uncor     +- tot     th orig         th mod   therr+         therr-     pull    iset       iplot
 0.20700E-02 0.70000E+01 0.00000E+00 0.36075E+01 0.89268E+00 0.11976E+01 0.20106E+01 0.13197E+02 0.79296E+00 0.62248E+00 -.10742E+02      8546014   2/0.20700E-02
 0.28450E-02 0.70000E+01 0.00000E+00 0.29404E+01 0.43534E+00 0.59607E+00 0.15914E+01 0.81549E+01 0.52934E+00 0.40610E+00 -.11978E+02      8546014   2/0.28450E-02
 0.39050E-02 0.70000E+01 0.00000E+00 0.24746E+01 0.22649E+00 0.32140E+00 0.12445E+01 0.52389E+01 0.34953E+00 0.25943E+00 -.12205E+02      8546014   2/0.39050E-02
 0.39050E-02 0.55000E+02 0.00000E+00 0.24894E+01 0.49037E+00 0.72929E+00 0.11282E+01 0.10717E+02 0.34234E+00 0.24726E+00 -.16779E+02      8546014   3/0.39050E-02
 0.53650E-02 0.70000E+01 0.00000E+00 0.16080E+01 0.12706E+00 0.16527E+00 0.95922E+00 0.36574E+01 0.22877E+00 0.16439E+00 -.16129E+02      8546014   2/0.53650E-02
 0.53650E-02 0.55000E+02 0.00000E+00 0.15911E+01 0.20550E+00 0.27873E+00 0.87337E+00 0.83831E+01 0.23362E+00 0.15939E+00 -.33051E+02      8546014   3/0.53650E-02
 0.73700E-02 0.70000E+01 0.00000E+00 0.10772E+01 0.74352E-01 0.92578E-01 0.73116E+00 0.28597E+01 0.14967E+00 0.10332E+00 -.23973E+02      8546014   2/0.73700E-02
 0.73700E-02 0.55000E+02 0.00000E+00 0.10392E+01 0.90187E-01 0.11478E+00 0.65286E+00 0.64627E+01 0.15248E+00 0.98972E-01 -.60137E+02      8546014   3/0.73700E-02
 0.10125E-01 0.70000E+01 0.00000E+00 0.90636E+00 0.44840E-01 0.58128E-01 0.55102E+00 0.23622E+01 0.98553E-01 0.64446E-01 -.32467E+02      8546014   2/0.10125E-01
 0.10125E-01 0.55000E+02 0.00000E+00 0.86218E+00 0.44065E-01 0.59790E-01 0.48281E+00 0.50055E+01 0.10028E+00 0.61084E-01 -.94027E+02      8546014   3/0.10125E-01
 0.13910E-01 0.70000E+01 0.00000E+00 0.62402E+00 0.29168E-01 0.38685E-01 0.40992E+00 0.19448E+01 0.64170E-01 0.39873E-01 -.45280E+02      8546014   2/0.13910E-01
 0.13910E-01 0.55000E+02 0.00000E+00 0.58912E+00 0.24389E-01 0.32788E-01 0.36378E+00 0.37016E+01 0.65686E-01 0.37459E-01 -.12762E+03      8546014   3/0.13910E-01
 0.19110E-01 0.70000E+01 0.00000E+00 0.36652E+00 0.19897E-01 0.24499E-01 0.30212E+00 0.15164E+01 0.40386E-01 0.25064E-01 -.57791E+02      8546014   2/0.19110E-01
 0.19110E-01 0.55000E+02 0.00000E+00 0.33869E+00 0.13739E-01 0.15989E-01 0.27539E+00 0.26235E+01 0.42138E-01 0.22639E-01 -.16630E+03      8546014   3/0.19110E-01
 0.26255E-01 0.70000E+01 0.00000E+00 0.31089E+00 0.13557E-01 0.19227E-01 0.22107E+00 0.10929E+01 0.24405E-01 0.16284E-01 -.57688E+02      8546014   2/0.26255E-01
 0.26255E-01 0.55000E+02 0.00000E+00 0.29943E+00 0.81635E-02 0.10775E-01 0.20616E+00 0.17608E+01 0.25900E-01 0.13741E-01 -.17902E+03      8546014   3/0.26255E-01
 0.26255E-01 0.55000E+03 0.00000E+00 0.22315E+00 0.51134E-01 0.66353E-01 0.13263E+00 0.20782E+01 0.25872E-01 0.13490E-01 -.36277E+02      8546014   4/0.26255E-01
 0.36070E-01 0.70000E+01 0.00000E+00 0.22610E+00 0.83357E-02 0.10978E-01 0.16105E+00 0.60411E+00 0.14149E-01 0.10759E-01 -.45348E+02      8546014   2/0.36070E-01
 0.36070E-01 0.55000E+02 0.00000E+00 0.22100E+00 0.50687E-02 0.69984E-02 0.15218E+00 0.10535E+01 0.15295E-01 0.87765E-02 -.16424E+03      8546014   3/0.36070E-01
 0.36070E-01 0.55000E+03 0.00000E+00 0.15251E+00 0.16204E-01 0.21153E-01 0.90329E-01 0.13278E+01 0.15822E-01 0.83819E-02 -.72534E+02      8546014   4/0.36070E-01
 0.49555E-01 0.70000E+01 0.00000E+00 0.12045E+00 0.71545E-02 0.90132E-02 0.11673E+00 0.35270E+00 0.87390E-02 0.71262E-02 -.32462E+02      8546014   2/0.49555E-01
 0.49555E-01 0.55000E+02 0.00000E+00 0.11151E+00 0.28918E-02 0.30866E-02 0.11008E+00 0.63996E+00 0.92109E-02 0.59802E-02 -.18274E+03      8546014   3/0.49555E-01
 0.49555E-01 0.55000E+03 0.00000E+00 0.67499E-01 0.56816E-02 0.60899E-02 0.59197E-01 0.73214E+00 0.90340E-02 0.55185E-02 -.11698E+03      8546014   4/0.49555E-01
 0.68080E-01 0.70000E+01 0.00000E+00 0.10290E+00 0.58533E-02 0.91096E-02 0.83525E-01 0.14864E+00 0.49062E-02 0.49025E-02 -.78145E+01      8546014   2/0.68080E-01
 0.68080E-01 0.55000E+02 0.00000E+00 0.98696E-01 0.18839E-02 0.23403E-02 0.77940E-01 0.39117E+00 0.54293E-02 0.41875E-02 -.15524E+03      8546014   3/0.68080E-01
 0.68080E-01 0.55000E+03 0.00000E+00 0.56273E-01 0.23856E-02 0.30292E-02 0.37118E-01 0.32184E+00 0.46755E-02 0.36444E-02 -.11132E+03      8546014   4/0.68080E-01
 0.93530E-01 0.70000E+01 0.00000E+00 0.77322E-01 0.58016E-02 0.10324E-01 0.58357E-01 0.12024E-01 0.27219E-02 0.32915E-02 0.11255E+02      8546014   2/0.93530E-01
 0.93530E-01 0.55000E+02 0.00000E+00 0.74696E-01 0.12224E-02 0.16831E-02 0.53538E-01 0.14340E+00 0.27669E-02 0.28292E-02 -.56203E+02      8546014   3/0.93530E-01
 0.93530E-01 0.55000E+03 0.00000E+00 0.38887E-01 0.10091E-02 0.13529E-02 0.22022E-01 0.10467E+00 0.23689E-02 0.22082E-02 -.65185E+02      8546014   4/0.93530E-01
 0.12850E+00 0.70000E+01 0.00000E+00 0.41248E-01 0.43425E-02 0.62093E-02 0.39559E-01 0.38424E-01 0.18327E-02 0.20296E-02 0.65025E+00      8546014   2/0.12850E+00
 0.12850E+00 0.55000E+02 0.00000E+00 0.36341E-01 0.78363E-03 0.90762E-03 0.35445E-01 0.84763E-01 0.17350E-02 0.18008E-02 -.61791E+02      8546014   3/0.12850E+00
 0.12850E+00 0.55000E+03 0.00000E+00 0.14764E-01 0.45212E-03 0.47809E-03 0.13569E-01 0.62227E-01 0.13268E-02 0.11682E-02 -.10498E+03      8546014   4/0.12850E+00
 0.17654E+00 0.70000E+01 0.00000E+00 0.32441E-01 0.45087E-02 0.78843E-02 0.25786E-01 0.52041E-01 0.12338E-02 0.11948E-02 -.43471E+01      8546014   2/0.17654E+00
 0.17654E+00 0.55000E+02 0.00000E+00 0.29000E-01 0.49001E-03 0.65453E-03 0.22350E-01 0.70170E-01 0.11214E-02 0.10371E-02 -.84017E+02      8546014   3/0.17654E+00
 0.17654E+00 0.55000E+03 0.00000E+00 0.12820E-01 0.26619E-03 0.33968E-03 0.87288E-02 0.46209E-01 0.71941E-03 0.56344E-03 -.12543E+03      8546014   4/0.17654E+00
 0.24253E+00 0.70000E+01 0.00000E+00 0.24110E-01 0.35212E-02 0.75208E-02 0.15749E-01 0.15384E-01 0.71478E-03 0.83551E-03 0.24780E+01      8546014   2/0.24253E+00
 0.24253E+00 0.55000E+02 0.00000E+00 0.21503E-01 0.31550E-03 0.54534E-03 0.13007E-01 0.40254E-01 0.69821E-03 0.62445E-03 -.59432E+02      8546014   3/0.24253E+00
 0.24253E+00 0.55000E+03 0.00000E+00 0.10387E-01 0.14489E-03 0.21068E-03 0.53867E-02 0.21090E-01 0.36482E-03 0.30937E-03 -.73868E+02      8546014   4/0.24253E+00
 0.24253E+00 0.55000E+04 0.00000E+00 0.36881E-02 0.66409E-03 0.11930E-02 0.11438E-02 0.97903E-02 0.20694E-03 0.16606E-03 -.91888E+01      8546014 999/0.24253E+00
 0.33319E+00 0.70000E+01 0.00000E+00 0.12422E-01 0.12680E-02 0.25361E-02 0.84926E-02 0.89924E-02 0.42525E-03 0.51219E-03 0.27048E+01      8546014   2/0.33319E+00
 0.33319E+00 0.55000E+02 0.00000E+00 0.10325E-01 0.18836E-03 0.33292E-03 0.65237E-02 0.14450E-01 0.36767E-03 0.37588E-03 -.21900E+02      8546014   3/0.33319E+00
 0.33319E+00 0.55000E+03 0.00000E+00 0.49386E-02 0.75686E-04 0.10199E-03 0.28538E-02 0.85079E-02 0.17951E-03 0.16826E-03 -.47160E+02      8546014   4/0.33319E+00
 0.33319E+00 0.55000E+04 0.00000E+00 0.12257E-02 0.15771E-03 0.26004E-03 0.45187E-03 0.31528E-02 0.68560E-04 0.56857E-04 -.12219E+02      8546014 999/0.33319E+00
 0.45775E+00 0.70000E+01 0.00000E+00 0.71351E-02 0.96011E-03 0.26200E-02 0.36060E-02 0.55939E-02 0.20787E-03 0.25671E-03 0.16053E+01      8546014   2/0.45775E+00
 0.45775E+00 0.55000E+02 0.00000E+00 0.52918E-02 0.10007E-03 0.24387E-03 0.24612E-02 0.67951E-02 0.14986E-03 0.16137E-03 -.15023E+02      8546014   3/0.45775E+00
 0.45775E+00 0.55000E+03 0.00000E+00 0.25113E-02 0.35528E-04 0.55763E-04 0.11018E-02 0.40583E-02 0.69522E-04 0.68066E-04 -.43543E+02      8546014   4/0.45775E+00
 0.45775E+00 0.55000E+04 0.00000E+00 0.43722E-03 0.37453E-04 0.67848E-04 0.13351E-03 0.97534E-03 0.15137E-04 0.12393E-04 -.14368E+02      8546014 999/0.45775E+00
 0.62887E+00 0.70000E+01 0.00000E+00 0.49545E-02 0.17895E-03 0.99857E-03 0.95900E-03 0.44822E-02 0.77259E-04 0.73091E-04 0.26395E+01      8546014   2/0.62887E+00
 0.62887E+00 0.55000E+02 0.00000E+00 0.37541E-02 0.30436E-04 0.20077E-03 0.51760E-03 0.35041E-02 0.45028E-04 0.40676E-04 0.82115E+01      8546014   3/0.62887E+00
 0.62887E+00 0.55000E+03 0.00000E+00 0.19724E-02 0.11845E-04 0.41947E-04 0.22403E-03 0.15783E-02 0.20350E-04 0.18417E-04 0.33276E+02      8546014   4/0.62887E+00
 0.62887E+00 0.55000E+04 0.00000E+00 0.33106E-03 0.70740E-05 0.28464E-04 0.20658E-04 0.18153E-03 0.22149E-05 0.17763E-05 0.21137E+02      8546014 999/0.62887E+00
 0.86395E+00 0.70000E+01 0.00000E+00 0.20179E-02 0.54130E-04 0.12552E-02 0.10036E-03 0.97914E-03 0.16763E-04 0.17112E-04 0.19190E+02      8546014   2/0.86395E+00
 0.86395E+00 0.55000E+02 0.00000E+00 0.15233E-02 0.64060E-05 0.72493E-04 0.53808E-04 -.14090E-02 0.20524E-04 0.26961E-04 0.45775E+03      8546014   3/0.86395E+00
 0.86395E+00 0.55000E+03 0.00000E+00 0.86238E-03 0.29732E-05 0.20644E-04 0.24746E-04 -.92602E-03 0.11604E-04 0.15770E-04 0.60150E+03      8546014   4/0.86395E+00
 0.86395E+00 0.55000E+04 0.00000E+00 0.14666E-03 0.11651E-05 0.10495E-04 0.18319E-05 -.75801E-04 0.99358E-06 0.13146E-05 0.19093E+03      8546014 999/0.86395E+00
