Experiment = FLArE100 | seed 2 | Neutrino = 12 | Exp. Target density (nucleons / cm3) = 10^(23.9) | Exp. Target Length = 3000 cm | Total Events = 17503.9 |        del_theta = 15.00 mrad, theta_max = 500.0 mrad |        del_Elepton = 5.0 % , Elepton_min = 2.00 GeV, Elepton_max = 2000.00 GeV|        del_Ehadron = 30.0 %, Ehadron_min = 0.01 GeV GeV, Ehadron_max = 10000.00 GeV
x_lower         x_upper         x_avg          Q2_lower[GeV^2]      Q2_upper[GeV^2]      Q2_avg[GeV^2]       E_nu_lower[GeV]      E_nu_upper[GeV]      E_nu_avg[GeV]       d^sigma/dxdQ2(x_avg,Q2_avg,Enu_avg) pb / GeV^2         N_events        N_events_errs = Sqrt[N_events]     N_sys_errs          Fractional_error_theta    Fractional_error_Elepton Fractional_error_Ehadron MC_Samples 
1.000000e-04    1.373824e-04    nan            4.000000e+00         1.000000e+01         nan                 1.133635e+01         5.698000e+03         nan                 nan                                                    0.000000e+00    nan                                nan                 nan                       nan                      nan                      nan 
1.000000e-04    1.373824e-04    nan            1.000000e+01         1.000000e+02         nan                 1.133635e+01         5.698000e+03         nan                 nan                                                    0.000000e+00    nan                                nan                 nan                       nan                      nan                      nan 
1.000000e-04    1.373824e-04    nan            1.000000e+02         1.000000e+03         nan                 1.133635e+01         5.698000e+03         nan                 nan                                                    0.000000e+00    nan                                nan                 nan                       nan                      nan                      nan 
1.000000e-04    1.373824e-04    nan            1.000000e+03         1.000000e+04         nan                 1.133635e+01         5.698000e+03         nan                 nan                                                    0.000000e+00    nan                                nan                 nan                       nan                      nan                      nan 
1.000000e-04    1.373824e-04    nan            1.000000e+04         1.000000e+05         nan                 1.133635e+01         5.698000e+03         nan                 nan                                                    0.000000e+00    nan                                nan                 nan                       nan                      nan                      nan 
1.373824e-04    1.887392e-04    nan            4.000000e+00         1.000000e+01         nan                 1.133635e+01         5.698000e+03         nan                 nan                                                    0.000000e+00    nan                                nan                 nan                       nan                      nan                      nan 
1.373824e-04    1.887392e-04    nan            1.000000e+01         1.000000e+02         nan                 1.133635e+01         5.698000e+03         nan                 nan                                                    0.000000e+00    nan                                nan                 nan                       nan                      nan                      nan 
1.373824e-04    1.887392e-04    nan            1.000000e+02         1.000000e+03         nan                 1.133635e+01         5.698000e+03         nan                 nan                                                    0.000000e+00    nan                                nan                 nan                       nan                      nan                      nan 
1.373824e-04    1.887392e-04    nan            1.000000e+03         1.000000e+04         nan                 1.133635e+01         5.698000e+03         nan                 nan                                                    0.000000e+00    nan                                nan                 nan                       nan                      nan                      nan 
1.373824e-04    1.887392e-04    nan            1.000000e+04         1.000000e+05         nan                 1.133635e+01         5.698000e+03         nan                 nan                                                    0.000000e+00    nan                                nan                 nan                       nan                      nan                      nan 
1.887392e-04    2.592944e-04    nan            4.000000e+00         1.000000e+01         nan                 1.133635e+01         5.698000e+03         nan                 nan                                                    0.000000e+00    nan                                nan                 nan                       nan                      nan                      nan 
1.887392e-04    2.592944e-04    nan            1.000000e+01         1.000000e+02         nan                 1.133635e+01         5.698000e+03         nan                 nan                                                    0.000000e+00    nan                                nan                 nan                       nan                      nan                      nan 
1.887392e-04    2.592944e-04    nan            1.000000e+02         1.000000e+03         nan                 1.133635e+01         5.698000e+03         nan                 nan                                                    0.000000e+00    nan                                nan                 nan                       nan                      nan                      nan 
1.887392e-04    2.592944e-04    nan            1.000000e+03         1.000000e+04         nan                 1.133635e+01         5.698000e+03         nan                 nan                                                    0.000000e+00    nan                                nan                 nan                       nan                      nan                      nan 
1.887392e-04    2.592944e-04    nan            1.000000e+04         1.000000e+05         nan                 1.133635e+01         5.698000e+03         nan                 nan                                                    0.000000e+00    nan                                nan                 nan                       nan                      nan                      nan 
2.592944e-04    3.562248e-04    nan            4.000000e+00         1.000000e+01         nan                 1.133635e+01         5.698000e+03         nan                 nan                                                    0.000000e+00    nan                                nan                 nan                       nan                      nan                      nan 
2.592944e-04    3.562248e-04    nan            1.000000e+01         1.000000e+02         nan                 1.133635e+01         5.698000e+03         nan                 nan                                                    0.000000e+00    nan                                nan                 nan                       nan                      nan                      nan 
2.592944e-04    3.562248e-04    nan            1.000000e+02         1.000000e+03         nan                 1.133635e+01         5.698000e+03         nan                 nan                                                    0.000000e+00    nan                                nan                 nan                       nan                      nan                      nan 
2.592944e-04    3.562248e-04    nan            1.000000e+03         1.000000e+04         nan                 1.133635e+01         5.698000e+03         nan                 nan                                                    0.000000e+00    nan                                nan                 nan                       nan                      nan                      nan 
2.592944e-04    3.562248e-04    nan            1.000000e+04         1.000000e+05         nan                 1.133635e+01         5.698000e+03         nan                 nan                                                    0.000000e+00    nan                                nan                 nan                       nan                      nan                      nan 
3.562248e-04    4.893901e-04    nan            4.000000e+00         1.000000e+01         nan                 1.133635e+01         5.698000e+03         nan                 nan                                                    0.000000e+00    nan                                nan                 nan                       nan                      nan                      nan 
3.562248e-04    4.893901e-04    nan            1.000000e+01         1.000000e+02         nan                 1.133635e+01         5.698000e+03         nan                 nan                                                    0.000000e+00    nan                                nan                 nan                       nan                      nan                      nan 
3.562248e-04    4.893901e-04    nan            1.000000e+02         1.000000e+03         nan                 1.133635e+01         5.698000e+03         nan                 nan                                                    0.000000e+00    nan                                nan                 nan                       nan                      nan                      nan 
3.562248e-04    4.893901e-04    nan            1.000000e+03         1.000000e+04         nan                 1.133635e+01         5.698000e+03         nan                 nan                                                    0.000000e+00    nan                                nan                 nan                       nan                      nan                      nan 
3.562248e-04    4.893901e-04    nan            1.000000e+04         1.000000e+05         nan                 1.133635e+01         5.698000e+03         nan                 nan                                                    0.000000e+00    nan                                nan                 nan                       nan                      nan                      nan 
4.893901e-04    6.723358e-04    6.571445e-04   4.000000e+00         1.000000e+01         4.636998e+00        1.133635e+01         5.698000e+03         4.054560e+03        3.229826e+00                                           2.168762e-02    1.472672e-01                       0.111149            2.45                      0.55                     0.35                     6.644800e+04 
4.893901e-04    6.723358e-04    nan            1.000000e+01         1.000000e+02         nan                 1.133635e+01         5.698000e+03         nan                 nan                                                    0.000000e+00    nan                                nan                 nan                       nan                      nan                      nan 
4.893901e-04    6.723358e-04    nan            1.000000e+02         1.000000e+03         nan                 1.133635e+01         5.698000e+03         nan                 nan                                                    0.000000e+00    nan                                nan                 nan                       nan                      nan                      nan 
4.893901e-04    6.723358e-04    nan            1.000000e+03         1.000000e+04         nan                 1.133635e+01         5.698000e+03         nan                 nan                                                    0.000000e+00    nan                                nan                 nan                       nan                      nan                      nan 
4.893901e-04    6.723358e-04    nan            1.000000e+04         1.000000e+05         nan                 1.133635e+01         5.698000e+03         nan                 nan                                                    0.000000e+00    nan                                nan                 nan                       nan                      nan                      nan 
6.723358e-04    9.236709e-04    8.214960e-04   4.000000e+00         1.000000e+01         4.900253e+00        1.133635e+01         5.698000e+03         3.734242e+03        2.709131e+00                                           1.625781e-01    4.032098e-01                       0.411151            1.44474                   0.0894737                0.234211                 1.778340e+05 
6.723358e-04    9.236709e-04    nan            1.000000e+01         1.000000e+02         nan                 1.133635e+01         5.698000e+03         nan                 nan                                                    0.000000e+00    nan                                nan                 nan                       nan                      nan                      nan 
6.723358e-04    9.236709e-04    nan            1.000000e+02         1.000000e+03         nan                 1.133635e+01         5.698000e+03         nan                 nan                                                    0.000000e+00    nan                                nan                 nan                       nan                      nan                      nan 
6.723358e-04    9.236709e-04    nan            1.000000e+03         1.000000e+04         nan                 1.133635e+01         5.698000e+03         nan                 nan                                                    0.000000e+00    nan                                nan                 nan                       nan                      nan                      nan 
6.723358e-04    9.236709e-04    nan            1.000000e+04         1.000000e+05         nan                 1.133635e+01         5.698000e+03         nan                 nan                                                    0.000000e+00    nan                                nan                 nan                       nan                      nan                      nan 
9.236709e-04    1.268961e-03    1.128416e-03   4.000000e+00         1.000000e+01         5.268592e+00        1.133635e+01         5.698000e+03         3.094586e+03        1.929105e+00                                           7.616774e-01    8.727413e-01                       1.31603             1.2142                    0.060355                 0.243195                 3.043140e+05 
9.236709e-04    1.268961e-03    1.120080e-03   1.000000e+01         1.000000e+02         1.103368e+01        1.133635e+01         5.698000e+03         5.426135e+03        2.590503e+00                                           4.675942e-03    6.838086e-02                       0.00397455          0.6                       0.2                      1.15                     1.817000e+03 
9.236709e-04    1.268961e-03    nan            1.000000e+02         1.000000e+03         nan                 1.133635e+01         5.698000e+03         nan                 nan                                                    0.000000e+00    nan                                nan                 nan                       nan                      nan                      nan 
9.236709e-04    1.268961e-03    nan            1.000000e+03         1.000000e+04         nan                 1.133635e+01         5.698000e+03         nan                 nan                                                    0.000000e+00    nan                                nan                 nan                       nan                      nan                      nan 
9.236709e-04    1.268961e-03    nan            1.000000e+04         1.000000e+05         nan                 1.133635e+01         5.698000e+03         nan                 nan                                                    0.000000e+00    nan                                nan                 nan                       nan                      nan                      nan 
1.268961e-03    1.743329e-03    1.538008e-03   4.000000e+00         1.000000e+01         5.503799e+00        1.133635e+01         5.698000e+03         2.427512e+03        1.323235e+00                                           2.662968e+00    1.631860e+00                       3.458               1.07446                   0.0527174                0.187681                 3.495780e+05 
1.268961e-03    1.743329e-03    1.570191e-03   1.000000e+01         1.000000e+02         1.182486e+01        1.133635e+01         5.698000e+03         4.476604e+03        1.826253e+00                                           8.830297e-02    2.971582e-01                       0.0747422           0.153571                  0.0857143                0.167857                 1.284100e+04 
1.268961e-03    1.743329e-03    nan            1.000000e+02         1.000000e+03         nan                 1.133635e+01         5.698000e+03         nan                 nan                                                    0.000000e+00    nan                                nan                 nan                       nan                      nan                      nan 
1.268961e-03    1.743329e-03    nan            1.000000e+03         1.000000e+04         nan                 1.133635e+01         5.698000e+03         nan                 nan                                                    0.000000e+00    nan                                nan                 nan                       nan                      nan                      nan 
1.268961e-03    1.743329e-03    nan            1.000000e+04         1.000000e+05         nan                 1.133635e+01         5.698000e+03         nan                 nan                                                    0.000000e+00    nan                                nan                 nan                       nan                      nan                      nan 
1.743329e-03    2.395027e-03    2.101392e-03   4.000000e+00         1.000000e+01         5.681129e+00        1.133635e+01         5.698000e+03         1.950664e+03        9.298519e-01                                           7.468554e+00    2.732865e+00                       6.32997             0.78536                   0.0429663                0.174729                 3.510820e+05 
1.743329e-03    2.395027e-03    2.169357e-03   1.000000e+01         1.000000e+02         1.226808e+01        1.133635e+01         5.698000e+03         3.617912e+03        1.261803e+00                                           6.223878e-01    7.889156e-01                       0.538126            0.363077                  0.0623077                0.274615                 3.207200e+04 
1.743329e-03    2.395027e-03    nan            1.000000e+02         1.000000e+03         nan                 1.133635e+01         5.698000e+03         nan                 nan                                                    0.000000e+00    nan                                nan                 nan                       nan                      nan                      nan 
1.743329e-03    2.395027e-03    nan            1.000000e+03         1.000000e+04         nan                 1.133635e+01         5.698000e+03         nan                 nan                                                    0.000000e+00    nan                                nan                 nan                       nan                      nan                      nan 
1.743329e-03    2.395027e-03    nan            1.000000e+04         1.000000e+05         nan                 1.133635e+01         5.698000e+03         nan                 nan                                                    0.000000e+00    nan                                nan                 nan                       nan                      nan                      nan 
2.395027e-03    3.290345e-03    2.870383e-03   4.000000e+00         1.000000e+01         5.979437e+00        1.133635e+01         5.698000e+03         1.591614e+03        6.754960e-01                                           1.725702e+01    4.154157e+00                       8.90155             0.539582                  0.0374095                0.16361                  3.517360e+05 
2.395027e-03    3.290345e-03    2.921588e-03   1.000000e+01         1.000000e+02         1.347882e+01        1.133635e+01         5.698000e+03         2.999222e+03        9.379657e-01                                           2.804417e+00    1.674639e+00                       1.35289             0.196897                  0.0272414                0.230172                 5.865500e+04 
2.395027e-03    3.290345e-03    nan            1.000000e+02         1.000000e+03         nan                 1.133635e+01         5.698000e+03         nan                 nan                                                    0.000000e+00    nan                                nan                 nan                       nan                      nan                      nan 
2.395027e-03    3.290345e-03    nan            1.000000e+03         1.000000e+04         nan                 1.133635e+01         5.698000e+03         nan                 nan                                                    0.000000e+00    nan                                nan                 nan                       nan                      nan                      nan 
2.395027e-03    3.290345e-03    nan            1.000000e+04         1.000000e+05         nan                 1.133635e+01         5.698000e+03         nan                 nan                                                    0.000000e+00    nan                                nan                 nan                       nan                      nan                      nan 
3.290345e-03    4.520354e-03    3.942816e-03   4.000000e+00         1.000000e+01         6.208003e+00        1.133635e+01         5.698000e+03         1.301133e+03        4.768145e-01                                           3.429715e+01    5.856377e+00                       9.11679             0.327794                  0.033929                 0.146252                 3.512720e+05 
3.290345e-03    4.520354e-03    3.972783e-03   1.000000e+01         1.000000e+02         1.435338e+01        1.133635e+01         5.698000e+03         2.457246e+03        6.591906e-01                                           9.829558e+00    3.135213e+00                       1.94267             0.0825453                 0.0129779                0.114185                 9.588500e+04 
3.290345e-03    4.520354e-03    nan            1.000000e+02         1.000000e+03         nan                 1.133635e+01         5.698000e+03         nan                 nan                                                    0.000000e+00    nan                                nan                 nan                       nan                      nan                      nan 
3.290345e-03    4.520354e-03    nan            1.000000e+03         1.000000e+04         nan                 1.133635e+01         5.698000e+03         nan                 nan                                                    0.000000e+00    nan                                nan                 nan                       nan                      nan                      nan 
3.290345e-03    4.520354e-03    nan            1.000000e+04         1.000000e+05         nan                 1.133635e+01         5.698000e+03         nan                 nan                                                    0.000000e+00    nan                                nan                 nan                       nan                      nan                      nan 
4.520354e-03    6.210169e-03    5.392560e-03   4.000000e+00         1.000000e+01         6.375795e+00        1.133635e+01         5.698000e+03         1.079297e+03        3.315175e-01                                           5.824071e+01    7.631560e+00                       4.4073              0.146462                  0.0280322                0.13585                  3.501380e+05 
4.520354e-03    6.210169e-03    5.465740e-03   1.000000e+01         1.000000e+02         1.548894e+01        1.133635e+01         5.698000e+03         2.014088e+03        4.451859e-01                                           2.770716e+01    5.263759e+00                       0.262825            0.0368617                 0.0117021                0.0397163                1.457550e+05 
4.520354e-03    6.210169e-03    nan            1.000000e+02         1.000000e+03         nan                 1.133635e+01         5.698000e+03         nan                 nan                                                    0.000000e+00    nan                                nan                 nan                       nan                      nan                      nan 
4.520354e-03    6.210169e-03    nan            1.000000e+03         1.000000e+04         nan                 1.133635e+01         5.698000e+03         nan                 nan                                                    0.000000e+00    nan                                nan                 nan                       nan                      nan                      nan 
4.520354e-03    6.210169e-03    nan            1.000000e+04         1.000000e+05         nan                 1.133635e+01         5.698000e+03         nan                 nan                                                    0.000000e+00    nan                                nan                 nan                       nan                      nan                      nan 
6.210169e-03    8.531679e-03    7.391792e-03   4.000000e+00         1.000000e+01         6.537939e+00        1.133635e+01         5.698000e+03         8.949614e+02        2.243945e-01                                           8.788063e+01    9.374467e+00                       1.63445             0.0379978                 0.0215867                0.105259                 3.511640e+05 
6.210169e-03    8.531679e-03    7.473863e-03   1.000000e+01         1.000000e+02         1.713189e+01        1.133635e+01         5.698000e+03         1.706618e+03        2.978510e-01                                           6.621730e+01    8.137401e+00                       7.62251             0.122258                  0.00522727               0.00628788               2.144890e+05 
6.210169e-03    8.531679e-03    nan            1.000000e+02         1.000000e+03         nan                 1.133635e+01         5.698000e+03         nan                 nan                                                    0.000000e+00    nan                                nan                 nan                       nan                      nan                      nan 
6.210169e-03    8.531679e-03    nan            1.000000e+03         1.000000e+04         nan                 1.133635e+01         5.698000e+03         nan                 nan                                                    0.000000e+00    nan                                nan                 nan                       nan                      nan                      nan 
6.210169e-03    8.531679e-03    nan            1.000000e+04         1.000000e+05         nan                 1.133635e+01         5.698000e+03         nan                 nan                                                    0.000000e+00    nan                                nan                 nan                       nan                      nan                      nan 
8.531679e-03    1.172102e-02    1.010396e-02   4.000000e+00         1.000000e+01         6.659057e+00        1.133635e+01         5.698000e+03         7.618729e+02        1.493966e-01                                           1.177770e+02    1.085251e+01                       13.8152             0.0745721                 0.0180413                0.0778675                3.519270e+05 
8.531679e-03    1.172102e-02    1.021412e-02   1.000000e+01         1.000000e+02         1.916612e+01        1.133635e+01         5.698000e+03         1.464187e+03        1.956402e-01                                           1.325069e+02    1.151116e+01                       29.7243             0.206333                  0.00178441               0.0207356                3.008240e+05 
8.531679e-03    1.172102e-02    1.146682e-02   1.000000e+02         1.000000e+03         1.065146e+02        1.133635e+01         5.698000e+03         5.229756e+03        2.128016e-01                                           1.244318e-02    1.115490e-01                       0.0174205           0.5                       0.3                      2.45                     7.500000e+02 
8.531679e-03    1.172102e-02    nan            1.000000e+03         1.000000e+04         nan                 1.133635e+01         5.698000e+03         nan                 nan                                                    0.000000e+00    nan                                nan                 nan                       nan                      nan                      nan 
8.531679e-03    1.172102e-02    nan            1.000000e+04         1.000000e+05         nan                 1.133635e+01         5.698000e+03         nan                 nan                                                    0.000000e+00    nan                                nan                 nan                       nan                      nan                      nan 
1.172102e-02    1.610262e-02    1.384322e-02   4.000000e+00         1.000000e+01         6.761519e+00        1.133635e+01         5.698000e+03         6.620986e+02        1.041445e-01                                           1.445815e+02    1.202420e+01                       30.7313             0.183194                  0.024054                 0.0635161                3.511130e+05 
1.172102e-02    1.610262e-02    1.397946e-02   1.000000e+01         1.000000e+02         2.213803e+01        1.133635e+01         5.698000e+03         1.294466e+03        1.340335e-01                                           2.386740e+02    1.544908e+01                       65.4869             0.252194                  0.00416701               0.0268103                3.481790e+05 
1.172102e-02    1.610262e-02    1.469786e-02   1.000000e+02         1.000000e+03         1.118252e+02        1.133635e+01         5.698000e+03         4.672921e+03        1.450093e-01                                           3.737190e-01    6.113256e-01                       0.201149            0.219118                  0.0838235                1.21176                  9.018000e+03 
1.172102e-02    1.610262e-02    nan            1.000000e+03         1.000000e+04         nan                 1.133635e+01         5.698000e+03         nan                 nan                                                    0.000000e+00    nan                                nan                 nan                       nan                      nan                      nan 
1.172102e-02    1.610262e-02    nan            1.000000e+04         1.000000e+05         nan                 1.133635e+01         5.698000e+03         nan                 nan                                                    0.000000e+00    nan                                nan                 nan                       nan                      nan                      nan 
1.610262e-02    2.212216e-02    1.897229e-02   4.000000e+00         1.000000e+01         6.864859e+00        1.133635e+01         5.698000e+03         5.766493e+02        7.045181e-02                                           1.658620e+02    1.287874e+01                       45.3525             0.25955                   0.0176332                0.0401138                3.509500e+05 
1.610262e-02    2.212216e-02    1.914931e-02   1.000000e+01         1.000000e+02         2.544758e+01        1.133635e+01         5.698000e+03         1.145525e+03        9.105756e-02                                           3.874123e+02    1.968279e+01                       123.853             0.291641                  0.00244987               0.0343606                3.508290e+05 
1.610262e-02    2.212216e-02    1.975121e-02   1.000000e+02         1.000000e+03         1.202908e+02        1.133635e+01         5.698000e+03         3.803563e+03        9.883484e-02                                           2.798661e+00    1.672920e+00                       0.106926            0.346179                  0.0224252                0.506977                 2.642900e+04 
1.610262e-02    2.212216e-02    nan            1.000000e+03         1.000000e+04         nan                 1.133635e+01         5.698000e+03         nan                 nan                                                    0.000000e+00    nan                                nan                 nan                       nan                      nan                      nan 
1.610262e-02    2.212216e-02    nan            1.000000e+04         1.000000e+05         nan                 1.133635e+01         5.698000e+03         nan                 nan                                                    0.000000e+00    nan                                nan                 nan                       nan                      nan                      nan 
2.212216e-02    3.039195e-02    2.605775e-02   4.000000e+00         1.000000e+01         6.920554e+00        1.133635e+01         5.698000e+03         5.213636e+02        4.587106e-02                                           1.762321e+02    1.327524e+01                       56.8054             0.327283                  0.0257906                0.0331252                3.513980e+05 
2.212216e-02    3.039195e-02    2.629475e-02   1.000000e+01         1.000000e+02         2.930711e+01        1.133635e+01         5.698000e+03         1.017218e+03        5.960673e-02                                           5.733600e+02    2.394494e+01                       205.218             0.330912                  0.00522003               0.0467879                3.508890e+05 
2.212216e-02    3.039195e-02    2.694235e-02   1.000000e+02         1.000000e+03         1.284959e+02        1.133635e+01         5.698000e+03         3.084405e+03        6.299164e-02                                           1.260477e+01    3.550320e+00                       1.67919             0.321726                  0.0130966                0.269569                 5.131500e+04 
2.212216e-02    3.039195e-02    nan            1.000000e+03         1.000000e+04         nan                 1.133635e+01         5.698000e+03         nan                 nan                                                    0.000000e+00    nan                                nan                 nan                       nan                      nan                      nan 
2.212216e-02    3.039195e-02    nan            1.000000e+04         1.000000e+05         nan                 1.133635e+01         5.698000e+03         nan                 nan                                                    0.000000e+00    nan                                nan                 nan                       nan                      nan                      nan 
3.039195e-02    4.175319e-02    3.585265e-02   4.000000e+00         1.000000e+01         6.974103e+00        1.133635e+01         5.698000e+03         4.621954e+02        2.854572e-02                                           1.766699e+02    1.329172e+01                       63.7961             0.37758                   0.0172294                0.00566862               3.519450e+05 
3.039195e-02    4.175319e-02    3.610082e-02   1.000000e+01         1.000000e+02         3.348608e+01        1.133635e+01         5.698000e+03         9.058314e+02        3.781346e-02                                           7.753828e+02    2.784570e+01                       284.537             0.33887                   0.00106328               0.043627                 3.516210e+05 
3.039195e-02    4.175319e-02    3.686209e-02   1.000000e+02         1.000000e+03         1.367574e+02        1.133635e+01         5.698000e+03         2.487044e+03        3.842897e-02                                           4.139663e+01    6.434021e+00                       7.9602              0.302803                  0.00441034               0.173429                 8.497500e+04 
3.039195e-02    4.175319e-02    nan            1.000000e+03         1.000000e+04         nan                 1.133635e+01         5.698000e+03         nan                 nan                                                    0.000000e+00    nan                                nan                 nan                       nan                      nan                      nan 
3.039195e-02    4.175319e-02    nan            1.000000e+04         1.000000e+05         nan                 1.133635e+01         5.698000e+03         nan                 nan                                                    0.000000e+00    nan                                nan                 nan                       nan                      nan                      nan 
4.175319e-02    5.736153e-02    4.915721e-02   4.000000e+00         1.000000e+01         6.992044e+00        1.133635e+01         5.698000e+03         4.268394e+02        1.741656e-02                                           1.686610e+02    1.298696e+01                       67.1506             0.423883                  0.0155612                0.0154511                3.519950e+05 
4.175319e-02    5.736153e-02    4.944643e-02   1.000000e+01         1.000000e+02         3.738747e+01        1.133635e+01         5.698000e+03         7.987955e+02        2.314010e-02                                           9.643113e+02    3.105336e+01                       352.734             0.340094                  0.00191686               0.037784                 3.520450e+05 
4.175319e-02    5.736153e-02    5.028334e-02   1.000000e+02         1.000000e+03         1.468659e+02        1.133635e+01         5.698000e+03         2.041880e+03        2.274119e-02                                           1.073209e+02    1.035958e+01                       25.6777             0.288805                  0.00271083               0.0765462                1.319580e+05 
4.175319e-02    5.736153e-02    nan            1.000000e+03         1.000000e+04         nan                 1.133635e+01         5.698000e+03         nan                 nan                                                    0.000000e+00    nan                                nan                 nan                       nan                      nan                      nan 
4.175319e-02    5.736153e-02    nan            1.000000e+04         1.000000e+05         nan                 1.133635e+01         5.698000e+03         nan                 nan                                                    0.000000e+00    nan                                nan                 nan                       nan                      nan                      nan 
5.736153e-02    7.880463e-02    6.732528e-02   4.000000e+00         1.000000e+01         6.993846e+00        1.133635e+01         5.698000e+03         3.906931e+02        1.076466e-02                                           1.603829e+02    1.266424e+01                       73.622              0.488024                  0.017991                 0.019799                 3.515560e+05 
5.736153e-02    7.880463e-02    6.768376e-02   1.000000e+01         1.000000e+02         4.086890e+01        1.133635e+01         5.698000e+03         7.025073e+02        1.383516e-02                                           1.116498e+03    3.341404e+01                       405.082             0.339402                  0.00159889               0.0321223                3.507230e+05 
5.736153e-02    7.880463e-02    6.868535e-02   1.000000e+02         1.000000e+03         1.598852e+02        1.133635e+01         5.698000e+03         1.706235e+03        1.301499e-02                                           2.294490e+02    1.514757e+01                       56.1012             0.26163                   0.0039993                0.0285157                1.952260e+05 
5.736153e-02    7.880463e-02    nan            1.000000e+03         1.000000e+04         nan                 1.133635e+01         5.698000e+03         nan                 nan                                                    0.000000e+00    nan                                nan                 nan                       nan                      nan                      nan 
5.736153e-02    7.880463e-02    nan            1.000000e+04         1.000000e+05         nan                 1.133635e+01         5.698000e+03         nan                 nan                                                    0.000000e+00    nan                                nan                 nan                       nan                      nan                      nan 
7.880463e-02    1.082637e-01    9.236918e-02   4.000000e+00         1.000000e+01         7.026764e+00        1.133635e+01         5.698000e+03         3.732421e+02        7.073390e-03                                           1.483476e+02    1.217980e+01                       76.3716             0.550506                  0.0233796                0.0170769                3.509800e+05 
7.880463e-02    1.082637e-01    9.272689e-02   1.000000e+01         1.000000e+02         4.376411e+01        1.133635e+01         5.698000e+03         6.184423e+02        8.902435e-03                                           1.224175e+03    3.498822e+01                       445.323             0.344432                  0.00178286               0.0274171                3.510160e+05 
7.880463e-02    1.082637e-01    9.385371e-02   1.000000e+02         1.000000e+03         1.773416e+02        1.133635e+01         5.698000e+03         1.448841e+03        8.062965e-03                                           4.221625e+02    2.054659e+01                       107.929             0.247186                  0.00132532               0.00778482               2.801270e+05 
7.880463e-02    1.082637e-01    1.043585e-01   1.000000e+03         1.000000e+04         1.028917e+03        1.133635e+01         5.698000e+03         5.388407e+03        5.015743e-03                                           5.221082e-03    7.225706e-02                       0.00278458          0.6                       0.533333                 0.5                      2.170000e+02 
7.880463e-02    1.082637e-01    nan            1.000000e+04         1.000000e+05         nan                 1.133635e+01         5.698000e+03         nan                 nan                                                    0.000000e+00    nan                                nan                 nan                       nan                      nan                      nan 
1.082637e-01    1.487352e-01    1.266305e-01   4.000000e+00         1.000000e+01         7.033763e+00        1.133635e+01         5.698000e+03         3.554836e+02        4.383150e-03                                           1.307598e+02    1.143503e+01                       73.6636             0.604052                  0.0253129                0.0230092                3.519060e+05 
1.082637e-01    1.487352e-01    1.272407e-01   1.000000e+01         1.000000e+02         4.611258e+01        1.133635e+01         5.698000e+03         5.464801e+02        5.391992e-03                                           1.271446e+03    3.565735e+01                       470.723             0.360131                  0.005629                 0.0284058                3.507170e+05 
1.082637e-01    1.487352e-01    1.285638e-01   1.000000e+02         1.000000e+03         1.983194e+02        1.133635e+01         5.698000e+03         1.242159e+03        4.733905e-03                                           6.698151e+02    2.588079e+01                       172.069             0.232709                  0.00370947               0.0345286                3.428120e+05 
1.082637e-01    1.487352e-01    1.357237e-01   1.000000e+03         1.000000e+04         1.118419e+03        1.133635e+01         5.698000e+03         4.786334e+03        3.153039e-03                                           3.736331e-01    6.112554e-01                       0.30836             0.153012                  0.0783133                1.09157                  5.956000e+03 
1.082637e-01    1.487352e-01    nan            1.000000e+04         1.000000e+05         nan                 1.133635e+01         5.698000e+03         nan                 nan                                                    0.000000e+00    nan                                nan                 nan                       nan                      nan                      nan 
1.487352e-01    2.043360e-01    1.739453e-01   4.000000e+00         1.000000e+01         7.064023e+00        1.133635e+01         5.698000e+03         3.504868e+02        2.460138e-03                                           1.032888e+02    1.016311e+01                       61.5843             0.651151                  0.0311943                0.0327688                3.516610e+05 
1.487352e-01    2.043360e-01    1.747132e-01   1.000000e+01         1.000000e+02         4.808035e+01        1.133635e+01         5.698000e+03         4.876784e+02        3.022897e-03                                           1.185820e+03    3.443573e+01                       427.818             0.359334                  0.00888312               0.0210978                3.509870e+05 
1.487352e-01    2.043360e-01    1.764768e-01   1.000000e+02         1.000000e+03         2.253364e+02        1.133635e+01         5.698000e+03         1.085006e+03        2.567094e-03                                           9.349171e+02    3.057641e+01                       221.745             0.204529                  0.00851594               0.0508815                3.503260e+05 
1.487352e-01    2.043360e-01    1.827563e-01   1.000000e+03         1.000000e+04         1.173530e+03        1.133635e+01         5.698000e+03         3.975195e+03        1.750786e-03                                           2.824222e+00    1.680542e+00                       1.52394             0.0723154                 0.0204698                0.638087                 2.193800e+04 
1.487352e-01    2.043360e-01    nan            1.000000e+04         1.000000e+05         nan                 1.133635e+01         5.698000e+03         nan                 nan                                                    0.000000e+00    nan                                nan                 nan                       nan                      nan                      nan 
2.043360e-01    2.807216e-01    2.388961e-01   4.000000e+00         1.000000e+01         7.101939e+00        1.133635e+01         5.698000e+03         3.386665e+02        1.175898e-03                                           7.037470e+01    8.388963e+00                       42.6157             0.67505                   0.0224499                0.107674                 3.506180e+05 
2.043360e-01    2.807216e-01    2.393972e-01   1.000000e+01         1.000000e+02         4.975969e+01        1.133635e+01         5.698000e+03         4.436202e+02        1.527158e-03                                           9.529175e+02    3.086936e+01                       298.282             0.323478                  0.00326831               0.0132247                3.520020e+05 
2.043360e-01    2.807216e-01    2.414528e-01   1.000000e+02         1.000000e+03         2.565283e+02        1.133635e+01         5.698000e+03         9.559444e+02        1.240359e-03                                           1.052553e+03    3.244308e+01                       176.664             0.127397                  0.00434577               0.0531071                3.514250e+05 
2.043360e-01    2.807216e-01    2.477288e-01   1.000000e+03         1.000000e+04         1.241537e+03        1.133635e+01         5.698000e+03         3.199243e+03        8.338109e-04                                           1.054836e+01    3.247824e+00                       4.53473             0.0620515                 0.0113155                0.360948                 4.475100e+04 
2.043360e-01    2.807216e-01    nan            1.000000e+04         1.000000e+05         nan                 1.133635e+01         5.698000e+03         nan                 nan                                                    0.000000e+00    nan                                nan                 nan                       nan                      nan                      nan 
2.807216e-01    3.856620e-01    3.261683e-01   4.000000e+00         1.000000e+01         7.088832e+00        1.133635e+01         5.698000e+03         3.342685e+02        5.072539e-04                                           4.394947e+01    6.629440e+00                       27.3584             0.708958                  0.0306189                0.151527                 3.508060e+05 
2.807216e-01    3.856620e-01    3.266886e-01   1.000000e+01         1.000000e+02         5.118699e+01        1.133635e+01         5.698000e+03         4.095327e+02        6.403020e-04                                           6.471964e+02    2.544005e+01                       139.225             0.246673                  0.0015242                0.068765                 3.514040e+05 
2.807216e-01    3.856620e-01    3.292854e-01   1.000000e+02         1.000000e+03         2.883248e+02        1.133635e+01         5.698000e+03         8.460646e+02        4.929584e-04                                           9.491060e+02    3.080756e+01                       13.9989             0.0377524                 0.00136382               0.0414925                3.515140e+05 
2.807216e-01    3.856620e-01    3.367392e-01   1.000000e+03         1.000000e+04         1.315380e+03        1.133635e+01         5.698000e+03         2.588133e+03        3.223016e-04                                           2.357852e+01    4.855772e+00                       13.1721             0.310471                  0.00434426               0.191455                 7.531900e+04 
2.807216e-01    3.856620e-01    nan            1.000000e+04         1.000000e+05         nan                 1.133635e+01         5.698000e+03         nan                 nan                                                    0.000000e+00    nan                                nan                 nan                       nan                      nan                      nan 
3.856620e-01    5.298317e-01    4.398105e-01   4.000000e+00         1.000000e+01         7.160186e+00        1.133635e+01         5.698000e+03         3.296881e+02        2.052047e-04                                           2.117648e+01    4.601791e+00                       12.0432             0.717433                  0.032877                 0.331187                 3.499830e+05 
3.856620e-01    5.298317e-01    4.434451e-01   1.000000e+01         1.000000e+02         5.204276e+01        1.133635e+01         5.698000e+03         3.850586e+02        2.791001e-04                                           3.767774e+02    1.941076e+01                       21.0914             0.127597                  0.0140548                0.113572                 3.503050e+05 
3.856620e-01    5.298317e-01    4.458813e-01   1.000000e+02         1.000000e+03         3.211502e+02        1.133635e+01         5.698000e+03         7.535330e+02        2.007094e-04                                           7.040505e+02    2.653395e+01                       157.957             0.284641                  0.00827641               0.0483819                3.502300e+05 
3.856620e-01    5.298317e-01    4.530288e-01   1.000000e+03         1.000000e+04         1.376396e+03        1.133635e+01         5.698000e+03         2.100804e+03        1.198323e-04                                           3.684717e+01    6.070187e+00                       31.8499             0.742834                  0.00536605               0.048254                 1.184650e+05 
3.856620e-01    5.298317e-01    nan            1.000000e+04         1.000000e+05         nan                 1.133635e+01         5.698000e+03         nan                 nan                                                    0.000000e+00    nan                                nan                 nan                       nan                      nan                      nan 
5.298317e-01    7.278954e-01    5.936259e-01   4.000000e+00         1.000000e+01         7.516058e+00        1.133635e+01         5.698000e+03         3.322450e+02        4.364166e-05                                           5.354591e+00    2.313999e+00                       1.20062             0.576325                  0.025777                 1.0925                   2.607820e+05 
5.298317e-01    7.278954e-01    5.985295e-01   1.000000e+01         1.000000e+02         5.371478e+01        1.133635e+01         5.698000e+03         3.676369e+02        7.723904e-05                                           1.311594e+02    1.145249e+01                       93.6101             0.501135                  0.00343317               0.477362                 3.507150e+05 
5.298317e-01    7.278954e-01    5.997133e-01   1.000000e+02         1.000000e+03         3.454818e+02        1.133635e+01         5.698000e+03         6.695519e+02        4.849323e-05                                           2.880928e+02    1.697330e+01                       393.206             1.44096                   0.0149359                0.0687856                3.512110e+05 
5.298317e-01    7.278954e-01    6.067534e-01   1.000000e+03         1.000000e+04         1.453600e+03        1.133635e+01         5.698000e+03         1.727600e+03        2.708160e-05                                           2.620448e+01    5.119031e+00                       66.8626             2.54871                   0.0130801                0.063997                 1.765620e+05 
5.298317e-01    7.278954e-01    nan            1.000000e+04         1.000000e+05         nan                 1.133635e+01         5.698000e+03         nan                 nan                                                    0.000000e+00    nan                                nan                 nan                       nan                      nan                      nan 
7.278954e-01    1.000000e+00    7.388709e-01   4.000000e+00         1.000000e+01         9.466467e+00        1.133635e+01         5.698000e+03         3.615216e+02        1.457349e-05                                           5.602198e-02    2.366896e-01                       0.018674            0.36                      0.413333                 1.76                     6.248000e+03 
7.278954e-01    1.000000e+00    7.881250e-01   1.000000e+01         1.000000e+02         5.637071e+01        1.133635e+01         5.698000e+03         3.547146e+02        1.033301e-05                                           1.559610e+01    3.949190e+00                       92.4623             4.75089                   0.120675                 2.48412                  2.590660e+05 
7.278954e-01    1.000000e+00    7.918249e-01   1.000000e+02         1.000000e+03         3.639190e+02        1.133635e+01         5.698000e+03         5.878588e+02        5.983989e-06                                           4.033975e+01    6.351358e+00                       412.523             10.235                    0.115732                 0.870293                 3.403140e+05 
7.278954e-01    1.000000e+00    7.955863e-01   1.000000e+03         1.000000e+04         1.555450e+03        1.133635e+01         5.698000e+03         1.458564e+03        3.216422e-06                                           5.789362e+00    2.406109e+00                       101.788             18.4079                   0.116273                 0.0689091                2.567420e+05 
7.278954e-01    1.000000e+00    nan            1.000000e+04         1.000000e+05         nan                 1.133635e+01         5.698000e+03         nan                 nan                                                    0.000000e+00    nan                                nan                 nan                       nan                      nan                      nan 
