Experiment = FASERv2FCC_wide_WithCuts | seed 2 | Neutrino = -14 | Exp. Target density (nucleons / cm3) = 10^(25.1) | Exp. Target Length = 660.0 cm | Total Events = 86532801.0 |        del_theta = 0.06 mrad, theta_max = 50.0 mrad |        del_Elepton = 30.0 % , Elepton_min = 100.00 GeV, Elepton_max = 100000.00 GeV|        del_Ehadron = 30.0 %, Ehadron_min = 100.00 GeV GeV, Ehadron_max = 100000.00 GeV
x_lower         x_upper         x_avg          Q2_lower[GeV^2]      Q2_upper[GeV^2]      Q2_avg[GeV^2]       E_nu_lower[GeV]      E_nu_upper[GeV]      E_nu_avg[GeV]       d^sigma/dxdQ2(x_avg,Q2_avg,Enu_avg) pb / GeV^2         N_events        N_events_errs = Sqrt[N_events]     N_sys_errs          Fractional_error_theta    Fractional_error_Elepton Fractional_error_Ehadron MC_Samples 
1.000000e-04    1.373824e-04    nan            4.000000e+00         1.000000e+01         nan                 1.133635e+01         4.000000e+04         nan                 nan                                                    0.000000e+00    nan                                nan                 nan                       nan                      nan                      nan 
1.000000e-04    1.373824e-04    nan            1.000000e+01         1.000000e+02         nan                 1.133635e+01         4.000000e+04         nan                 nan                                                    0.000000e+00    nan                                nan                 nan                       nan                      nan                      nan 
1.000000e-04    1.373824e-04    nan            1.000000e+02         1.000000e+03         nan                 1.133635e+01         4.000000e+04         nan                 nan                                                    0.000000e+00    nan                                nan                 nan                       nan                      nan                      nan 
1.000000e-04    1.373824e-04    nan            1.000000e+03         1.000000e+04         nan                 1.133635e+01         4.000000e+04         nan                 nan                                                    0.000000e+00    nan                                nan                 nan                       nan                      nan                      nan 
1.000000e-04    1.373824e-04    nan            1.000000e+04         1.000000e+05         nan                 1.133635e+01         4.000000e+04         nan                 nan                                                    0.000000e+00    nan                                nan                 nan                       nan                      nan                      nan 
1.373824e-04    1.887392e-04    1.789508e-04   4.000000e+00         1.000000e+01         5.375428e+00        1.133635e+01         4.000000e+04         1.729600e+04        8.815136e+01                                           2.621005e+02    1.618952e+01                       262.101             0.7                       0.5                      0.5                      4.206500e+04 
1.373824e-04    1.887392e-04    nan            1.000000e+01         1.000000e+02         nan                 1.133635e+01         4.000000e+04         nan                 nan                                                    0.000000e+00    nan                                nan                 nan                       nan                      nan                      nan 
1.373824e-04    1.887392e-04    nan            1.000000e+02         1.000000e+03         nan                 1.133635e+01         4.000000e+04         nan                 nan                                                    0.000000e+00    nan                                nan                 nan                       nan                      nan                      nan 
1.373824e-04    1.887392e-04    nan            1.000000e+03         1.000000e+04         nan                 1.133635e+01         4.000000e+04         nan                 nan                                                    0.000000e+00    nan                                nan                 nan                       nan                      nan                      nan 
1.373824e-04    1.887392e-04    nan            1.000000e+04         1.000000e+05         nan                 1.133635e+01         4.000000e+04         nan                 nan                                                    0.000000e+00    nan                                nan                 nan                       nan                      nan                      nan 
1.887392e-04    2.592944e-04    2.402160e-04   4.000000e+00         1.000000e+01         5.877339e+00        1.133635e+01         4.000000e+04         1.514411e+04        6.481867e+01                                           9.800631e+02    3.130596e+01                       392.025             0.375                     0.35                     0.25                     5.759100e+04 
1.887392e-04    2.592944e-04    nan            1.000000e+01         1.000000e+02         nan                 1.133635e+01         4.000000e+04         nan                 nan                                                    0.000000e+00    nan                                nan                 nan                       nan                      nan                      nan 
1.887392e-04    2.592944e-04    nan            1.000000e+02         1.000000e+03         nan                 1.133635e+01         4.000000e+04         nan                 nan                                                    0.000000e+00    nan                                nan                 nan                       nan                      nan                      nan 
1.887392e-04    2.592944e-04    nan            1.000000e+03         1.000000e+04         nan                 1.133635e+01         4.000000e+04         nan                 nan                                                    0.000000e+00    nan                                nan                 nan                       nan                      nan                      nan 
1.887392e-04    2.592944e-04    nan            1.000000e+04         1.000000e+05         nan                 1.133635e+01         4.000000e+04         nan                 nan                                                    0.000000e+00    nan                                nan                 nan                       nan                      nan                      nan 
2.592944e-04    3.562248e-04    3.291096e-04   4.000000e+00         1.000000e+01         5.300453e+00        1.133635e+01         4.000000e+04         1.211669e+04        4.634375e+01                                           2.845864e+03    5.334664e+01                       1935.19             0.4                       0.86                     0.32                     6.910200e+04 
2.592944e-04    3.562248e-04    nan            1.000000e+01         1.000000e+02         nan                 1.133635e+01         4.000000e+04         nan                 nan                                                    0.000000e+00    nan                                nan                 nan                       nan                      nan                      nan 
2.592944e-04    3.562248e-04    nan            1.000000e+02         1.000000e+03         nan                 1.133635e+01         4.000000e+04         nan                 nan                                                    0.000000e+00    nan                                nan                 nan                       nan                      nan                      nan 
2.592944e-04    3.562248e-04    nan            1.000000e+03         1.000000e+04         nan                 1.133635e+01         4.000000e+04         nan                 nan                                                    0.000000e+00    nan                                nan                 nan                       nan                      nan                      nan 
2.592944e-04    3.562248e-04    nan            1.000000e+04         1.000000e+05         nan                 1.133635e+01         4.000000e+04         nan                 nan                                                    0.000000e+00    nan                                nan                 nan                       nan                      nan                      nan 
3.562248e-04    4.893901e-04    4.286041e-04   4.000000e+00         1.000000e+01         6.164944e+00        1.133635e+01         4.000000e+04         1.200248e+04        3.827630e+01                                           6.672539e+03    8.168561e+01                       1363.52             0.1                       0.152174                 0.191304                 7.771100e+04 
3.562248e-04    4.893901e-04    4.557031e-04   1.000000e+01         1.000000e+02         1.357916e+01        1.133635e+01         4.000000e+04         1.653559e+04        3.861913e+01                                           9.144386e+02    3.023969e+01                       396.257             0.433333                  0.333333                 0.433333                 8.208000e+03 
3.562248e-04    4.893901e-04    nan            1.000000e+02         1.000000e+03         nan                 1.133635e+01         4.000000e+04         nan                 nan                                                    0.000000e+00    nan                                nan                 nan                       nan                      nan                      nan 
3.562248e-04    4.893901e-04    nan            1.000000e+03         1.000000e+04         nan                 1.133635e+01         4.000000e+04         nan                 nan                                                    0.000000e+00    nan                                nan                 nan                       nan                      nan                      nan 
3.562248e-04    4.893901e-04    nan            1.000000e+04         1.000000e+05         nan                 1.133635e+01         4.000000e+04         nan                 nan                                                    0.000000e+00    nan                                nan                 nan                       nan                      nan                      nan 
4.893901e-04    6.723358e-04    5.820155e-04   4.000000e+00         1.000000e+01         5.995478e+00        1.133635e+01         4.000000e+04         9.117225e+03        2.731543e+01                                           1.376601e+04    1.173286e+02                       1864.15             0.114583                  0.13125                  0.20625                  8.363500e+04 
4.893901e-04    6.723358e-04    6.214439e-04   1.000000e+01         1.000000e+02         1.346881e+01        1.133635e+01         4.000000e+04         1.420576e+04        2.974458e+01                                           3.488686e+03    5.906510e+01                       1162.9              0.311111                  0.411111                 0.388889                 1.443100e+04 
4.893901e-04    6.723358e-04    nan            1.000000e+02         1.000000e+03         nan                 1.133635e+01         4.000000e+04         nan                 nan                                                    0.000000e+00    nan                                nan                 nan                       nan                      nan                      nan 
4.893901e-04    6.723358e-04    nan            1.000000e+03         1.000000e+04         nan                 1.133635e+01         4.000000e+04         nan                 nan                                                    0.000000e+00    nan                                nan                 nan                       nan                      nan                      nan 
4.893901e-04    6.723358e-04    nan            1.000000e+04         1.000000e+05         nan                 1.133635e+01         4.000000e+04         nan                 nan                                                    0.000000e+00    nan                                nan                 nan                       nan                      nan                      nan 
6.723358e-04    9.236709e-04    8.096715e-04   4.000000e+00         1.000000e+01         6.110226e+00        1.133635e+01         4.000000e+04         6.724450e+03        1.847822e+01                                           2.648506e+04    1.627423e+02                       3026.86             0.0561224                 0.158163                 0.116327                 8.810900e+04 
6.723358e-04    9.236709e-04    8.168685e-04   1.000000e+01         1.000000e+02         1.428682e+01        1.133635e+01         4.000000e+04         1.339051e+04        2.361039e+01                                           9.572644e+03    9.783989e+01                       2065.68             0.102632                  0.0736842                0.110526                 2.300500e+04 
6.723358e-04    9.236709e-04    nan            1.000000e+02         1.000000e+03         nan                 1.133635e+01         4.000000e+04         nan                 nan                                                    0.000000e+00    nan                                nan                 nan                       nan                      nan                      nan 
6.723358e-04    9.236709e-04    nan            1.000000e+03         1.000000e+04         nan                 1.133635e+01         4.000000e+04         nan                 nan                                                    0.000000e+00    nan                                nan                 nan                       nan                      nan                      nan 
6.723358e-04    9.236709e-04    nan            1.000000e+04         1.000000e+05         nan                 1.133635e+01         4.000000e+04         nan                 nan                                                    0.000000e+00    nan                                nan                 nan                       nan                      nan                      nan 
9.236709e-04    1.268961e-03    1.113559e-03   4.000000e+00         1.000000e+01         6.452957e+00        1.133635e+01         4.000000e+04         5.627791e+03        1.318492e+01                                           4.597181e+04    2.144104e+02                       2601.7              0.056044                  0.0835165                0.137363                 9.121900e+04 
9.236709e-04    1.268961e-03    1.103178e-03   1.000000e+01         1.000000e+02         1.675033e+01        1.133635e+01         4.000000e+04         1.186134e+04        1.669941e+01                                           2.442920e+04    1.562984e+02                       2982.93             0.107368                  0.0821053                0.0568421                3.528200e+04 
9.236709e-04    1.268961e-03    nan            1.000000e+02         1.000000e+03         nan                 1.133635e+01         4.000000e+04         nan                 nan                                                    0.000000e+00    nan                                nan                 nan                       nan                      nan                      nan 
9.236709e-04    1.268961e-03    nan            1.000000e+03         1.000000e+04         nan                 1.133635e+01         4.000000e+04         nan                 nan                                                    0.000000e+00    nan                                nan                 nan                       nan                      nan                      nan 
9.236709e-04    1.268961e-03    nan            1.000000e+04         1.000000e+05         nan                 1.133635e+01         4.000000e+04         nan                 nan                                                    0.000000e+00    nan                                nan                 nan                       nan                      nan                      nan 
1.268961e-03    1.743329e-03    1.512615e-03   4.000000e+00         1.000000e+01         6.452379e+00        1.133635e+01         4.000000e+04         4.952070e+03        9.612271e+00                                           7.389503e+04    2.718364e+02                       5477.53             0.0615385                 0.109091                 0.104196                 9.358300e+04 
1.268961e-03    1.743329e-03    1.546542e-03   1.000000e+01         1.000000e+02         2.005826e+01        1.133635e+01         4.000000e+04         1.050066e+04        1.141306e+01                                           5.145266e+04    2.268318e+02                       11724.5             0.0459016                 0.242623                 0.0710383                5.065900e+04 
1.268961e-03    1.743329e-03    nan            1.000000e+02         1.000000e+03         nan                 1.133635e+01         4.000000e+04         nan                 nan                                                    0.000000e+00    nan                                nan                 nan                       nan                      nan                      nan 
1.268961e-03    1.743329e-03    nan            1.000000e+03         1.000000e+04         nan                 1.133635e+01         4.000000e+04         nan                 nan                                                    0.000000e+00    nan                                nan                 nan                       nan                      nan                      nan 
1.268961e-03    1.743329e-03    nan            1.000000e+04         1.000000e+05         nan                 1.133635e+01         4.000000e+04         nan                 nan                                                    0.000000e+00    nan                                nan                 nan                       nan                      nan                      nan 
1.743329e-03    2.395027e-03    2.062895e-03   4.000000e+00         1.000000e+01         6.551756e+00        1.133635e+01         4.000000e+04         4.008286e+03        6.902956e+00                                           1.124235e+05    3.352962e+02                       6151.48             0.0742138                 0.0257862                0.156184                 9.536600e+04 
1.743329e-03    2.395027e-03    2.080884e-03   1.000000e+01         1.000000e+02         2.064365e+01        1.133635e+01         4.000000e+04         8.453373e+03        8.108392e+00                                           1.040485e+05    3.225655e+02                       13803.9             0.0241895                 0.124439                 0.025187                 6.393400e+04 
1.743329e-03    2.395027e-03    nan            1.000000e+02         1.000000e+03         nan                 1.133635e+01         4.000000e+04         nan                 nan                                                    0.000000e+00    nan                                nan                 nan                       nan                      nan                      nan 
1.743329e-03    2.395027e-03    nan            1.000000e+03         1.000000e+04         nan                 1.133635e+01         4.000000e+04         nan                 nan                                                    0.000000e+00    nan                                nan                 nan                       nan                      nan                      nan 
1.743329e-03    2.395027e-03    nan            1.000000e+04         1.000000e+05         nan                 1.133635e+01         4.000000e+04         nan                 nan                                                    0.000000e+00    nan                                nan                 nan                       nan                      nan                      nan 
2.395027e-03    3.290345e-03    2.829201e-03   4.000000e+00         1.000000e+01         6.558169e+00        1.133635e+01         4.000000e+04         3.334282e+03        5.035573e+00                                           1.585026e+05    3.981238e+02                       18622.7             0.035159                  0.160071                 0.0821555                9.631800e+04 
2.395027e-03    3.290345e-03    2.866311e-03   1.000000e+01         1.000000e+02         2.349081e+01        1.133635e+01         4.000000e+04         7.306313e+03        5.800749e+00                                           1.978401e+05    4.447923e+02                       18814.5             0.0206623                 0.145033                 0.0286093                7.366400e+04 
2.395027e-03    3.290345e-03    3.127837e-03   1.000000e+02         1.000000e+03         1.088253e+02        1.133635e+01         4.000000e+04         2.433089e+04        5.773083e+00                                           8.149150e+02    2.854672e+01                       1303.86             0.55                      0.5                      1.25                     3.310000e+03 
2.395027e-03    3.290345e-03    nan            1.000000e+03         1.000000e+04         nan                 1.133635e+01         4.000000e+04         nan                 nan                                                    0.000000e+00    nan                                nan                 nan                       nan                      nan                      nan 
2.395027e-03    3.290345e-03    nan            1.000000e+04         1.000000e+05         nan                 1.133635e+01         4.000000e+04         nan                 nan                                                    0.000000e+00    nan                                nan                 nan                       nan                      nan                      nan 
3.290345e-03    4.520354e-03    3.921013e-03   4.000000e+00         1.000000e+01         6.829589e+00        1.133635e+01         4.000000e+04         2.816296e+03        3.573081e+00                                           2.160706e+05    4.648340e+02                       20771.7             0.031701                  0.135438                 0.0581186                9.736200e+04 
3.290345e-03    4.520354e-03    3.913221e-03   1.000000e+01         1.000000e+02         2.676103e+01        1.133635e+01         4.000000e+04         6.458231e+03        4.148691e+00                                           3.438700e+05    5.864043e+02                       40218.6             0.0160032                 0.148169                 0.0147293                8.088400e+04 
3.290345e-03    4.520354e-03    3.910893e-03   1.000000e+02         1.000000e+03         1.200237e+02        1.133635e+01         4.000000e+04         1.931283e+04        4.295325e+00                                           5.414933e+03    7.358623e+01                       1237.7              0.1                       0.232143                 0.2                      7.036000e+03 
3.290345e-03    4.520354e-03    nan            1.000000e+03         1.000000e+04         nan                 1.133635e+01         4.000000e+04         nan                 nan                                                    0.000000e+00    nan                                nan                 nan                       nan                      nan                      nan 
3.290345e-03    4.520354e-03    nan            1.000000e+04         1.000000e+05         nan                 1.133635e+01         4.000000e+04         nan                 nan                                                    0.000000e+00    nan                                nan                 nan                       nan                      nan                      nan 
4.520354e-03    6.210169e-03    5.350483e-03   4.000000e+00         1.000000e+01         6.709849e+00        1.133635e+01         4.000000e+04         2.480089e+03        2.560133e+00                                           2.679178e+05    5.176078e+02                       10334.0             0.0650476                 0.0519048                0.0940952                9.798500e+04 
4.520354e-03    6.210169e-03    5.366368e-03   1.000000e+01         1.000000e+02         2.915948e+01        1.133635e+01         4.000000e+04         5.585771e+03        2.914875e+00                                           5.662095e+05    7.524689e+02                       46074.7             0.0173198                 0.117562                 0.0391872                8.587100e+04 
4.520354e-03    6.210169e-03    5.492006e-03   1.000000e+02         1.000000e+03         1.346273e+02        1.133635e+01         4.000000e+04         1.672169e+04        2.879139e+00                                           2.130456e+04    1.459608e+02                       4962.4              0.045122                  0.0646341                0.209756                 1.256100e+04 
4.520354e-03    6.210169e-03    nan            1.000000e+03         1.000000e+04         nan                 1.133635e+01         4.000000e+04         nan                 nan                                                    0.000000e+00    nan                                nan                 nan                       nan                      nan                      nan 
4.520354e-03    6.210169e-03    nan            1.000000e+04         1.000000e+05         nan                 1.133635e+01         4.000000e+04         nan                 nan                                                    0.000000e+00    nan                                nan                 nan                       nan                      nan                      nan 
6.210169e-03    8.531679e-03    7.360628e-03   4.000000e+00         1.000000e+01         6.774413e+00        1.133635e+01         4.000000e+04         2.021188e+03        1.762050e+00                                           3.235601e+05    5.688234e+02                       19618.5             0.0176948                 0.123377                 0.0404221                9.848500e+04 
6.210169e-03    8.531679e-03    7.411265e-03   1.000000e+01         1.000000e+02         3.190879e+01        1.133635e+01         4.000000e+04         4.712018e+03        1.976207e+00                                           8.310767e+05    9.116341e+02                       69424.3             0.0162093                 0.112891                 0.017007                 8.982000e+04 
6.210169e-03    8.531679e-03    7.488994e-03   1.000000e+02         1.000000e+03         1.457662e+02        1.133635e+01         4.000000e+04         1.428125e+04        1.938779e+00                                           6.225458e+04    2.495087e+02                       4587.18             0.047807                  0.0631579                0.0872807                2.072900e+04 
6.210169e-03    8.531679e-03    nan            1.000000e+03         1.000000e+04         nan                 1.133635e+01         4.000000e+04         nan                 nan                                                    0.000000e+00    nan                                nan                 nan                       nan                      nan                      nan 
6.210169e-03    8.531679e-03    nan            1.000000e+04         1.000000e+05         nan                 1.133635e+01         4.000000e+04         nan                 nan                                                    0.000000e+00    nan                                nan                 nan                       nan                      nan                      nan 
8.531679e-03    1.172102e-02    1.009150e-02   4.000000e+00         1.000000e+01         6.815573e+00        1.133635e+01         4.000000e+04         1.895532e+03        1.242768e+00                                           3.878572e+05    6.227819e+02                       32722.9             0.0217725                 0.113189                 0.0277041                9.885400e+04 
8.531679e-03    1.172102e-02    1.013158e-02   1.000000e+01         1.000000e+02         3.364261e+01        1.133635e+01         4.000000e+04         4.124553e+03        1.357594e+00                                           1.207669e+06    1.098940e+03                       69186.9             0.00557377                0.0958033                0.029224                 9.238100e+04 
8.531679e-03    1.172102e-02    1.031738e-02   1.000000e+02         1.000000e+03         1.575837e+02        1.133635e+01         4.000000e+04         1.205372e+04        1.273177e+00                                           1.401608e+05    3.743806e+02                       8872.31             0.0165049                 0.0403883                0.027767                 3.152100e+04 
8.531679e-03    1.172102e-02    nan            1.000000e+03         1.000000e+04         nan                 1.133635e+01         4.000000e+04         nan                 nan                                                    0.000000e+00    nan                                nan                 nan                       nan                      nan                      nan 
8.531679e-03    1.172102e-02    nan            1.000000e+04         1.000000e+05         nan                 1.133635e+01         4.000000e+04         nan                 nan                                                    0.000000e+00    nan                                nan                 nan                       nan                      nan                      nan 
1.172102e-02    1.610262e-02    1.375096e-02   4.000000e+00         1.000000e+01         6.916436e+00        1.133635e+01         4.000000e+04         1.617873e+03        9.059627e-01                                           4.442576e+05    6.665265e+02                       34333.9             0.0158952                 0.0931181                0.015408                 9.909400e+04 
1.172102e-02    1.610262e-02    1.385858e-02   1.000000e+01         1.000000e+02         3.679355e+01        1.133635e+01         4.000000e+04         3.569967e+03        9.702430e-01                                           1.676294e+06    1.294718e+03                       1.01161e+05         0.00858465                0.0947024                0.0310515                9.439900e+04 
1.172102e-02    1.610262e-02    1.403034e-02   1.000000e+02         1.000000e+03         1.766795e+02        1.133635e+01         4.000000e+04         1.037685e+04        8.608426e-01                                           2.898607e+05    5.383871e+02                       29183.3             0.0174927                 0.0716229                0.0506317                4.663800e+04 
1.172102e-02    1.610262e-02    nan            1.000000e+03         1.000000e+04         nan                 1.133635e+01         4.000000e+04         nan                 nan                                                    0.000000e+00    nan                                nan                 nan                       nan                      nan                      nan 
1.172102e-02    1.610262e-02    nan            1.000000e+04         1.000000e+05         nan                 1.133635e+01         4.000000e+04         nan                 nan                                                    0.000000e+00    nan                                nan                 nan                       nan                      nan                      nan 
1.610262e-02    2.212216e-02    1.901076e-02   4.000000e+00         1.000000e+01         6.826072e+00        1.133635e+01         4.000000e+04         1.445347e+03        6.449018e-01                                           5.056951e+05    7.111224e+02                       9733.27             0.0238172                 0.0582796                0.0736559                9.913600e+04 
1.610262e-02    2.212216e-02    1.906742e-02   1.000000e+01         1.000000e+02         3.901353e+01        1.133635e+01         4.000000e+04         3.068318e+03        6.809866e-01                                           2.210860e+06    1.486896e+03                       82404.8             0.00694545                0.0690182                0.026497                 9.584600e+04 
1.610262e-02    2.212216e-02    1.920802e-02   1.000000e+02         1.000000e+03         1.935434e+02        1.133635e+01         4.000000e+04         8.719842e+03        5.742755e-01                                           5.702872e+05    7.551736e+02                       20167.0             0.00701413                0.0247443                0.00867024               6.122600e+04 
1.610262e-02    2.212216e-02    nan            1.000000e+03         1.000000e+04         nan                 1.133635e+01         4.000000e+04         nan                 nan                                                    0.000000e+00    nan                                nan                 nan                       nan                      nan                      nan 
1.610262e-02    2.212216e-02    nan            1.000000e+04         1.000000e+05         nan                 1.133635e+01         4.000000e+04         nan                 nan                                                    0.000000e+00    nan                                nan                 nan                       nan                      nan                      nan 
2.212216e-02    3.039195e-02    2.583302e-02   4.000000e+00         1.000000e+01         7.316841e+00        1.133635e+01         4.000000e+04         1.408857e+03        4.687835e-01                                           4.592742e+05    6.776977e+02                       20800.5             0.00857488                0.12029                  0.122524                 8.434000e+04 
2.212216e-02    3.039195e-02    2.617711e-02   1.000000e+01         1.000000e+02         4.043563e+01        1.133635e+01         4.000000e+04         2.700241e+03        4.729375e-01                                           2.818233e+06    1.678759e+03                       85730.7             0.00342419                0.0532738                0.0340964                9.695100e+04 
2.212216e-02    3.039195e-02    2.642004e-02   1.000000e+02         1.000000e+03         2.131840e+02        1.133635e+01         4.000000e+04         7.516548e+03        3.735181e-01                                           9.615739e+05    9.805987e+02                       16795.1             0.0102426                 0.0138544                0.0204852                7.179900e+04 
2.212216e-02    3.039195e-02    2.753253e-02   1.000000e+03         1.000000e+04         1.170552e+03        1.133635e+01         4.000000e+04         2.472330e+04        2.282481e-01                                           1.622710e+03    4.028288e+01                       5233.24             0.15                      0.75                     2.3                      2.654000e+03 
2.212216e-02    3.039195e-02    nan            1.000000e+04         1.000000e+05         nan                 1.133635e+01         4.000000e+04         nan                 nan                                                    0.000000e+00    nan                                nan                 nan                       nan                      nan                      nan 
3.039195e-02    4.175319e-02    3.514871e-02   4.000000e+00         1.000000e+01         8.262423e+00        1.133635e+01         4.000000e+04         1.282344e+03        3.316127e-01                                           3.114135e+05    5.580444e+02                       50101.7             0.0113274                 0.10531                  0.245841                 5.371800e+04 
3.039195e-02    4.175319e-02    3.596724e-02   1.000000e+01         1.000000e+02         4.231292e+01        1.133635e+01         4.000000e+04         2.344725e+03        3.199131e-01                                           3.370983e+06    1.836024e+03                       82169.1             0.00317164                0.0509166                0.0288287                9.773100e+04 
3.039195e-02    4.175319e-02    3.626522e-02   1.000000e+02         1.000000e+03         2.324677e+02        1.133635e+01         4.000000e+04         6.315251e+03        2.370040e-01                                           1.623602e+06    1.274206e+03                       45738.3             0.00488093                0.00859652               0.0172606                7.934300e+04 
3.039195e-02    4.175319e-02    3.700379e-02   1.000000e+03         1.000000e+04         1.182226e+03        1.133635e+01         4.000000e+04         2.143560e+04        1.503040e-01                                           1.129755e+04    1.062899e+02                       5474.97             0.0487179                 0.110256                 0.65641                  5.928000e+03 
3.039195e-02    4.175319e-02    nan            1.000000e+04         1.000000e+05         nan                 1.133635e+01         4.000000e+04         nan                 nan                                                    0.000000e+00    nan                                nan                 nan                       nan                      nan                      nan 
4.175319e-02    5.736153e-02    4.560014e-02   4.000000e+00         1.000000e+01         9.286317e+00        1.133635e+01         4.000000e+04         1.294492e+03        2.454778e-01                                           7.938947e+04    2.817614e+02                       28135.8             0.0298742                 0.0613208                0.423899                 1.342200e+04 
4.175319e-02    5.736153e-02    4.931737e-02   1.000000e+01         1.000000e+02         4.388391e+01        1.133635e+01         4.000000e+04         2.100738e+03        2.157414e-01                                           3.671735e+06    1.916177e+03                       49635.5             0.00209972                0.0328441                0.0348104                9.819400e+04 
4.175319e-02    5.736153e-02    4.970415e-02   1.000000e+02         1.000000e+03         2.544293e+02        1.133635e+01         4.000000e+04         5.511282e+03        1.500188e-01                                           2.316363e+06    1.521960e+03                       1.14011e+05         0.00393984                0.017791                 0.020541                 8.464700e+04 
4.175319e-02    5.736153e-02    5.057399e-02   1.000000e+03         1.000000e+04         1.255777e+03        1.133635e+01         4.000000e+04         1.734595e+04        8.706367e-02                                           4.307875e+04    2.075542e+02                       5294.02             0.0168675                 0.116867                 0.250602                 1.102100e+04 
4.175319e-02    5.736153e-02    nan            1.000000e+04         1.000000e+05         nan                 1.133635e+01         4.000000e+04         nan                 nan                                                    0.000000e+00    nan                                nan                 nan                       nan                      nan                      nan 
5.736153e-02    7.880463e-02    nan            4.000000e+00         1.000000e+01         nan                 1.133635e+01         4.000000e+04         nan                 nan                                                    0.000000e+00    nan                                nan                 nan                       nan                      nan                      nan 
5.736153e-02    7.880463e-02    6.742435e-02   1.000000e+01         1.000000e+02         4.661957e+01        1.133635e+01         4.000000e+04         1.918624e+03        1.449096e-01                                           3.925045e+06    1.981173e+03                       1.88247e+05         0.00210254                0.00323009               0.0510513                9.566500e+04 
5.736153e-02    7.880463e-02    6.794507e-02   1.000000e+02         1.000000e+03         2.749967e+02        1.133635e+01         4.000000e+04         4.796541e+03        9.377902e-02                                           3.232907e+06    1.798029e+03                       1.66336e+05         0.00246056                0.0202649                0.0230606                8.895200e+04 
5.736153e-02    7.880463e-02    6.843156e-02   1.000000e+03         1.000000e+04         1.357563e+03        1.133635e+01         4.000000e+04         1.483914e+04        4.949875e-02                                           1.099946e+05    3.316543e+02                       3609.95             0.0169604                 0.11696                  0.0685022                1.827600e+04 
5.736153e-02    7.880463e-02    nan            1.000000e+04         1.000000e+05         nan                 1.133635e+01         4.000000e+04         nan                 nan                                                    0.000000e+00    nan                                nan                 nan                       nan                      nan                      nan 
7.880463e-02    1.082637e-01    nan            4.000000e+00         1.000000e+01         nan                 1.133635e+01         4.000000e+04         nan                 nan                                                    0.000000e+00    nan                                nan                 nan                       nan                      nan                      nan 
7.880463e-02    1.082637e-01    9.247875e-02   1.000000e+01         1.000000e+02         5.087860e+01        1.133635e+01         4.000000e+04         1.769382e+03        1.006336e-01                                           3.954857e+06    1.988682e+03                       3.69677e+05         0.00183099                0.0346948                0.0609256                9.075500e+04 
7.880463e-02    1.082637e-01    9.326707e-02   1.000000e+02         1.000000e+03         2.943400e+02        1.133635e+01         4.000000e+04         4.189240e+03        6.379432e-02                                           4.249880e+06    2.061524e+03                       3.46308e+05         0.00229706                0.0526955                0.0292891                9.184000e+04 
7.880463e-02    1.082637e-01    9.376590e-02   1.000000e+03         1.000000e+04         1.471467e+03        1.133635e+01         4.000000e+04         1.271012e+04        3.086321e-02                                           2.328731e+05    4.825693e+02                       10523.3             0.00962241                0.0459196                0.0965895                2.862100e+04 
7.880463e-02    1.082637e-01    nan            1.000000e+04         1.000000e+05         nan                 1.133635e+01         4.000000e+04         nan                 nan                                                    0.000000e+00    nan                                nan                 nan                       nan                      nan                      nan 
1.082637e-01    1.487352e-01    nan            4.000000e+00         1.000000e+01         nan                 1.133635e+01         4.000000e+04         nan                 nan                                                    0.000000e+00    nan                                nan                 nan                       nan                      nan                      nan 
1.082637e-01    1.487352e-01    1.269443e-01   1.000000e+01         1.000000e+02         5.572442e+01        1.133635e+01         4.000000e+04         1.684154e+03        6.802387e-02                                           3.607196e+06    1.899262e+03                       5.55608e+05         0.00317894                0.0814514                0.0744894                8.349700e+04 
1.082637e-01    1.487352e-01    1.278752e-01   1.000000e+02         1.000000e+03         3.150280e+02        1.133635e+01         4.000000e+04         3.746335e+03        4.259779e-02                                           5.418861e+06    2.327845e+03                       6.42905e+05         0.00319405                0.0808859                0.0327893                9.402200e+04 
1.082637e-01    1.487352e-01    1.289222e-01   1.000000e+03         1.000000e+04         1.562035e+03        1.133635e+01         4.000000e+04         1.069089e+04        1.840657e-02                                           4.270791e+05    6.535129e+02                       9215.46             0.00525961                0.0684423                0.0440998                4.286100e+04 
1.082637e-01    1.487352e-01    nan            1.000000e+04         1.000000e+05         nan                 1.133635e+01         4.000000e+04         nan                 nan                                                    0.000000e+00    nan                                nan                 nan                       nan                      nan                      nan 
1.487352e-01    2.043360e-01    nan            4.000000e+00         1.000000e+01         nan                 1.133635e+01         4.000000e+04         nan                 nan                                                    0.000000e+00    nan                                nan                 nan                       nan                      nan                      nan 
1.487352e-01    2.043360e-01    1.739060e-01   1.000000e+01         1.000000e+02         6.185418e+01        1.133635e+01         4.000000e+04         1.588000e+03        4.412676e-02                                           3.079254e+06    1.754780e+03                       6.72631e+05         0.00184059                0.14729                  0.103166                 7.378200e+04 
1.487352e-01    2.043360e-01    1.758305e-01   1.000000e+02         1.000000e+03         3.265042e+02        1.133635e+01         4.000000e+04         3.299777e+03        2.727244e-02                                           6.195797e+06    2.489136e+03                       1.00954e+06         0.00139875                0.130755                 0.0444244                9.556700e+04 
1.487352e-01    2.043360e-01    1.767361e-01   1.000000e+03         1.000000e+04         1.698143e+03        1.133635e+01         4.000000e+04         9.340850e+03        1.053920e-02                                           6.459787e+05    8.037280e+02                       47320.1             0.00458637                0.0801543                0.0218603                5.777400e+04 
1.487352e-01    2.043360e-01    nan            1.000000e+04         1.000000e+05         nan                 1.133635e+01         4.000000e+04         nan                 nan                                                    0.000000e+00    nan                                nan                 nan                       nan                      nan                      nan 
2.043360e-01    2.807216e-01    nan            4.000000e+00         1.000000e+01         nan                 1.133635e+01         4.000000e+04         nan                 nan                                                    0.000000e+00    nan                                nan                 nan                       nan                      nan                      nan 
2.043360e-01    2.807216e-01    2.380315e-01   1.000000e+01         1.000000e+02         6.981175e+01        1.133635e+01         4.000000e+04         1.538686e+03        2.669470e-02                                           2.255193e+06    1.501730e+03                       6.19822e+05         0.00295013                0.183517                 0.120932                 6.054800e+04 
2.043360e-01    2.807216e-01    2.412768e-01   1.000000e+02         1.000000e+03         3.407095e+02        1.133635e+01         4.000000e+04         2.994659e+03        1.652827e-02                                           6.546298e+06    2.558573e+03                       1.31472e+06         0.00096533                0.169208                 0.0456991                9.659700e+04 
2.043360e-01    2.807216e-01    2.423291e-01   1.000000e+03         1.000000e+04         1.758157e+03        1.133635e+01         4.000000e+04         8.238518e+03        6.240800e-03                                           8.601634e+05    9.274500e+02                       1.04684e+05         0.00508263                0.106205                 0.0179919                6.896600e+04 
2.043360e-01    2.807216e-01    2.629381e-01   1.000000e+04         1.000000e+05         1.187470e+04        1.133635e+01         4.000000e+04         2.513277e+04        3.419851e-04                                           1.465762e+02    1.210687e+01                       109.932             0.0                       0.6                      0.4                      1.972000e+03 
2.807216e-01    3.856620e-01    nan            4.000000e+00         1.000000e+01         nan                 1.133635e+01         4.000000e+04         nan                 nan                                                    0.000000e+00    nan                                nan                 nan                       nan                      nan                      nan 
2.807216e-01    3.856620e-01    3.225061e-01   1.000000e+01         1.000000e+02         7.924559e+01        1.133635e+01         4.000000e+04         1.407415e+03        1.404291e-02                                           1.270608e+06    1.127212e+03                       4.37524e+05         0.00491979                0.227144                 0.171401                 4.131200e+04 
2.807216e-01    3.856620e-01    3.291054e-01   1.000000e+02         1.000000e+03         3.534378e+02        1.133635e+01         4.000000e+04         2.730937e+03        8.723328e-03                                           6.002347e+06    2.449969e+03                       1.23938e+06         0.00118896                0.175392                 0.0465971                9.733700e+04 
2.807216e-01    3.856620e-01    3.310504e-01   1.000000e+03         1.000000e+04         1.836093e+03        1.133635e+01         4.000000e+04         7.038766e+03        3.009680e-03                                           9.479939e+05    9.736498e+02                       1.03472e+05         0.00453297                0.0768132                0.041978                 7.747600e+04 
2.807216e-01    3.856620e-01    3.777279e-01   1.000000e+04         1.000000e+05         1.110858e+04        1.133635e+01         4.000000e+04         2.082210e+04        1.667731e-04                                           6.720932e+02    2.592476e+01                       302.442             0.2                       0.375                    0.475                    4.914000e+03 
3.856620e-01    5.298317e-01    nan            4.000000e+00         1.000000e+01         nan                 1.133635e+01         4.000000e+04         nan                 nan                                                    0.000000e+00    nan                                nan                 nan                       nan                      nan                      nan 
3.856620e-01    5.298317e-01    4.260536e-01   1.000000e+01         1.000000e+02         8.939822e+01        1.133635e+01         4.000000e+04         1.489549e+03        7.461394e-03                                           3.198631e+05    5.655644e+02                       1.27685e+05         0.00668297                0.225428                 0.241972                 1.576000e+04 
3.856620e-01    5.298317e-01    4.448974e-01   1.000000e+02         1.000000e+03         3.625100e+02        1.133635e+01         4.000000e+04         2.466839e+03        3.940071e-03                                           3.956756e+06    1.989160e+03                       5.10167e+05         0.0021923                 0.101828                 0.0488681                9.777700e+04 
3.856620e-01    5.298317e-01    4.455312e-01   1.000000e+03         1.000000e+04         1.917143e+03        1.133635e+01         4.000000e+04         6.298609e+03        1.370444e-03                                           8.231797e+05    9.072925e+02                       16426.1             0.00374349                0.0612956                0.0981445                8.316400e+04 
3.856620e-01    5.298317e-01    4.164370e-01   1.000000e+04         1.000000e+05         1.452339e+04        1.133635e+01         4.000000e+04         2.128760e+04        5.104826e-05                                           1.457940e+03    3.818297e+01                       6123.35             0.9                       2.2                      1.75                     9.537000e+03 
5.298317e-01    7.278954e-01    nan            4.000000e+00         1.000000e+01         nan                 1.133635e+01         4.000000e+04         nan                 nan                                                    0.000000e+00    nan                                nan                 nan                       nan                      nan                      nan 
5.298317e-01    7.278954e-01    nan            1.000000e+01         1.000000e+02         nan                 1.133635e+01         4.000000e+04         nan                 nan                                                    0.000000e+00    nan                                nan                 nan                       nan                      nan                      nan 
5.298317e-01    7.278954e-01    5.971710e-01   1.000000e+02         1.000000e+03         3.766855e+02        1.133635e+01         4.000000e+04         2.202157e+03        9.312605e-04                                           1.365476e+06    1.168536e+03                       7.51037e+05         0.00422961                0.519902                 0.238708                 9.626300e+04 
5.298317e-01    7.278954e-01    6.023924e-01   1.000000e+03         1.000000e+04         2.012718e+03        1.133635e+01         4.000000e+04         5.569168e+03        2.934427e-04                                           3.618529e+05    6.015421e+02                       2.37551e+05         0.0032601                 0.759745                 0.0500354                8.729700e+04 
5.298317e-01    7.278954e-01    6.235457e-01   1.000000e+04         1.000000e+05         1.141684e+04        1.133635e+01         4.000000e+04         1.672357e+04        2.332592e-05                                           1.210356e+03    3.479017e+01                       887.594             0.0                       0.866667                 0.266667                 1.576300e+04 
7.278954e-01    1.000000e+00    nan            4.000000e+00         1.000000e+01         nan                 1.133635e+01         4.000000e+04         nan                 nan                                                    0.000000e+00    nan                                nan                 nan                       nan                      nan                      nan 
7.278954e-01    1.000000e+00    nan            1.000000e+01         1.000000e+02         nan                 1.133635e+01         4.000000e+04         nan                 nan                                                    0.000000e+00    nan                                nan                 nan                       nan                      nan                      nan 
7.278954e-01    1.000000e+00    7.804506e-01   1.000000e+02         1.000000e+03         4.253639e+02        1.133635e+01         4.000000e+04         2.140727e+03        9.407475e-05                                           1.267085e+05    3.559613e+02                       8.87254e+05         0.0145877                 5.89408                  2.82051                  8.942200e+04 
7.278954e-01    1.000000e+00    7.799454e-01   1.000000e+03         1.000000e+04         2.063775e+03        1.133635e+01         4.000000e+04         4.862181e+03        2.852741e-05                                           3.944595e+04    1.986100e+02                       3.27187e+05         0.0129252                 8.49116                  1.47483                  8.971800e+04 
7.278954e-01    1.000000e+00    7.667730e-01   1.000000e+04         1.000000e+05         1.255937e+04        1.133635e+01         4.000000e+04         1.542761e+04        2.837856e-06                                           1.549149e+02    1.244648e+01                       1347.76             0.0                       8.2                      0.5                      2.487700e+04 
