Experiment = SND | seed 2 | Neutrino = 14 | Exp. Target density (nucleons / cm3) = 10^(25.1) | Exp. Target Length = 35 cm | Total Events = 35.4 |        del_theta = 0.06 mrad, theta_max = 150.0 mrad |        del_Elepton = 30.0 % , Elepton_min = 20.00 GeV, Elepton_max = 10000.00 GeV|        del_Ehadron = 30.0 %, Ehadron_min = 20.00 GeV GeV, Ehadron_max = 10000.00 GeV
x_lower         x_upper         x_avg          Q2_lower[GeV^2]      Q2_upper[GeV^2]      Q2_avg[GeV^2]       E_nu_lower[GeV]      E_nu_upper[GeV]      E_nu_avg[GeV]       d^sigma/dxdQ2(x_avg,Q2_avg,Enu_avg) pb / GeV^2         N_events        N_events_errs = Sqrt[N_events]     N_sys_errs          Percent_error_theta       Percent_error_Elepton    Percent_error_Ehadron    MC_Samples 
1.000000e-04    1.373824e-04    nan            4.000000e+00         1.000000e+01         nan                 1.133635e+01         5.698000e+03         nan                 nan                                                    0.000000e+00    nan                                nan                 nan                       nan                      nan                      nan 
1.000000e-04    1.373824e-04    nan            1.000000e+01         1.000000e+02         nan                 1.133635e+01         5.698000e+03         nan                 nan                                                    0.000000e+00    nan                                nan                 nan                       nan                      nan                      nan 
1.000000e-04    1.373824e-04    nan            1.000000e+02         1.000000e+03         nan                 1.133635e+01         5.698000e+03         nan                 nan                                                    0.000000e+00    nan                                nan                 nan                       nan                      nan                      nan 
1.000000e-04    1.373824e-04    nan            1.000000e+03         1.000000e+04         nan                 1.133635e+01         5.698000e+03         nan                 nan                                                    0.000000e+00    nan                                nan                 nan                       nan                      nan                      nan 
1.000000e-04    1.373824e-04    nan            1.000000e+04         1.000000e+05         nan                 1.133635e+01         5.698000e+03         nan                 nan                                                    0.000000e+00    nan                                nan                 nan                       nan                      nan                      nan 
1.373824e-04    1.887392e-04    nan            4.000000e+00         1.000000e+01         nan                 1.133635e+01         5.698000e+03         nan                 nan                                                    0.000000e+00    nan                                nan                 nan                       nan                      nan                      nan 
1.373824e-04    1.887392e-04    nan            1.000000e+01         1.000000e+02         nan                 1.133635e+01         5.698000e+03         nan                 nan                                                    0.000000e+00    nan                                nan                 nan                       nan                      nan                      nan 
1.373824e-04    1.887392e-04    nan            1.000000e+02         1.000000e+03         nan                 1.133635e+01         5.698000e+03         nan                 nan                                                    0.000000e+00    nan                                nan                 nan                       nan                      nan                      nan 
1.373824e-04    1.887392e-04    nan            1.000000e+03         1.000000e+04         nan                 1.133635e+01         5.698000e+03         nan                 nan                                                    0.000000e+00    nan                                nan                 nan                       nan                      nan                      nan 
1.373824e-04    1.887392e-04    nan            1.000000e+04         1.000000e+05         nan                 1.133635e+01         5.698000e+03         nan                 nan                                                    0.000000e+00    nan                                nan                 nan                       nan                      nan                      nan 
1.887392e-04    2.592944e-04    nan            4.000000e+00         1.000000e+01         nan                 1.133635e+01         5.698000e+03         nan                 nan                                                    0.000000e+00    nan                                nan                 nan                       nan                      nan                      nan 
1.887392e-04    2.592944e-04    nan            1.000000e+01         1.000000e+02         nan                 1.133635e+01         5.698000e+03         nan                 nan                                                    0.000000e+00    nan                                nan                 nan                       nan                      nan                      nan 
1.887392e-04    2.592944e-04    nan            1.000000e+02         1.000000e+03         nan                 1.133635e+01         5.698000e+03         nan                 nan                                                    0.000000e+00    nan                                nan                 nan                       nan                      nan                      nan 
1.887392e-04    2.592944e-04    nan            1.000000e+03         1.000000e+04         nan                 1.133635e+01         5.698000e+03         nan                 nan                                                    0.000000e+00    nan                                nan                 nan                       nan                      nan                      nan 
1.887392e-04    2.592944e-04    nan            1.000000e+04         1.000000e+05         nan                 1.133635e+01         5.698000e+03         nan                 nan                                                    0.000000e+00    nan                                nan                 nan                       nan                      nan                      nan 
2.592944e-04    3.562248e-04    nan            4.000000e+00         1.000000e+01         nan                 1.133635e+01         5.698000e+03         nan                 nan                                                    0.000000e+00    nan                                nan                 nan                       nan                      nan                      nan 
2.592944e-04    3.562248e-04    nan            1.000000e+01         1.000000e+02         nan                 1.133635e+01         5.698000e+03         nan                 nan                                                    0.000000e+00    nan                                nan                 nan                       nan                      nan                      nan 
2.592944e-04    3.562248e-04    nan            1.000000e+02         1.000000e+03         nan                 1.133635e+01         5.698000e+03         nan                 nan                                                    0.000000e+00    nan                                nan                 nan                       nan                      nan                      nan 
2.592944e-04    3.562248e-04    nan            1.000000e+03         1.000000e+04         nan                 1.133635e+01         5.698000e+03         nan                 nan                                                    0.000000e+00    nan                                nan                 nan                       nan                      nan                      nan 
2.592944e-04    3.562248e-04    nan            1.000000e+04         1.000000e+05         nan                 1.133635e+01         5.698000e+03         nan                 nan                                                    0.000000e+00    nan                                nan                 nan                       nan                      nan                      nan 
3.562248e-04    4.893901e-04    nan            4.000000e+00         1.000000e+01         nan                 1.133635e+01         5.698000e+03         nan                 nan                                                    0.000000e+00    nan                                nan                 nan                       nan                      nan                      nan 
3.562248e-04    4.893901e-04    nan            1.000000e+01         1.000000e+02         nan                 1.133635e+01         5.698000e+03         nan                 nan                                                    0.000000e+00    nan                                nan                 nan                       nan                      nan                      nan 
3.562248e-04    4.893901e-04    nan            1.000000e+02         1.000000e+03         nan                 1.133635e+01         5.698000e+03         nan                 nan                                                    0.000000e+00    nan                                nan                 nan                       nan                      nan                      nan 
3.562248e-04    4.893901e-04    nan            1.000000e+03         1.000000e+04         nan                 1.133635e+01         5.698000e+03         nan                 nan                                                    0.000000e+00    nan                                nan                 nan                       nan                      nan                      nan 
3.562248e-04    4.893901e-04    nan            1.000000e+04         1.000000e+05         nan                 1.133635e+01         5.698000e+03         nan                 nan                                                    0.000000e+00    nan                                nan                 nan                       nan                      nan                      nan 
4.893901e-04    6.723358e-04    nan            4.000000e+00         1.000000e+01         nan                 1.133635e+01         5.698000e+03         nan                 nan                                                    0.000000e+00    nan                                nan                 nan                       nan                      nan                      nan 
4.893901e-04    6.723358e-04    nan            1.000000e+01         1.000000e+02         nan                 1.133635e+01         5.698000e+03         nan                 nan                                                    0.000000e+00    nan                                nan                 nan                       nan                      nan                      nan 
4.893901e-04    6.723358e-04    nan            1.000000e+02         1.000000e+03         nan                 1.133635e+01         5.698000e+03         nan                 nan                                                    0.000000e+00    nan                                nan                 nan                       nan                      nan                      nan 
4.893901e-04    6.723358e-04    nan            1.000000e+03         1.000000e+04         nan                 1.133635e+01         5.698000e+03         nan                 nan                                                    0.000000e+00    nan                                nan                 nan                       nan                      nan                      nan 
4.893901e-04    6.723358e-04    nan            1.000000e+04         1.000000e+05         nan                 1.133635e+01         5.698000e+03         nan                 nan                                                    0.000000e+00    nan                                nan                 nan                       nan                      nan                      nan 
6.723358e-04    9.236709e-04    7.946887e-04   4.000000e+00         1.000000e+01         4.785788e+00        1.133635e+01         5.698000e+03         4.045906e+03        3.000211e+00                                           3.339695e-04    1.827483e-02                       7.70699e-05         0.230769                  0.128205                 0.25641                  2.000360e+05 
6.723358e-04    9.236709e-04    nan            1.000000e+01         1.000000e+02         nan                 1.133635e+01         5.698000e+03         nan                 nan                                                    0.000000e+00    nan                                nan                 nan                       nan                      nan                      nan 
6.723358e-04    9.236709e-04    nan            1.000000e+02         1.000000e+03         nan                 1.133635e+01         5.698000e+03         nan                 nan                                                    0.000000e+00    nan                                nan                 nan                       nan                      nan                      nan 
6.723358e-04    9.236709e-04    nan            1.000000e+03         1.000000e+04         nan                 1.133635e+01         5.698000e+03         nan                 nan                                                    0.000000e+00    nan                                nan                 nan                       nan                      nan                      nan 
6.723358e-04    9.236709e-04    nan            1.000000e+04         1.000000e+05         nan                 1.133635e+01         5.698000e+03         nan                 nan                                                    0.000000e+00    nan                                nan                 nan                       nan                      nan                      nan 
9.236709e-04    1.268961e-03    1.125836e-03   4.000000e+00         1.000000e+01         5.398823e+00        1.133635e+01         5.698000e+03         3.373220e+03        2.079381e+00                                           1.390054e-03    3.728343e-02                       0.000144797         0.104167                  0.111111                 0.194444                 3.939050e+05 
9.236709e-04    1.268961e-03    nan            1.000000e+01         1.000000e+02         nan                 1.133635e+01         5.698000e+03         nan                 nan                                                    0.000000e+00    nan                                nan                 nan                       nan                      nan                      nan 
9.236709e-04    1.268961e-03    nan            1.000000e+02         1.000000e+03         nan                 1.133635e+01         5.698000e+03         nan                 nan                                                    0.000000e+00    nan                                nan                 nan                       nan                      nan                      nan 
9.236709e-04    1.268961e-03    nan            1.000000e+03         1.000000e+04         nan                 1.133635e+01         5.698000e+03         nan                 nan                                                    0.000000e+00    nan                                nan                 nan                       nan                      nan                      nan 
9.236709e-04    1.268961e-03    nan            1.000000e+04         1.000000e+05         nan                 1.133635e+01         5.698000e+03         nan                 nan                                                    0.000000e+00    nan                                nan                 nan                       nan                      nan                      nan 
1.268961e-03    1.743329e-03    1.541677e-03   4.000000e+00         1.000000e+01         5.866781e+00        1.133635e+01         5.698000e+03         2.680421e+03        1.419387e+00                                           3.956512e-03    6.290081e-02                       0.000659419         0.0111111                 0.258333                 0.152778                 5.597330e+05 
1.268961e-03    1.743329e-03    1.556062e-03   1.000000e+01         1.000000e+02         1.150900e+01        1.133635e+01         5.698000e+03         4.721120e+03        1.924882e+00                                           1.942675e-04    1.393799e-02                       6.47558e-05         0.125                     0.125                    0.375                    1.292400e+04 
1.268961e-03    1.743329e-03    nan            1.000000e+02         1.000000e+03         nan                 1.133635e+01         5.698000e+03         nan                 nan                                                    0.000000e+00    nan                                nan                 nan                       nan                      nan                      nan 
1.268961e-03    1.743329e-03    nan            1.000000e+03         1.000000e+04         nan                 1.133635e+01         5.698000e+03         nan                 nan                                                    0.000000e+00    nan                                nan                 nan                       nan                      nan                      nan 
1.268961e-03    1.743329e-03    nan            1.000000e+04         1.000000e+05         nan                 1.133635e+01         5.698000e+03         nan                 nan                                                    0.000000e+00    nan                                nan                 nan                       nan                      nan                      nan 
1.743329e-03    2.395027e-03    2.100065e-03   4.000000e+00         1.000000e+01         5.860966e+00        1.133635e+01         5.698000e+03         2.186015e+03        1.004844e+00                                           9.276283e-03    9.631346e-02                       0.000855848         0.0386905                 0.0496032                0.151786                 6.784680e+05 
1.743329e-03    2.395027e-03    2.181919e-03   1.000000e+01         1.000000e+02         1.246901e+01        1.133635e+01         5.698000e+03         3.730889e+03        1.306678e+00                                           1.244364e-03    3.527554e-02                       0.000149324         0.12                      0.18                     0.186667                 3.667900e+04 
1.743329e-03    2.395027e-03    nan            1.000000e+02         1.000000e+03         nan                 1.133635e+01         5.698000e+03         nan                 nan                                                    0.000000e+00    nan                                nan                 nan                       nan                      nan                      nan 
1.743329e-03    2.395027e-03    nan            1.000000e+03         1.000000e+04         nan                 1.133635e+01         5.698000e+03         nan                 nan                                                    0.000000e+00    nan                                nan                 nan                       nan                      nan                      nan 
1.743329e-03    2.395027e-03    nan            1.000000e+04         1.000000e+05         nan                 1.133635e+01         5.698000e+03         nan                 nan                                                    0.000000e+00    nan                                nan                 nan                       nan                      nan                      nan 
2.395027e-03    3.290345e-03    2.874841e-03   4.000000e+00         1.000000e+01         6.044921e+00        1.133635e+01         5.698000e+03         1.745511e+03        7.179225e-01                                           1.960953e-02    1.400340e-01                       0.000343551         0.0207469                 0.0871369                0.148456                 7.655970e+05 
2.395027e-03    3.290345e-03    2.956291e-03   1.000000e+01         1.000000e+02         1.360877e+01        1.133635e+01         5.698000e+03         3.134830e+03        9.599709e-01                                           5.010821e-03    7.078715e-02                       0.00118019          0.0359281                 0.241517                 0.115768                 7.575800e+04 
2.395027e-03    3.290345e-03    nan            1.000000e+02         1.000000e+03         nan                 1.133635e+01         5.698000e+03         nan                 nan                                                    0.000000e+00    nan                                nan                 nan                       nan                      nan                      nan 
2.395027e-03    3.290345e-03    nan            1.000000e+03         1.000000e+04         nan                 1.133635e+01         5.698000e+03         nan                 nan                                                    0.000000e+00    nan                                nan                 nan                       nan                      nan                      nan 
2.395027e-03    3.290345e-03    nan            1.000000e+04         1.000000e+05         nan                 1.133635e+01         5.698000e+03         nan                 nan                                                    0.000000e+00    nan                                nan                 nan                       nan                      nan                      nan 
3.290345e-03    4.520354e-03    3.936566e-03   4.000000e+00         1.000000e+01         6.155144e+00        1.133635e+01         5.698000e+03         1.414266e+03        5.032814e-01                                           3.882602e-02    1.970432e-01                       0.000987472         0.0297097                 0.0418636                0.133468                 8.295560e+05 
3.290345e-03    4.520354e-03    3.961946e-03   1.000000e+01         1.000000e+02         1.505970e+01        1.133635e+01         5.698000e+03         2.761357e+03        7.003731e-01                                           1.430091e-02    1.195864e-01                       0.00128002          0.0197531                 0.0222222                0.0314815                1.330410e+05 
3.290345e-03    4.520354e-03    nan            1.000000e+02         1.000000e+03         nan                 1.133635e+01         5.698000e+03         nan                 nan                                                    0.000000e+00    nan                                nan                 nan                       nan                      nan                      nan 
3.290345e-03    4.520354e-03    nan            1.000000e+03         1.000000e+04         nan                 1.133635e+01         5.698000e+03         nan                 nan                                                    0.000000e+00    nan                                nan                 nan                       nan                      nan                      nan 
3.290345e-03    4.520354e-03    nan            1.000000e+04         1.000000e+05         nan                 1.133635e+01         5.698000e+03         nan                 nan                                                    0.000000e+00    nan                                nan                 nan                       nan                      nan                      nan 
4.520354e-03    6.210169e-03    5.407956e-03   4.000000e+00         1.000000e+01         6.245174e+00        1.133635e+01         5.698000e+03         1.113113e+03        3.400924e-01                                           6.958832e-02    2.637960e-01                       0.000368053         0.0143559                 0.0646014                0.135751                 8.753900e+05 
4.520354e-03    6.210169e-03    5.458741e-03   1.000000e+01         1.000000e+02         1.666691e+01        1.133635e+01         5.698000e+03         2.325533e+03        4.755374e-01                                           3.489912e-02    1.868131e-01                       0.00339108          0.0106521                 0.0782021                0.035074                 2.156670e+05 
4.520354e-03    6.210169e-03    nan            1.000000e+02         1.000000e+03         nan                 1.133635e+01         5.698000e+03         nan                 nan                                                    0.000000e+00    nan                                nan                 nan                       nan                      nan                      nan 
4.520354e-03    6.210169e-03    nan            1.000000e+03         1.000000e+04         nan                 1.133635e+01         5.698000e+03         nan                 nan                                                    0.000000e+00    nan                                nan                 nan                       nan                      nan                      nan 
4.520354e-03    6.210169e-03    nan            1.000000e+04         1.000000e+05         nan                 1.133635e+01         5.698000e+03         nan                 nan                                                    0.000000e+00    nan                                nan                 nan                       nan                      nan                      nan 
6.210169e-03    8.531679e-03    7.404377e-03   4.000000e+00         1.000000e+01         6.424338e+00        1.133635e+01         5.698000e+03         9.005478e+02        2.288301e-01                                           1.150268e-01    3.391560e-01                       0.00397771          0.00836886                0.0768988                0.0958471                9.082590e+05 
6.210169e-03    8.531679e-03    7.478935e-03   1.000000e+01         1.000000e+02         1.834055e+01        1.133635e+01         5.698000e+03         1.971980e+03        3.198633e-01                                           7.754926e-02    2.784767e-01                       0.00909926          0.00662571                0.0880617                0.0251777                3.308870e+05 
6.210169e-03    8.531679e-03    nan            1.000000e+02         1.000000e+03         nan                 1.133635e+01         5.698000e+03         nan                 nan                                                    0.000000e+00    nan                                nan                 nan                       nan                      nan                      nan 
6.210169e-03    8.531679e-03    nan            1.000000e+03         1.000000e+04         nan                 1.133635e+01         5.698000e+03         nan                 nan                                                    0.000000e+00    nan                                nan                 nan                       nan                      nan                      nan 
6.210169e-03    8.531679e-03    nan            1.000000e+04         1.000000e+05         nan                 1.133635e+01         5.698000e+03         nan                 nan                                                    0.000000e+00    nan                                nan                 nan                       nan                      nan                      nan 
8.531679e-03    1.172102e-02    1.013220e-02   4.000000e+00         1.000000e+01         6.475298e+00        1.133635e+01         5.698000e+03         7.370447e+02        1.511710e-01                                           1.757559e-01    4.192325e-01                       0.00195314          0.0072912                 0.0485242                0.0941318                9.329170e+05 
8.531679e-03    1.172102e-02    1.021445e-02   1.000000e+01         1.000000e+02         2.045631e+01        1.133635e+01         5.698000e+03         1.642998e+03        2.091106e-01                                           1.565201e-01    3.956263e-01                       0.0123719           0.00381993                0.0632346                0.00975552               4.847960e+05 
8.531679e-03    1.172102e-02    1.123175e-02   1.000000e+02         1.000000e+03         1.107862e+02        1.133635e+01         5.698000e+03         5.338548e+03        2.227377e-01                                           2.500964e-05    5.000964e-03                       6.66924e-05         0.0                       0.666667                 2.66667                  7.160000e+02 
8.531679e-03    1.172102e-02    nan            1.000000e+03         1.000000e+04         nan                 1.133635e+01         5.698000e+03         nan                 nan                                                    0.000000e+00    nan                                nan                 nan                       nan                      nan                      nan 
8.531679e-03    1.172102e-02    nan            1.000000e+04         1.000000e+05         nan                 1.133635e+01         5.698000e+03         nan                 nan                                                    0.000000e+00    nan                                nan                 nan                       nan                      nan                      nan 
1.172102e-02    1.610262e-02    1.389015e-02   4.000000e+00         1.000000e+01         6.561835e+00        1.133635e+01         5.698000e+03         5.939460e+02        1.035279e-01                                           2.482953e-01    4.982924e-01                       0.00435466          0.0118704                 0.0413859                0.0899369                9.509850e+05 
1.172102e-02    1.610262e-02    1.400181e-02   1.000000e+01         1.000000e+02         2.270456e+01        1.133635e+01         5.698000e+03         1.403443e+03        1.430927e-01                                           2.870299e-01    5.357517e-01                       0.0148274           0.00180866                0.0646993                0.0174203                6.246030e+05 
1.172102e-02    1.610262e-02    1.465541e-02   1.000000e+02         1.000000e+03         1.121060e+02        1.133635e+01         5.698000e+03         4.678570e+03        1.516130e-01                                           8.693374e-04    2.948453e-02                       0.00118431          0.130435                  0.376812                 0.942029                 8.857000e+03 
1.172102e-02    1.610262e-02    nan            1.000000e+03         1.000000e+04         nan                 1.133635e+01         5.698000e+03         nan                 nan                                                    0.000000e+00    nan                                nan                 nan                       nan                      nan                      nan 
1.172102e-02    1.610262e-02    nan            1.000000e+04         1.000000e+05         nan                 1.133635e+01         5.698000e+03         nan                 nan                                                    0.000000e+00    nan                                nan                 nan                       nan                      nan                      nan 
1.610262e-02    2.212216e-02    1.902382e-02   4.000000e+00         1.000000e+01         6.667622e+00        1.133635e+01         5.698000e+03         4.994905e+02        7.040600e-02                                           3.254578e-01    5.704891e-01                       0.00784052          0.00594697                0.0279728                0.0701798                9.639130e+05 
1.610262e-02    2.212216e-02    1.916379e-02   1.000000e+01         1.000000e+02         2.518020e+01        1.133635e+01         5.698000e+03         1.204902e+03        9.741678e-02                                           4.934582e-01    7.024658e-01                       0.011918            0.00152442                0.0471284                0.0289823                7.266120e+05 
1.610262e-02    2.212216e-02    1.976516e-02   1.000000e+02         1.000000e+03         1.205034e+02        1.133635e+01         5.698000e+03         3.918017e+03        1.048361e-01                                           5.802368e-03    7.617328e-02                       0.00167801          0.0197869                 0.0152207                0.330289                 2.944500e+04 
1.610262e-02    2.212216e-02    nan            1.000000e+03         1.000000e+04         nan                 1.133635e+01         5.698000e+03         nan                 nan                                                    0.000000e+00    nan                                nan                 nan                       nan                      nan                      nan 
1.610262e-02    2.212216e-02    nan            1.000000e+04         1.000000e+05         nan                 1.133635e+01         5.698000e+03         nan                 nan                                                    0.000000e+00    nan                                nan                 nan                       nan                      nan                      nan 
2.212216e-02    3.039195e-02    2.614144e-02   4.000000e+00         1.000000e+01         6.745001e+00        1.133635e+01         5.698000e+03         4.261242e+02        4.600472e-02                                           3.979283e-01    6.308156e-01                       0.0136425           0.00756859                0.00421228               0.0670811                9.735560e+05 
2.212216e-02    3.039195e-02    2.632561e-02   1.000000e+01         1.000000e+02         2.739463e+01        1.133635e+01         5.698000e+03         1.001971e+03        6.319650e-02                                           7.901970e-01    8.889303e-01                       0.0111797           0.000810086               0.0191568                0.0383137                8.008820e+05 
2.212216e-02    3.039195e-02    2.677004e-02   1.000000e+02         1.000000e+03         1.300892e+02        1.133635e+01         5.698000e+03         3.239848e+03        6.827932e-02                                           2.415222e-02    1.554098e-01                       0.00359441          0.00759301                0.0110099                0.120729                 6.455200e+04 
2.212216e-02    3.039195e-02    nan            1.000000e+03         1.000000e+04         nan                 1.133635e+01         5.698000e+03         nan                 nan                                                    0.000000e+00    nan                                nan                 nan                       nan                      nan                      nan 
2.212216e-02    3.039195e-02    nan            1.000000e+04         1.000000e+05         nan                 1.133635e+01         5.698000e+03         nan                 nan                                                    0.000000e+00    nan                                nan                 nan                       nan                      nan                      nan 
3.039195e-02    4.175319e-02    3.595994e-02   4.000000e+00         1.000000e+01         6.812961e+00        1.133635e+01         5.698000e+03         3.608404e+02        2.896757e-02                                           4.496181e-01    6.705357e-01                       0.0179652           0.00753006                0.0214469                0.0427952                9.801210e+05 
3.039195e-02    4.175319e-02    3.615681e-02   1.000000e+01         1.000000e+02         3.000626e+01        1.133635e+01         5.698000e+03         8.476095e+02        3.982178e-02                                           1.142327e+00    1.068797e+00                       0.024407            0.000896749               0.0137709                0.037874                 8.543670e+05 
3.039195e-02    4.175319e-02    3.660115e-02   1.000000e+02         1.000000e+03         1.429878e+02        1.133635e+01         5.698000e+03         2.779879e+03        4.248330e-02                                           6.517215e-02    2.552884e-01                       0.00387189          0.00433651                0.0156114                0.0589766                1.167480e+05 
3.039195e-02    4.175319e-02    nan            1.000000e+03         1.000000e+04         nan                 1.133635e+01         5.698000e+03         nan                 nan                                                    0.000000e+00    nan                                nan                 nan                       nan                      nan                      nan 
3.039195e-02    4.175319e-02    nan            1.000000e+04         1.000000e+05         nan                 1.133635e+01         5.698000e+03         nan                 nan                                                    0.000000e+00    nan                                nan                 nan                       nan                      nan                      nan 
4.175319e-02    5.736153e-02    4.929090e-02   4.000000e+00         1.000000e+01         6.836047e+00        1.133635e+01         5.698000e+03         3.104476e+02        1.785814e-02                                           4.898037e-01    6.998598e-01                       0.0187054           0.00466355                0.0204168                0.0181585                9.850570e+05 
4.175319e-02    5.736153e-02    4.957301e-02   1.000000e+01         1.000000e+02         3.291247e+01        1.133635e+01         5.698000e+03         7.188354e+02        2.430892e-02                                           1.573506e+00    1.254395e+00                       0.0547223           0.000732214               0.00567608               0.0378992                8.934930e+05 
4.175319e-02    5.736153e-02    5.014892e-02   1.000000e+02         1.000000e+03         1.579565e+02        1.133635e+01         5.698000e+03         2.359631e+03        2.526319e-02                                           1.413904e-01    3.760191e-01                       0.00788154          0.00251572                0.0106587                0.0629593                1.914430e+05 
4.175319e-02    5.736153e-02    nan            1.000000e+03         1.000000e+04         nan                 1.133635e+01         5.698000e+03         nan                 nan                                                    0.000000e+00    nan                                nan                 nan                       nan                      nan                      nan 
4.175319e-02    5.736153e-02    nan            1.000000e+04         1.000000e+05         nan                 1.133635e+01         5.698000e+03         nan                 nan                                                    0.000000e+00    nan                                nan                 nan                       nan                      nan                      nan 
5.736153e-02    7.880463e-02    6.756838e-02   4.000000e+00         1.000000e+01         6.856427e+00        1.133635e+01         5.698000e+03         2.712805e+02        1.108471e-02                                           5.149574e-01    7.176053e-01                       0.0353121           0.0040084                 0.0726672                0.0201624                9.886940e+05 
5.736153e-02    7.880463e-02    6.787103e-02   1.000000e+01         1.000000e+02         3.545799e+01        1.133635e+01         5.698000e+03         6.078728e+02        1.450312e-02                                           2.008757e+00    1.417306e+00                       0.077674            0.00136129                0.00158372               0.0296458                9.220310e+05 
5.736153e-02    7.880463e-02    6.865508e-02   1.000000e+02         1.000000e+03         1.709141e+02        1.133635e+01         5.698000e+03         1.960250e+03        1.450320e-02                                           2.846775e-01    5.335517e-01                       0.00677468          0.00161732                0.00993498               0.0329406                2.974070e+05 
5.736153e-02    7.880463e-02    nan            1.000000e+03         1.000000e+04         nan                 1.133635e+01         5.698000e+03         nan                 nan                                                    0.000000e+00    nan                                nan                 nan                       nan                      nan                      nan 
5.736153e-02    7.880463e-02    nan            1.000000e+04         1.000000e+05         nan                 1.133635e+01         5.698000e+03         nan                 nan                                                    0.000000e+00    nan                                nan                 nan                       nan                      nan                      nan 
7.880463e-02    1.082637e-01    9.269869e-02   4.000000e+00         1.000000e+01         6.913987e+00        1.133635e+01         5.698000e+03         2.482856e+02        7.497416e-03                                           5.317578e-01    7.292173e-01                       0.0731157           0.00535663                0.122851                 0.0372454                9.912050e+05 
7.880463e-02    1.082637e-01    9.294250e-02   1.000000e+01         1.000000e+02         3.804551e+01        1.133635e+01         5.698000e+03         5.198025e+02        9.383636e-03                                           2.474869e+00    1.573172e+00                       0.16069             0.000899773               0.0342567                0.0280054                9.431850e+05 
7.880463e-02    1.082637e-01    9.384210e-02   1.000000e+02         1.000000e+03         1.868194e+02        1.133635e+01         5.698000e+03         1.621112e+03        8.954812e-03                                           5.263440e-01    7.254957e-01                       0.0173196           0.00172906                0.0236898                0.00336898               4.462120e+05 
7.880463e-02    1.082637e-01    1.064424e-01   1.000000e+03         1.000000e+04         1.061432e+03        1.133635e+01         5.698000e+03         5.347409e+03        5.347155e-03                                           8.705628e-06    2.950530e-03                       5.80375e-06         0.0                       0.666667                 1.66667                  2.020000e+02 
7.880463e-02    1.082637e-01    nan            1.000000e+04         1.000000e+05         nan                 1.133635e+01         5.698000e+03         nan                 nan                                                    0.000000e+00    nan                                nan                 nan                       nan                      nan                      nan 
1.082637e-01    1.487352e-01    1.261051e-01   4.000000e+00         1.000000e+01         7.308000e+00        1.133635e+01         5.698000e+03         2.244344e+02        4.966756e-03                                           4.584236e-01    6.770699e-01                       0.103939            0.00102839                0.166502                 0.110755                 8.571220e+05 
1.082637e-01    1.487352e-01    1.277255e-01   1.000000e+01         1.000000e+02         4.023963e+01        1.133635e+01         5.698000e+03         4.421461e+02        5.786702e-03                                           2.865559e+00    1.692796e+00                       0.339304            0.000290261               0.0864853                0.0368909                9.579000e+05 
1.082637e-01    1.487352e-01    1.287496e-01   1.000000e+02         1.000000e+03         2.037831e+02        1.133635e+01         5.698000e+03         1.347086e+03        5.311188e-03                                           8.560962e-01    9.252547e-01                       0.0706082           0.00067228                0.0679536                0.0111833                5.930560e+05 
1.082637e-01    1.487352e-01    1.352479e-01   1.000000e+03         1.000000e+04         1.121993e+03        1.133635e+01         5.698000e+03         4.833623e+03        3.561290e-03                                           9.443964e-04    3.073103e-02                       0.000510485         0.018018                  0.198198                 0.765766                 5.906000e+03 
1.082637e-01    1.487352e-01    nan            1.000000e+04         1.000000e+05         nan                 1.133635e+01         5.698000e+03         nan                 nan                                                    0.000000e+00    nan                                nan                 nan                       nan                      nan                      nan 
1.487352e-01    2.043360e-01    1.718181e-01   4.000000e+00         1.000000e+01         8.212581e+00        1.133635e+01         5.698000e+03         2.159642e+02        3.099291e-03                                           2.748011e-01    5.242148e-01                       0.0827197           0.000977326               0.181555                 0.180447                 5.588870e+05 
1.487352e-01    2.043360e-01    1.753047e-01   1.000000e+01         1.000000e+02         4.238954e+01        1.133635e+01         5.698000e+03         3.823410e+02        3.412288e-03                                           3.114597e+00    1.764822e+00                       0.4995              0.000242091               0.130891                 0.0390429                9.693740e+05 
1.487352e-01    2.043360e-01    1.770291e-01   1.000000e+02         1.000000e+03         2.213050e+02        1.133635e+01         5.698000e+03         1.122643e+03        2.969089e-03                                           1.288496e+00    1.135120e+00                       0.170922            0.000551128               0.108155                 0.0332938                7.038230e+05 
1.487352e-01    2.043360e-01    1.823143e-01   1.000000e+03         1.000000e+04         1.184497e+03        1.133635e+01         5.698000e+03         4.128384e+03        2.032143e-03                                           6.541500e-03    8.087954e-02                       0.0020254           0.0041841                 0.0948396                0.456067                 2.315600e+04 
1.487352e-01    2.043360e-01    nan            1.000000e+04         1.000000e+05         nan                 1.133635e+01         5.698000e+03         nan                 nan                                                    0.000000e+00    nan                                nan                 nan                       nan                      nan                      nan 
2.043360e-01    2.807216e-01    2.239709e-01   4.000000e+00         1.000000e+01         9.207120e+00        1.133635e+01         5.698000e+03         1.957473e+02        1.824803e-03                                           6.627383e-02    2.574370e-01                       0.0267247           0.00523697                0.192721                 0.267478                 1.573610e+05 
2.043360e-01    2.807216e-01    2.402581e-01   1.000000e+01         1.000000e+02         4.423111e+01        1.133635e+01         5.698000e+03         3.352993e+02        1.847132e-03                                           2.936550e+00    1.713637e+00                       0.538238            0.000413629               0.162918                 0.0356147                9.762260e+05 
2.043360e-01    2.807216e-01    2.420529e-01   1.000000e+02         1.000000e+03         2.404322e+02        1.133635e+01         5.698000e+03         9.431523e+02        1.520741e-03                                           1.629890e+00    1.276671e+00                       0.262223            0.000383696               0.12531                  0.042974                 7.842150e+05 
2.043360e-01    2.807216e-01    2.483005e-01   1.000000e+03         1.000000e+04         1.263295e+03        1.133635e+01         5.698000e+03         3.309277e+03        1.001737e-03                                           2.313745e-02    1.521100e-01                       0.0018872           0.0054099                 0.0890553                0.191844                 5.402200e+04 
2.043360e-01    2.807216e-01    nan            1.000000e+04         1.000000e+05         nan                 1.133635e+01         5.698000e+03         nan                 nan                                                    0.000000e+00    nan                                nan                 nan                       nan                      nan                      nan 
2.807216e-01    3.856620e-01    nan            4.000000e+00         1.000000e+01         nan                 1.133635e+01         5.698000e+03         nan                 nan                                                    0.000000e+00    nan                                nan                 nan                       nan                      nan                      nan 
2.807216e-01    3.856620e-01    3.274735e-01   1.000000e+01         1.000000e+02         4.732796e+01        1.133635e+01         5.698000e+03         3.046114e+02        8.516772e-04                                           2.245513e+00    1.498504e+00                       0.390919            0.000262098               0.162795                 0.0115601                9.549170e+05 
2.807216e-01    3.856620e-01    3.304878e-01   1.000000e+02         1.000000e+03         2.587264e+02        1.133635e+01         5.698000e+03         8.057741e+02        6.569204e-04                                           1.682420e+00    1.297081e+00                       0.246149            0.000447063               0.0995726                0.0383516                8.413900e+05 
2.807216e-01    3.856620e-01    3.366238e-01   1.000000e+03         1.000000e+04         1.358021e+03        1.133635e+01         5.698000e+03         2.819811e+03        4.156508e-04                                           4.626402e-02    2.150907e-01                       0.00201425          0.00216706                0.0888495                0.0535855                1.012010e+05 
2.807216e-01    3.856620e-01    nan            1.000000e+04         1.000000e+05         nan                 1.133635e+01         5.698000e+03         nan                 nan                                                    0.000000e+00    nan                                nan                 nan                       nan                      nan                      nan 
3.856620e-01    5.298317e-01    nan            4.000000e+00         1.000000e+01         nan                 1.133635e+01         5.698000e+03         nan                 nan                                                    0.000000e+00    nan                                nan                 nan                       nan                      nan                      nan 
3.856620e-01    5.298317e-01    4.449616e-01   1.000000e+01         1.000000e+02         5.088470e+01        1.133635e+01         5.698000e+03         2.850787e+02        4.033917e-04                                           1.437819e+00    1.199091e+00                       0.2451              0.000902823               0.177565                 0.0176669                9.066960e+05 
3.856620e-01    5.298317e-01    4.482676e-01   1.000000e+02         1.000000e+03         2.826445e+02        1.133635e+01         5.698000e+03         7.030880e+02        2.878227e-04                                           1.451128e+00    1.204628e+00                       0.214244            0.000435081               0.108691                 0.0657585                8.824440e+05 
3.856620e-01    5.298317e-01    4.516701e-01   1.000000e+03         1.000000e+04         1.459007e+03        1.133635e+01         5.698000e+03         2.426559e+03        1.700476e-04                                           6.370071e-02    2.523900e-01                       0.00303466          0.0039818                 0.085182                 0.0282992                1.696210e+05 
3.856620e-01    5.298317e-01    nan            1.000000e+04         1.000000e+05         nan                 1.133635e+01         5.698000e+03         nan                 nan                                                    0.000000e+00    nan                                nan                 nan                       nan                      nan                      nan 
5.298317e-01    7.278954e-01    nan            4.000000e+00         1.000000e+01         nan                 1.133635e+01         5.698000e+03         nan                 nan                                                    0.000000e+00    nan                                nan                 nan                       nan                      nan                      nan 
5.298317e-01    7.278954e-01    5.994324e-01   1.000000e+01         1.000000e+02         5.583437e+01        1.133635e+01         5.698000e+03         2.724957e+02        1.307528e-04                                           5.527967e-01    7.435030e-01                       0.0948457           0.000926287               0.0942213                0.151261                 8.374620e+05 
5.298317e-01    7.278954e-01    6.024499e-01   1.000000e+02         1.000000e+03         2.971443e+02        1.133635e+01         5.698000e+03         6.083128e+02        8.290628e-05                                           7.143957e-01    8.452193e-01                       0.13698             0.000311655               0.22039                  0.0199584                9.116110e+05 
5.298317e-01    7.278954e-01    6.059804e-01   1.000000e+03         1.000000e+04         1.540440e+03        1.133635e+01         5.698000e+03         2.037508e+03        4.388668e-05                                           4.530496e-02    2.128496e-01                       0.0164085           0.00277778                0.387393                 0.0692308                2.655940e+05 
5.298317e-01    7.278954e-01    nan            1.000000e+04         1.000000e+05         nan                 1.133635e+01         5.698000e+03         nan                 nan                                                    0.000000e+00    nan                                nan                 nan                       nan                      nan                      nan 
7.278954e-01    1.000000e+00    nan            4.000000e+00         1.000000e+01         nan                 1.133635e+01         5.698000e+03         nan                 nan                                                    0.000000e+00    nan                                nan                 nan                       nan                      nan                      nan 
7.278954e-01    1.000000e+00    7.782549e-01   1.000000e+01         1.000000e+02         6.020480e+01        1.133635e+01         5.698000e+03         2.650286e+02        1.321941e-05                                           4.482222e-02    2.117126e-01                       0.206729            0.00346797                3.64708                  2.54162                  6.191340e+05 
7.278954e-01    1.000000e+00    7.788737e-01   1.000000e+02         1.000000e+03         3.038486e+02        1.133635e+01         5.698000e+03         5.457138e+02        6.986418e-06                                           6.715628e-02    2.591453e-01                       0.36961             0.00213163                5.21156                  1.39582                  9.040350e+05 
7.278954e-01    1.000000e+00    7.807733e-01   1.000000e+03         1.000000e+04         1.698912e+03        1.133635e+01         5.698000e+03         1.770456e+03        2.999036e-06                                           5.410213e-03    7.355415e-02                       0.0392069           0.0147679                 8.04008                  0.278481                 3.959080e+05 
7.278954e-01    1.000000e+00    nan            1.000000e+04         1.000000e+05         nan                 1.133635e+01         5.698000e+03         nan                 nan                                                    0.000000e+00    nan                                nan                 nan                       nan                      nan                      nan 
